0: 
1: 1142,1589,1947,622,71,1629
2: 188,987,1597,774,1848,338,1308
3: 
4: 
5: 
6: 613,596
7: 350,1061,742,942,635,766
8: 
9: 
10: 271,1925,1036,1939,1743,1314,503,365
11: 317,527,1417,920,1657,724,379,670,816
12: 1569,1794,1602,783,1203,533,1610,1856,38,168,688
13: 1295,511,925,820,387,973
14: 1290,1626,1728,126,494,1635,1464
15: 1072,1514,1294,33,1515,1944,1338
16: 426,580,1354,648,1016,609,1035,1989
17: 1831,618,857,860,1191,1002,1827,915,1521,292,673
18: 1988,1051,1109,1120,1751,821,1415,1745
19: 282,619,419,449,482,524,998,946,904
20: 1714,1019,1101,1400,572,660,934,442
21: 1978,893,403,1531,361
22: 58,1676,1634,1696,1781,662,26,1421,302
23: 1940,1701,719,876,1118,1271,1930,1317
24: 111,843,1878,1876,1249,1410,992,898,1885
25: 1542,536,1058,105,440,1004,463,1126
26: 147,696,806,1134,1449,1781,662,22,302
27: 727,784,935,624,1027
28: 160,1346,1401,220,905,1709,1537,1125
29: 495,1137,1181,1778,1172,637
30: 1132,94,312,794,1511,324
31: 1976,582,917,707,1872,138,912,650,1413
32: 882,1052,1933,1432,40,605,982
33: 818,1468,1515,15,633,1338
34: 1703,1760,647,933,1473
35: 1574,519,1297,97,1034,723
36: 1456,919,375
37: 634,1787,1351,1742
38: 168,523,688,713,1580,533,12,1031,1569,1460
39: 539,622,1600,1644,143,718,1170
40: 605,982,1727,1613,1711,32,1432,1412
41: 1817,1863,686,1902,1144,1994,320,578
42: 337,1896,1286,1770,1528,1305,1336,1372,1409
43: 467,1538,1956,63,370,1806,775
44: 2002,1615,1575,489,1825,1567,130,672
45: 115,1630,1684,1535,1439,1064,1789
46: 208,1877,1666,1331,1411,1260,165
47: 67,1402,939,1862,478,238,319,1128,1278
48: 264,2009,737,1035,1426,747,790,1016
49: 414,793,969,157,1462,80,1427
50: 151,1617,490,1141,1767,1033,1118,1526,1431,2019
51: 567,667,1608,628,1251,722,940
52: 280,1962,450,1886,1789,276,192,1371,872,1359
53: 641,838,1020,601,258
54: 123,176,372,1763,1320,1591,839
55: 113,191,481,1917,1498,669,1221,1606,393
56: 1279,1405,1813,1960,808,401,695
57: 721,1784,913,1165,1206,2004,414,793
58: 1240,1676,1634,1797,22,1781,1421,1478,302
59: 117,576,992,851,510,898,1885,760,951
60: 283,1852,1029,1454,630,1765
61: 229,1148,1370,1446,1756,895,1921,446,197
62: 1880,977,384,1925,1876,1133
63: 43,1538,1956,1491,1651,370,1556,1404,775
64: 1253,1609,1272,1313,1309,210,716,1790,1261
65: 532,1873,1828,656,1335,1391
66: 216,1050,1616,805,930,427,1368,1038,1966,396
67: 47,1402,939,1862,169,238,1774,759,995
68: 1831,196,618,1695,857,781,200,645,981,1192,2018,1363,1893
69: 247,290,629,671,1645,1711,148,474,1412,1692,1105
70: 1189,1853,201,475,1389,1137,1172,637
71: 190,1518,1629,1644,1,622
72: 1620,1128,939,1862,787
73: 165,1021,1009,910,1252,1331,1382,1907
74: 691,1700,216,739,805,1985,1157,1380
75: 424,1282,1339,1587,1457,1565,240,874,245,1857,1048,589
76: 429,1973,1590,546,1316,721,1165,1206
77: 963,1210,183,1216,587
78: 268,1319,1161,771,1638,877,1229,1541
79: 259,542,1012,867,378,1093,1342,1788
80: 534,827,961,1427,49,969,1087,574
81: 139,1768,1523,728,1611,1621,881
82: 540,1794,136,2006,783,1203,159,127
83: 472,606,1332,1687,1265,1772,1349,1392,558
84: 1535,121,1439,1217,1343,1675,725
85: 818,1468,1515,1147,1919,626,404
86: 107,1202,1280,1452,842,372,1361
87: 714,837,1235,1937,1315,791,1365,1540
88: 1237,1278,1694,786,1073,2016,1428
89: 115,1684,316,836,450,291
90: 1493,198,1368,1966,396,1244,677,701,1922,1525
91: 711,832,1292,1296,740,1989,1037
92: 686,1968,1044,1059,1572,1811,1902,884,1144,578
93: 1487,470,921,1717,551,1154,1652
94: 312,30,1793,1511,1832,1329,324
95: 485,1180,314,415,1669,1283,2001,1732,964
96: 907,1464,1509,310,458,1523,881
97: 1034,1195,1553,1764,723,35,1030
98: 250,1502,853,528,1682,208,1666,1252,1360,1411
99: 297,366,552,595,331,1164,1355,323,1113
100: 208,1548,676,1877,1731,1682,694,1324,825,1666
101: 621,768,1008,272,1298,1954,1776,733,389
102: 329,343,1222,1891,847,1406,1499,1858
103: 618,857,880,1227,1191,1827,243,122
104: 1895,286,835,896,1387,106,274,2021,1046,1749,1680,779
105: 1259,1533,440,1004,477,25,422
106: 970,1982,274,104,1895,286,1387,1680,1006
107: 86,1280,455,935,376,1234,1027,842
108: 119,2017,709,389,272,1195,1374,1656
109: 306,316,583,1946,836,1470,1520,291,1972,705
110: 464,497,543,1323,952,1121,1854,547,770
111: 24,843,212,1440,564,817,1232,1410
112: 351,385,873,948,309,593,931
113: 55,481,1917,669,393,1268
114: 246,1741,1545,149,345,645,1192,2018,1469
115: 45,89,1884,1630,1055,1684,316,836
116: 1926,397,1610,1856,517,1048,424,1339,1457,1602,720
117: 59,576,1410,992,133,1782,1232
118: 218,1056,1287,1662,1070
119: 1888,2017,709,1416,108,389,1374
120: 499,1901,1489,1377,789,1146,903
121: 84,1535,717,1675,444,975,923
122: 149,243,1369,1883,880,196,857,103
123: 54,176,372,1763,1230,1361,1508,1320
124: 849,1839,462,1804,1671,1785
125: 1882,1979,1571,295,411,254,772
126: 14,1728,494,748,1464,1509,458
127: 159,926,1996,972,136,2006,82
128: 548,1107,826,1116,211,303,231,1828
129: 541,1934,997,1564,1758,1176,1563
130: 1116,1567,211,44,1615,1575,826
131: 780,1472,1340,1357,1129,380,846,434,1660
132: 475,1826,1077,1389,164,975,1066,1067
133: 117,576,1782,425,420,699,951
134: 341,1725,1470,1568,1981,1585,1946
135: 361,1909,342,403,1025,1531,1318
136: 1817,972,2006,783,1422,127,82
137: 528,1731,1150,1682,694,1888,1416,853
138: 184,763,1872,707,1737,556,325,912,31
139: 870,388,1768,1326,1523,81,1494,508
140: 746,602,1171,170,1833,1824
141: 371,1636,1820,1940,562,719,876,1271,195,955
142: 441,501,611,1932,1890,595,588,297
143: 644,960,718,39,1644,529,1170
144: 1144,1463,1730,1994,392,1289,1552,1356
145: 809,1017,1288,1382,910,729,1907,1750
146: 1177,1207,1909,1115,350,1486,942
147: 26,696,806,1134,2000,649,302
148: 1821,1269,1163,557,221,1623,69,1645,474,1692
149: 243,122,1369,196,114,1741,991,1192,2018
150: 1149,1648,318,840,1746,194,690,223
151: 1030,1617,50,225,1141,1297,1767,723
152: 175,693,1359,994,802,192,1104,985,1964
153: 289,399,407,1496,1495,1242,769,1679,482,524,998,946
154: 1975,1486,742,957,347,766,415
155: 1302,1998,1082,1198,1447,1941,616,328
156: 468,1483,512,1100,1111,169,515,1815
157: 49,414,1539,703,1816,961,1427
158: 1864,568,1483,1100,1209,883,1385
159: 926,127,1996,540,1287,82
160: 28,1346,1686,1401,1646,220,1799
161: 638,1103,1769,1667,585,1390,1074
162: 697,1403,206,1186,339,405
163: 448,1080,1670,333,1554,1429,1905,1075
164: 444,975,454,1067,132,1826
165: 1021,73,800,46,1331,1293,1260
166: 241,269,700,731,1321,773,572,660,934,1375,1916
167: 621,866,1008,797,236,325,460,912,1566
168: 38,523,688,1580,397,533,1610,1856,12,1569,903
169: 238,1992,515,1815,1774,156,1111,67,759
170: 754,1824,796,1557,140
171: 421,1143,1653,257,1704,1591,839,1763,1337
172: 1690,577,722,967,1691,940,1608
173: 240,904,433,996,544,282,449,1977,1565
174: 288,726,305,2012,1197,680,1208,1094,550
175: 152,332,693,1359,994,834,802,192
176: 54,123,1763,1230,1508,839,428,1942
177: 188,1969,413,1597,774,1724,1547,947,390
178: 249,1330,1510,1624,1796,368,252,1081,180
179: 225,1297,1139,1435,368,2003,252,1987,180,398
180: 1479,1574,398,178,1796,368,179
181: 1740,1343,1329,1675,923
182: 226,262,326,1494,639,889,811,1326
183: 1210,376,624,1234,1027,1216,77
184: 752,763,1777,1872,138,1510,1624,1796,582,1084,1479
185: 1753,1964,549,769,1679,693,994,1496
186: 1047,1816,1301,1930,1256,719,1032,1820
187: 999,506,1526,1431,490,1614,1601
188: 2,177,987,1597,774,1089,1547,338
189: 362,973,1425,516,1908,925
190: 71,1518,1629,1644,431,1633,1170,1712,2014
191: 55,1917,1498,1606,393,2008,1560,1114
192: 1104,1371,872,985,52,1886,152,175,1359
193: 356,1736,1766,1424,1345,466,1650,1678,694
194: 1746,690,223,1357,150,1648,249,1330,1755
195: 506,1526,1431,562,876,1033,1271,141,501,955
196: 1831,618,1695,68,857,149,122,645,1192,2018,1363
197: 1207,1801,573,61,1148,1370,1446,255,1188
198: 1493,90,1368,1380,1038,805,1017,1966,677
199: 1904,1152,1277,777,447,944,886,1204
200: 981,1192,1363,1831,68,920,781,527,1893
201: 475,1077,1389,1805,70,1189,1053
202: 604,1500,1656,1553,1764,409,1818,1506
203: 435,1840,1414,1549,412,1290
204: 382,919,346,1549,1290,1626
205: 776,1706,978,300,432
206: 900,1186,1961,905,162,405,1537
207: 1922,617,948,755,949,1193,1661
208: 100,46,1548,1877,1682,98,1666,1411,1260
209: 1082,1198,1273,417,443,767
210: 493,592,1309,863,64,1790,1261
211: 1116,1567,130,1575,128,548,826,1828
212: 1440,564,1348,439,977,111,843,1876
213: 324,1092,1485,1892,1693,812,1879,1511
214: 336,1791,1847,1999,1698,1851,854,1952
215: 1922,357,617,948,1231,351,1631
216: 66,739,1050,1616,805,74,1368,1038
217: 840,1467,668,761,1775,451,1233,1965
218: 118,880,1056,1227,1153,1031,1287,1569,1662
219: 467,1806,1533
220: 28,160,1346,1401,905,1537,488,668,761
221: 309,1623,593,1443,1860,1270,1708,234,290,1645,148
222: 1904,1112,1152,1277,1874,1802,715
223: 194,690,1779,318,451,840,1467,488,150
224: 1544,1138,1835,993,1882,1979,1619
225: 179,1141,1297,1139,1435,1767,1987,398,1701,151
226: 182,326,1494,639,1347,1394,908,566,870
227: 232,248,672,678,1715,1484,1825,1567,1803
228: 599,1720,1688,756,947,1071,1240,1718
229: 61,1148,1446,1756,701,895,1921,1519,1231,1631
230: 1979,1571,1619,1516,1107,685
231: 1211,303,829,128,1516,548,1107,685,1828
232: 1702,248,672,678,227,1664,1567,1803
233: 692,1097,943,1285,1333,1640,1562,1393
234: 247,290,1645,1860,1270,1708,2013,221,593,1443
235: 1944,633,1266,1338,791,1365,1543,1697
236: 797,325,460,912,738,1566,621,167,866
237: 251,1927,461,563,1267,658,1970
238: 169,319,1992,1815,1774,478,47,67
239: 1158,859,901,1471,1943,1834,590,1262
240: 173,904,433,996,874,1565,505,245,75,1587
241: 166,1321,773,978,1019,660,934,432,1375,1916
242: 553,1396,612,276,1104,1371,872,1010,655
243: 149,1744,122,1352,1369,1883,880,273,103
244: 1482,1475,615,1488,1310,981,1897,712
245: 1857,1124,1552,856,1565,240,996,874,75,1457
246: 114,1741,1054,1545,1469,799,666,1622,1637
247: 69,234,290,629,671,1645,1708,1868,570
248: 1702,232,678,988,227,914,1803,918
249: 178,1330,1510,1596,476,1648,823,194,1755,1081
250: 765,1502,98,853,479,528,1757,1360
251: 237,1241,1927,563
252: 2003,1755,1081,1987,1388,178,368,179,1139
253: 709,1416,733,466,625,1424,1150
254: 1732,1185,411,1669,125,295,772,864
255: 873,1631,1148,1446,573,197,1344,1924,1188
256: 792,902,1385,995,1528,568,521,1625,1770
257: 1704,1159,1591,839,986,850,171,421
258: 565,601,602,53,641,1505
259: 79,542,1894,1012,867,786,795
260: 499,747,790,1901,1339,264,1926,397
261: 555,1344,1024,1914,1924,385,1983
262: 182,1494,811,388,1326,1632,1013,508,1843
263: 772,864,685,1941,1571,1211,1953,1302
264: 48,2009,875,589,1282,1339,747,790,260
265: 1190,1264,1255,620,1974,833,968,1618
266: 684,1786,591,1465
267: 386,1577,844,899,1430,269,745,1550,675,636,492
268: 496,78,976,1319,1936,1205,1419,1229,296
269: 166,700,773,572,530,745,1550,636,267,386
270: 314,411,415,1238,1096,1809,1138,1882,295
271: 10,384,1925,1036,1939,486
272: 871,1298,101,1195,2017,108,389
273: 813,1114,452,1070,349,1056,243,1744,1352,1883
274: 970,106,1982,1420,1723,104,1895,286,1588
275: 2004,473,1243,1167,1200,1425,855,1399,1948
276: 1559,294,52,280,1789,1396,242,1371,872
277: 916,831,598,878,1378,927,938
278: 782,815,2005,1798,1830,1719,1837,343,1366
279: 545,1078,1963,525,1911,782,815
280: 52,1962,1886,1789,294,276,1371,872
281: 708,1943,1098,1558,751,1542,1236
282: 19,619,419,449,482,173,904,433,364
283: 60,560,1980,1852,344,1000,1029,1530
284: 1724,816,1065,1668,1584,1688,932,947
285: 1974,1655,968,1733,1741,991,1054,1545
286: 104,1881,1895,896,1387,1588,1760,1420,106,274
287: 1512,1147,1582,1919,307,1753,549
288: 174,726,2012,1197,550,1187,406,954
289: 153,399,407,1496,1495,1201,1242,369,482,524
290: 69,234,247,629,1645,1270,1708,221,1443,474
291: 1250,1972,741,705,89,109,836,450
292: 1085,1119,673,915,1455,1521,17,1831,618
293: 1931,495,1181,894,442,1101
294: 1559,1887,276,1064,280,1962,1789
295: 125,1882,1979,1809,1138,270,411,254
296: 1229,1898,268,496,1913,1419,436,1109,1734
297: 99,1829,366,552,142,1932,595,418,588,331
298: 554,861,891,950,1437,1184,1285,1333
299: 930,323,1726,830,427,552,1581,1113
300: 400,432,1375,205,997
301: 1418,1837,443,1198,1447,2005,1830
302: 1156,1421,1781,147,26,696,58,22
303: 1211,829,231,128,532,1005,1828,1160
304: 600,1536,431,2020,1633,1179,2014
305: 174,726,2012,1641,680,1208,1215,1875,1182
306: 109,316,583,1946,836,665,1175,1055,1470
307: 607,1773,1155,693,549,1512,1582,287
308: 416,852,1219,1517,1721,674,1504
309: 221,593,931,1443,948,1661,1860,1270,112,351
310: 1782,1509,458,966,96,728,1611,881
311: 861,891,1407,1246,1265,558,1687
312: 1132,94,30,1793,1329
313: 665,698,1110,1175,1568,1981,807,1946
314: 270,411,415,1238,1669,1180,95
315: 777,1490,1838,1912,590,704,1262
316: 109,306,583,836,665,89,115,1055
317: 11,527,1089,1893,1897,1417,1657,670,774
318: 451,1965,760,840,150,1149,223
319: 238,1992,1308,1774,987,1079,478,47
320: 561,578,750,1151,41,1196,1863
321: 591,1267,1923,1955,1477
322: 1738,470,652,1099,1162,679,1015,1967,484,1642
323: 930,1726,299,99,366,552,1710,1113
324: 213,1485,1892,94,30,812,1511,1832
325: 797,236,460,912,738,1566,707,556,138,1332,167
326: 182,226,1494,639,1347,1394,908,566,1900
327: 492,856,1977,1951,522,1565,544,1130,996
328: 581,1971,616,535,155,1302,1998,1082,1447,608
329: 102,1990,1222,1891,965
330: 331,584,1355,595,418,1649,850,1704,421
331: 330,1164,1355,595,418,588,1649,99,297,366,552
332: 175,693,834,802,1408,1773
333: 1258,1554,1429,758,163,1075,1836
334: 2008,1960,401,1606
335: 447,627,1131,1052,531,605,982
336: 214,1791,1999,1143,1263,1849,1851,862,1522,480
337: 42,1896,762,819,1286,1770,594,1409,514
338: 1848,712,1089,2,188,774
339: 1709,405,697,162,890,1984
340: 587,971,465,735,483,1594,1303
341: 134,1725,1689,1585,889,1013
342: 1723,403,989,1025,1473,1531,135,970
343: 102,1990,1222,1366,545,278,815,847,1406
344: 283,560,1000,353,1530,462,559,1785
345: 1488,1310,645,981,1192,2018,1363,1469,114,1893,1622,1475
346: 382,204,919,654,1899,1626,1635
347: 1384,485,766,1180,742,154,957,415
348: 1378,455,927,938,831,727,784,935
349: 2008,1070,1114,452,273
350: 1061,1318,7,1909,146,456,942
351: 112,873,1631,1231,215,948,309
352: 1379,1445,1950,504,1341,754,1127
353: 471,824,979,1530,1274,344,1042,559,1671
354: 1358,1950,504,1718,1240,1603,1720
355: 768,866,1008,1995,1063,1088,1018,1846
356: 193,1345,1315,466,1650,791,1678,1540
357: 1922,215,617,1525,1244,677,701,895,1231
358: 402,1871,1094,1275,888,1579,680,879,1215
359: 732,1316,1295,511,546
360: 1350,1661,1145,394,949,653,1935,1945
361: 1909,135,1115,21,403,1531
362: 189,1200,1425,1125,516,1686,1401
363: 1759,469,505,416,737,875
364: 1759,505,282,619,1248,904,433
365: 928,1381,10,1939,1314,503,1480
366: 99,297,1829,552,1710,1932,331,323,1113
367: 1503,1209,1379,1218,1864,1336
368: 178,1796,252,1081,1987,1388,180,398,179
369: 487,1836,1258,289,407,1242,419,449,482
370: 1651,1866,1556,1404,43,63,775
371: 1735,1032,1636,141,1820,703,827,961,611
372: 54,123,1361,1508,1320,86,1202,842
373: 1651,1866,1556,1303,465,1491,483,1594,1608,1956
374: 1756,677,736,895,1921,1519,729,1659,1750
375: 382,919,36
376: 1210,183,1234,1027,842,107,1361,1607
377: 1913,592,1026,1790,436,1734,687,1703
378: 1869,1482,1093,2015,1342,79,867
379: 724,1822,1959,920,1524,1657,11,670,1065
380: 846,1930,1256,434,1660,131,780,1472,1047
381: 1620,664
382: 204,919,346,375,654,1899
383: 631,1855,659
384: 271,1925,486,62
385: 112,873,931,261,1914,1924,557
386: 267,1577,1842,844,899,1430,269,745,636,1783
387: 689,1908,13,1295,925
388: 139,1768,1326,262,1494,1632,508,1349,1843
389: 119,2017,709,733,108,101,768,272,1298,1776
390: 599,1168,1720,177,1969,413,1597,515,512
391: 1030,1617,490,1553,1850,409,1506
392: 517,1289,1552,144,1994,1817,1422
393: 401,1221,1606,669,1453,1268,55,113,191,1917
394: 1145,586,1091,653,1193,1398,1122,360
395: 1313,1309,863,1673,640,1823,1993
396: 1966,1814,869,1244,66,427,90,1368
397: 116,1926,533,1610,1856,1339,1901,260,168,903
398: 1574,180,368,1987,179,225,1297,723
399: 153,289,1496,1495,1201,1104,985,655,994,1964,1679
400: 300,432,1375,1916,541,997
401: 695,1221,1606,393,56,1960,1453,334
402: 358,1871,1062,1275,1586,888,643,1579,1215
403: 342,989,1025,1531,21,361,135
404: 626,706,810,998,1753,769,1147,85
405: 1709,339,1537,162,206,1186,905
406: 1584,1688,932,756,288,726,1197,1696,954
407: 153,289,1495,1201,1242,612,655,1258,758,369,482
408: 1073,2016,795
409: 1850,1818,1506,1553,391,1030,202
410: 1954,466,625,1870,1650,1995,1937,1315
411: 270,314,1669,125,295,254,1732
412: 1290,1728,203,1840,1102,907
413: 177,1969,1597,1724,947,390,599,1168
414: 49,793,157,57,1784,1539
415: 270,314,1238,154,957,347,1180,95
416: 308,1219,363,469,737,674
417: 443,767,906,1771,1719,1312,209,2005
418: 595,588,537,1649,850,1704,297,330,331,1355
419: 19,282,449,482,524,1242,487,369
420: 623,699,1906,951,576,133,425,804
421: 171,1143,1263,1849,1653,1851,257,1704,330,584
422: 1276,1845,911,105,1259,440,463,1300
423: 1023,1220,1710,1050,1228,1726
424: 75,1282,1339,1457,1048,720,116,1926,1610
425: 728,804,1611,1782,133,420,699
426: 580,648,16,609,1989,1292,1014,1037
427: 930,299,830,66,1616,1368,396,1814
428: 567,1942,1337,176,1763,1230,667,735
429: 76,1973,1590,546,1316,526
430: 1546,854,1581,1952,1398,830,1091
431: 190,1518,2020,1095,1633,1179,1712,2014,304
432: 300,400,1375,205,1706,978,241
433: 173,240,904,996,874,282,1977,505,364,1587
434: 380,846,1256,131,1472,473,990,1047,1301
435: 203,1414,659,1456,1855,1549
436: 1051,1109,1734,687,496,1913,377,1419,1898,296
437: 571,1453,596,1501,808,695
438: 1844,1436,1122,1681,841,1698,1028
439: 654,959,1348,977,212,1440,564,1635
440: 105,1259,1004,25,536,1058,463,422,911
441: 142,501,955,611,1890,1735,595,588,537,1649,1383
442: 894,1706,978,293,20,1019,1101
443: 417,906,1719,209,1082,1198,2005,1830,301
444: 1481,164,975,923,454,121,1826
445: 892,1807,1395,1938,1342,2015,1573,867
446: 1867,1978,1659,1756,1921,61,1370
447: 627,944,335,531,777,199,1204
448: 163,509,1080,1670
449: 19,282,419,487,369,544,1977,173,904
450: 52,1962,1886,1789,89,1684,291,741
451: 318,1233,1885,1965,1775,217,840,1467,223
452: 1733,813,1560,1114,273,2008,1070,349,1744,1352,1883
453: 821,1415,1474,835,896,1387,1134,2000
454: 1481,164,444
455: 1378,348,927,938,937,727,935,107,1280,1452
456: 970,1982,1025,350,1061,1318,1434
457: 1177,1207,573,555,1344,1612,520
458: 1509,310,966,126,748,1464,96,881
459: 605,1613,1131,2002,489,983
460: 236,325,1566,1063,1593,1889,1088,167,866,1008
461: 563,591,1465,1267,658,237,1955
462: 1785,560,344,945,1839,124,849
463: 1126,1300,25,1058,440,422,911
464: 1638,110,497,543,1586,877,1161,887
465: 963,1705,587,340,483,373,1866,1303
466: 410,625,1650,1315,253,193,356,1766,1424,1150
467: 43,1538,477,1806,1533,219
468: 156,512,1100,1168,1603,504,1011,883
469: 363,1759,1306,416,1747,1219
470: 322,1738,652,921,1099,1717,1154,93
471: 353,551,824,979,1154,1042,1106
472: 83,606,1593,1687,1889,558,891,950,603,1928
473: 275,2004,1243,990,1167,1200,780,1472,1399,434
474: 663,1692,1105,69,290,629,1645,1711,148,1269
475: 132,201,1077,1389,1066,1172,637,70,1189,1853
476: 1149,1648,823,1386,760,749,1906,951,249,1596
477: 467,1538,577,1691,536,105,1533,1004
478: 1079,1694,1707,238,319,1278,47
479: 604,1374,1500,1888,250,765,853
480: 1918,956,1251,1522,336,1999,841
481: 55,113,1173,1917,1268,980
482: 19,282,419,524,153,289,407,1242,369
483: 1491,735,1594,340,465,1705,1651,373,1866,1556,1303
484: 1492,1642,1162,679,1015,322,1738,1099
485: 1384,347,1180,95,1283,1353
486: 271,384,1036
487: 369,1075,1199,1836,544,419,449
488: 840,1467,668,1346,220,690,223,1779,1799
489: 44,2002,459,1131,983,1140,1484,1825
490: 391,1617,50,187,1526,1850,1614
491: 534,1792,574,986,537,850,1214,1159
492: 327,1951,522,675,267,844,899,1430,1130,1356
493: 210,1913,592,1419,863,496,1936
494: 1440,564,1635,817,748,14,1626,126,1509
495: 29,1137,1181,293,1101,1400
496: 268,976,1936,1913,493,1419,1229,296,436
497: 1638,110,464,543,1586,952,1579,879,1875,770
498: 1418,1998,1447,616,608,858,1108
499: 120,747,790,1901,1489,1377,260,1016,903
500: 1760,647,1420,1988,1051,687,821,1745,1881,1588
501: 142,441,955,1932,1890,195,999,506
502: 683,1087,1239,764,1991,937,1452
503: 1466,1314,10,365,1381,1961,1480
504: 354,1950,1603,468,1011,352,1445
505: 363,1759,364,240,904,433,1587,875
506: 195,187,999,1526,1431,562,1033,501,955,1932,1890
507: 607,897,1437,1155,1097,1184,1285
508: 1349,1392,1843,1677,262,139,388,1768,1326,1632
509: 448,1080,1137,1853,1714,1400
510: 898,1233,1885,1965,760,59,576,992,851,1386
511: 13,1295,820,546,359,1316,721
512: 156,468,1100,1969,390,1168,1992,515,1815
513: 1466,1743,1314,1403
514: 1949,337,762,1286,594,865
515: 169,1992,1815,1774,987,1969,1597,390,156,512
516: 1984,1908,1709,1125,189,362
517: 392,1857,1552,1048,1457,720,783,1422,116
518: 1450,663,1692,1105,1269,1163,1762,1117,1555
519: 35,1479,1574,650,1307,1976,582,871,1034
520: 1096,1752,457,555,1024,1975,1612
521: 1507,664,1625,1438,256,902,995
522: 327,492,1951,675,1199,1441,544,844,899
523: 38,168,713,1580,1739,860,1076,1460,1257
524: 19,619,419,482,153,289,1496,1242,998,946
525: 1213,1536,1903,1911,279,1078
526: 732,1316,429,1973,632
527: 11,317,1893,1897,1417,920,781,1657,200
528: 137,1731,1682,250,98,853,1666
529: 1060,1170,1527,143,960,1281,1748
530: 745,1550,1628,1905,572,1080,269,700
531: 777,1912,1052,982,447,335
532: 65,1873,1005,1828,303,661
533: 1926,397,1610,1856,1901,12,38,168,688,1580,903
534: 80,1792,827,1427,491,574
535: 581,616,1160,328,1941,1211,1953,829,1302
536: 25,1542,1058,1690,577,477,440,1004
537: 595,418,588,1649,850,1214,1383,1792,491,441
538: 824,979,1154,1967,565,1274,652
539: 39,622,1074,1600,1589
540: 1031,1287,1569,1662,1794,82,159
541: 129,1934,997,1551,579,400,1916
542: 79,259,1012,1093,1694,1707,786,1788
543: 110,464,497,877,1323,648,887,952,1121
544: 487,1199,1441,449,327,1977,522,173
545: 279,1963,815,847,1406,1765,343,1366
546: 511,359,1316,721,1165,76,429
547: 1761,682,575,952,1121,1854,110,1875,770
548: 128,1516,1107,826,1674,211,231
549: 185,1753,693,307,1773,1147,287
550: 662,958,1187,680,1094,1534,174,288
551: 471,824,979,1154,921,93,1106,1652
552: 99,297,1829,366,1710,331,1164,323,299,1581,1113
553: 1396,1001,1049,242,612,872,1010,845
554: 298,861,2007,1841,1437,1184,1333
555: 261,1344,1024,457,573,1612,520
556: 707,1647,1737,646,138,1332,325,738
557: 1821,148,1983,1269,385,1623,593,931,1914
558: 1392,1843,1265,891,311,83,472,606,1687
559: 1042,1671,1785,560,344,353,979,1530
560: 283,1852,344,630,945,1839,462,559,1785
561: 320,578,750,1151,1226,1196,1169,1279
562: 1940,719,876,1033,1118,1271,1636,141,1820,195,506,1431,955
563: 461,1465,237,251
564: 212,1440,494,1635,817,748,439,111
565: 1274,258,1967,1505,538
566: 1394,778,908,1102,1347,744,226,326,1494
567: 428,862,1942,1337,51,667,1251
568: 1528,1864,1305,1336,158,256,1385,1770
569: 980,1729,620,1173,1618
570: 859,1471,1708,1868,1834,247,671,882
571: 437,669,1453,1268
572: 20,1714,660,934,1080,166,269,700,530
573: 457,1207,1801,197,1148,255,555,1344,1924,1188
574: 1087,1239,986,969,80,534,491
575: 547,1761,682,1325,1639,952,1854,1461,953
576: 59,117,992,851,133,510,420,1906,951,1386
577: 1690,172,967,1691,1538,477,536,1004
578: 320,561,750,92,686,1968,1902,41,1196,1863
579: 541,1934,1551,1916,731,803
580: 1323,426,1354,648,16,1016,1812
581: 1971,616,1160,535,328,829,1302,1998,1123
582: 31,1307,1976,917,184,1872,1084,1479,519,650
583: 109,306,316,1946,836,1981,1470,1520
584: 330,1958,1355,1704,421,1143,1263,1851
585: 2021,1046,1390,1322,779,161,1074
586: 1145,394,949,1091,1193,1398,1814,869
587: 971,340,1607,1210,465,963,1705,77
588: 595,418,537,1649,850,1214,1383,142,441,611,1890,297,331
589: 264,2009,875,75,1282,1339,1587
590: 704,1126,1300,1262,239,901,315
591: 461,1465,1267,321,266
592: 210,1913,377,493,1419,1026,1790,1261,1734
593: 221,309,1623,931,1443,1860,112,234,1645,557
594: 597,865,1492,1642,1409,1372,337,1286,514
595: 418,588,537,1649,142,441,1932,99,297,330,331,1355
596: 437,1501,613,808,6
597: 594,865,1642,1738,1717,1949,1487
598: 1973,1590,916,277,1039,1224,878
599: 390,1168,1720,228,1688,947,413
600: 304,1536,1903,2020,1095,1328,1312,1771
601: 746,602,1713,53,641,1090,258
602: 140,746,601,1171,1658,1505,258
603: 1640,1928,1562,950,472,1063,1889,943,1333
604: 479,1374,1500,1656,202,1888,1818
605: 40,459,982,1727,1613,32,1131,335
606: 83,472,1063,1332,1593,1687,1889,1772,558
607: 307,897,1408,1773,1155,507,1582
608: 858,1108,1529,1998,1447,1971,616,328,498
609: 674,1504,1035,1989,1426,832,426,16
610: 698,1110,1879,1423,962,1693
611: 142,441,955,1890,371,1735,1636,588,1383
612: 553,1049,242,1010,655,845,1554,758,407,1201
613: 1501,1136,596
614: 1334,1433,657,1968,750,1226
615: 244,1482,1093,712,1788
616: 581,1971,535,328,155,1998,498,608,1529
617: 1922,215,357,948,1525,207,755,1244
618: 17,1831,196,1695,68,857,103,1191,915,292,1119,781,673
619: 19,282,524,706,1248,946,904,364
620: 569,1729,833,968,1373,1618,265
621: 101,167,768,866,1008,797,236,917,1298,1413
622: 39,539,1589,1,71,1644
623: 749,420,699,1906,951,752,1780
624: 183,1234,1027,27,1216
625: 1954,410,466,1870,1650,1776,709,253,733,1424
626: 706,810,1306,404,85,818,1468,1747
627: 447,944,1131,335,1787,983,1140
628: 751,956,1251,51,722,940
629: 69,247,290,671,1645,1711,1432,474,1105
630: 847,945,1406,1499,1765,1839,60,560,1852
631: 1578,383,1786,684,659
632: 916,526,1973
633: 235,1266,1338,33,1178
634: 37,1715,1742,678,914,1803
635: 1142,1061,1434,7,1947
636: 1783,269,700,731,773,745,267,386
637: 29,1137,1778,1172,1066,475,70,1853
638: 1103,161,1769,1074,1600,984
639: 182,226,326,1494,889,811,1347,1900
640: 1823,1861,395,863,976,1936
641: 53,838,1090,960,746,601,1713,258
642: 1327,965,1798,1194,1837,1990
643: 1541,1898,888,1109,1120,402,1871,1062,1275,1751
644: 143,960,718,1364,984,1713,1090
645: 1488,345,981,1192,2018,1363,1469,196,68,114,1741
646: 1647,556,1772,1349,1677,1332,738
647: 34,500,1703,1760,1988,687,1881,1588
648: 1323,426,580,16,822,887,1014,543
649: 2000,1046,1390,1749,147,696,1667
650: 1084,1479,1574,519,31,1307,1976,582
651: 909,1758,1564,1532,1563
652: 322,1738,470,921,1099,679,1967,538,824,1154
653: 1145,394,1935,1436,1122,1681,360,1795,1945
654: 959,1348,1899,439,382,346,1440,1635
655: 1104,985,1010,242,612,399,407,1495,1201
656: 1116,1702,1664,65,1828,1335
657: 730,1291,1819,1968,1059,614,1433
658: 461,1267,237,1927,1970,1423,1955
659: 435,1414,631,383,1855,1910,684
660: 20,1714,1019,572,934,166,241,700,1321
661: 1865,1451,1123,532,1873,1005,1160
662: 1449,1781,550,958,1187,26,1676,22,954
663: 1450,474,518,1412,1692,1105,1269,1163,1727,1117,1555
664: 521,1507,1438,381,1620
665: 313,698,1110,1175,1800,1693,1055,306,316,1946
666: 1245,1622,1637,1957,246,1054,1545,799
667: 735,1594,1608,428,567,51,940
668: 217,840,1467,488,761,905,1346,220
669: 571,1453,1221,393,1268,55,113
670: 816,1065,1657,724,1822,379,11,317,1417
671: 69,247,629,1711,1471,570,882,1432
672: 232,678,227,1664,44,1484,1825,1567
673: 292,920,1085,1119,781,1191,915,1521,17,1831,618,857
674: 609,1504,1426,308,416,1721,737
675: 745,1550,1628,1075,1441,267,844,899,492,522
676: 100,1548,1877,1223,1513,825,1313,1272,1260
677: 374,701,736,895,1519,1493,198,90,1750,357,1525
678: 1702,232,248,672,227,1715,1484,634,914,1803
679: 1658,1015,1967,1505,484,322,652,1099
680: 1208,1215,358,1094,174,305,2012,550
681: 1066,1683,1067,1604
682: 547,1761,1641,1654,575,952,1875,770
683: 502,924,1087,1239,937,1202,1452,1320
684: 266,1910,1786,1578,631,659
685: 263,772,230,1571,1516,1107,1211,1953,231
686: 92,1968,1059,1811,1902,578,750,41
687: 436,1988,1051,1734,377,500,1703,647
688: 38,168,713,1580,1203,533,1856,12,1031,1569,1794
689: 387,1908,925
690: 1746,194,223,1357,1779,488,150,1648
691: 1700,1915,1757,74,739,1985,1157
692: 233,1097,943,1640,828,1562,1068,1393,837
693: 152,175,332,994,307,1773,185,549
694: 137,1731,1150,1324,193,1736,1766,1424,100
695: 401,1221,808,56,1960,437,1453
696: 147,26,649,1156,302,1667
697: 1403,162,890,339
698: 313,610,665,1110,1175,962,1568,807
699: 420,623,133,425,804,1083,1780
700: 166,269,1321,773,572,660,530,745,1550,636
701: 1756,677,736,895,1519,1231,1493,90,357,1525,229
702: 1700,1757,1500,1818,1497,1506,765
703: 1539,1816,157,371,1032,961,1427
704: 590,1126,1300,1262,715,911,315,1490
705: 291,1250,1972,741,109,836,1520
706: 626,810,998,1248,1306,404,946,619,1759
707: 1737,556,138,325,912,738,1566,31
708: 281,1943,1028,1558,1844,1236,1599,1158
709: 1888,119,2017,1416,253,733,108,389,625,1150
710: 1732,964,1185,1312,1328,2001,1273,767
711: 91,832,740,1721,848,1247,1699
712: 338,1310,1089,1897,244,615
713: 38,523,688,1031,1569,1662,1153,1076,1460
714: 87,837,1937,1068,1072,1944,1365
715: 1276,911,704,1490,222,1904,1152,1802
716: 1026,1212,1810,1790,1261,64,1609
717: 1535,121,975,1826,1887,1041
718: 143,644,39,1600,1364,984
719: 23,1940,562,876,1271,1930,186,1032,141,1820
720: 1602,783,1203,1422,517,1048,424,1457,116,1610
721: 57,913,1165,1948,511,820,546,76
722: 1690,172,940,51,628,751,1098
723: 97,35,398,1297,151,1030,1617
724: 885,1668,1822,379,1657,11,670,816,1065
725: 1092,1485,1892,1832,1217,84,1439,1884,1630
726: 174,288,305,2012,1197,885,1182,1668,1584,932,406
727: 784,27,935,1378,348,455,927,1027
728: 425,804,1611,1621,881,310,1768,81
729: 929,1659,1907,1750,145,1382,374,736
730: 657,1532,1291,909,1458,1433
731: 166,1321,773,1916,579,636,1783
732: 359,1316,526
733: 2017,709,1416,253,389,101,768,1954,625,1776
734: 936,993,1117,1135,1166,1555,1627,1615,1575,826,1674
735: 667,483,1594,1230,971,340,428
736: 1756,374,677,701,895,1921,1519,1017,1493,729,1750
737: 48,2009,875,363,416,674,1426
738: 236,325,1566,707,556,646,1332
739: 216,1050,1228,805,1174,691,1700,74
740: 91,711,1296,1247,1929,974
741: 291,1250,705,802,1962,450,1886,1359
742: 1975,1486,942,154,7,347,766
743: 868,1334,1226,798,1136,1169
744: 907,1394,566,1102,870
745: 530,1550,1628,675,269,700,636,267,386,844,899
746: 140,601,602,1713,641
747: 499,790,1377,260,48,264,2009,1035,1354,1016
748: 1440,494,564,817,126,1509,458,966,1232
749: 623,1906,951,476,823,1386,752,1777,1510,1596
750: 320,561,578,1226,686,1968,614
751: 1918,628,956,1690,722,281,1098,1558
752: 184,763,1777,1780,749,623,1906,1596
753: 1507,1625,1528,1896,819,1770
754: 170,1127,1218,1824,796,1341,352
755: 1814,869,1244,949,1193,1922,617,1525,207
756: 1584,1688,1071,406,1696,954,228
757: 959,1348,1665,1643,1880
758: 333,845,1258,1554,612,407,1201,1242
759: 792,902,995,169,1111,67,1402
760: 318,510,1965,59,851,476,1149,1386
761: 217,1467,668,1775,900,1480,905,220
762: 337,1896,819,1286,514
763: 184,752,1777,1872,138,1780,1737
764: 1039,1991,1462,969,502,1087
765: 250,1502,853,479,1500,702,1757
766: 1384,347,7,742,154
767: 417,906,1771,710,1312,1273,209
768: 101,621,1008,1995,355,1954,1776,733,389
769: 185,1753,1679,153,1496,1147,810,998,404,946
770: 879,1875,952,110,497,547,682
771: 1161,822,887,1014,1037,1296,974,78,1319,1205,877
772: 263,864,685,125,1979,1571,254,1185
773: 166,241,269,700,731,1321,1916,636
774: 2,177,188,317,1089,1417,816,1547,338
775: 1806,370,43,63
776: 205,894,1706
777: 315,531,1490,1912,199,1904,1152,447
778: 908,566,1102,1840,1859,922
779: 1322,1680,104,585,2021,1046
780: 131,1472,1799,1399,1340,1646,473,380
781: 920,1119,673,1831,618,1695,68,200,1363,527,1893
782: 278,815,2005,1830,906,1719,1911,279
783: 2006,1602,720,1203,1422,517,1048,136,12,82
784: 727,27,1442,1378,348
785: 1910,1859,1367,1477,922
786: 1694,1707,259,542,1012,2016,795,88
787: 1428,1128,1237,72
788: 1347,1367,1477,1923,962,1754,807
789: 1146,1325,1739,903,1639,120,1489
790: 499,747,1901,1377,260,1339,48,264,2009,1016
791: 1678,1365,1540,1543,1685,87,235,356,1697
792: 256,759,902,1385,995,1483,1111
793: 49,414,57,1206,1224,1462
794: 812,1970,1511,1241,1927,1132,30
795: 408,1073,2016,259,1894,1012,786
796: 1341,1920,1557,1722,170,754
797: 236,325,912,917,621,167,1008,1298,1413
798: 1501,808,1136,743,1169,1405
799: 1190,1255,1974,968,246,1054,666,1245
800: 165,1021,1476,1293,1609,1810,1561
801: 885,1182,1822,1959,1043,1654
802: 1250,834,741,1886,152,175,332,1359
803: 1783,884,1551,579,1819,1572,1811
804: 425,728,1611,1621,1083,420,699
805: 66,216,739,74,1985,198,1380,1038
806: 147,26,1134,1672,1534,1474,1449,958
807: 1568,1754,1981,962,788,313,698,1175
808: 1501,798,56,1405,437,596,695
809: 145,1985,1017,1157,1288,1382,910,1997
810: 626,706,998,1248,1306,404,946,769
811: 182,262,1494,639,889,1326,1632,1013,1246
812: 794,1879,1970,1511,1927,1423,213,324
813: 1733,1560,1114,452,273,1352,1883,1655
814: 1194,1108,1327
815: 278,782,1798,1911,279,545,1963,343,1366
816: 284,670,1724,1065,1547,724,11,1417,774
817: 494,564,748,111,1509,966,1232,1410
818: 85,1468,33,626,1306,1747,1517
819: 337,1896,762,1770,753
820: 13,511,973,855,721,913,1948
821: 453,1415,1474,1745,1988,18,500,1881,835,896,1588
822: 1161,771,887,1014,1037,648,1319,1205,877
823: 476,1149,1648,749,249,1330,1510,1596
824: 353,471,538,551,979,1154,652,921,1106,1652
825: 1716,1223,1448,1736,1766,1345,1324,100,1548,676
826: 128,1516,548,1674,734,1166,1575,211,130
827: 80,534,1792,961,1427,371,1735,1383
828: 1640,1018,1562,692,1068,837,1235,1846
829: 1211,303,1953,231,1005,581,1160,535
830: 930,299,427,430,1581,1398,1814
831: 916,277,1442,1378,348,927
832: 91,711,1292,1721,848,609,1504,1989
833: 1974,1655,968,1373,1729,620,1618,265,1264,1255
834: 1250,1972,802,1595,175,332,1408
835: 104,1895,896,1387,453,821,1134,2000,1749
836: 109,306,316,583,89,115,291,705
837: 87,714,1235,1937,692,828,1068,1072
838: 53,641,1090,1281,1020,960,1459
839: 257,1591,54,176,1763,1320,171,1653,1942
840: 217,1467,488,668,318,451,1233,1965,150,223
841: 1999,1698,1918,956,480,438,1028
842: 376,1234,1027,86,107,1280,372,1361,1607
843: 24,111,1878,1876,977,212,1410
844: 267,386,1577,899,1430,1130,745,675,492,522,1463
845: 1554,758,553,1001,1049,612,1010,1670,1201
846: 380,1592,1930,1256,1317,434,1660,131
847: 630,1406,1499,1858,545,102,343,1222,1366,1891
848: 1178,1699,852,1721,711,832
849: 124,945,1858,1839,462
850: 418,588,537,1649,1214,491,257,1704,1159,330
851: 59,576,510,1965,760,1906,951,1386
852: 308,1219,1517,1721,848
853: 250,765,98,1888,479,137,528
854: 430,1546,1581,1952,1958,1851,214,1791,1847
855: 973,1200,1425,820,275,2004,1948
856: 327,1977,1951,1565,996,874,245,1124,1356
857: 17,1831,196,618,1695,68,103,1191,122,673
858: 608,1108,1529,498
859: 239,1471,570,1262,882,1933,1838
860: 1002,1460,915,523,1183,1257,1521,17
861: 298,554,891,311,1407,2007,1841
862: 567,1942,1337,1143,1849,1653,336,1251,1522
863: 395,1309,640,1823,1936,210,493
864: 263,772,1273,1941,1571,254,1185
865: 594,597,1492,1642,1286,1949,514,1487
866: 621,167,1008,355,1063,236,460,1088
867: 79,259,1894,378,445,1938,1342
868: 1458,743,1334,1136
869: 1966,396,1814,755,1244,586,1193,1922,1525
870: 139,1326,1523,1394,744,226,1494
871: 272,1298,1413,1307,1976,519,1034,1195
872: 192,1104,1371,1010,276,52,280,553,1396,242
873: 112,255,351,385,1631,1446,931,1924,1188
874: 240,433,996,856,1565,245,1857,75,1587
875: 264,2009,737,589,363,505,1587
876: 23,1940,1701,562,719,1033,1118,1271,1636,141,1820,195
877: 1638,464,543,1586,1161,771,822,887,78
878: 1039,1991,598,277,927,938,937
879: 1579,1208,1215,1875,770,497,1586,358
880: 218,1056,1227,1153,1827,243,1744,122,1883,103
881: 728,1611,96,310,458,1523,81
882: 32,1933,1432,859,1471,570,671,1838
883: 1011,1209,1445,468,1483,1100,1385,158
884: 803,1783,1577,1842,92,1044,1572,1811
885: 724,801,1182,1668,1822,1959,726,1065,932
886: 1045,1204,1351,199,1277,1874
887: 1161,771,822,1014,1323,648,464,543,877
888: 1541,1898,643,1586,1120,1579,358,402,1275
889: 182,639,811,1900,1585,341,1013
890: 697,339,1984
891: 298,861,950,311,1265,558,472,1687
892: 445,1807,1395,1342,1007,1637,1957,2015,1573
893: 1576,1808,1570,21,1867,1978,1531
894: 776,1706,442,293,1931
895: 1756,374,677,701,736,1921,1519,1231,357,61,229,1446
896: 104,1881,1895,286,835,1387,1588,453,821,1749
897: 607,1408,1773,1437,1155,507,2007,1184
898: 510,1885,24,1878,1249,59,992
899: 267,386,844,1430,1130,745,675,1441,492,522
900: 206,1775,1961,1480,905,761
901: 239,1158,1943,1058,1236,590,1126,1300,1262
902: 256,759,792,995,1438,521,1507,1625
903: 789,1739,397,533,120,499,1901,168,1580
904: 173,240,433,996,19,282,619,449,1248,505,364
905: 206,900,405,1537,668,761,28,220
906: 417,443,767,1771,1719,1911,1312,1903,782
907: 1464,96,744,412,1728,1102
908: 778,566,1102,1859,1347,1367,922,226,326
909: 651,730,1532,1458
910: 1997,1252,1331,1411,145,809,1288,1382,73,1009,1907
911: 422,715,1276,440,463,704,1300
912: 797,236,325,1566,707,138,31,917,167
913: 57,721,1784,1165,1948,820,2004
914: 1803,634,248,678,988
915: 860,1191,1002,1460,1183,1521,17,618,292,673
916: 632,831,277,1973,598
917: 31,1307,1976,582,797,912,621,1298,1413
918: 1335,1702,248,988
919: 382,204,346,375,1549,1456,36
920: 1119,1524,781,1657,673,1831,379,200,11,527,1893
921: 470,652,1099,1717,551,824,1154,93,1652
922: 1347,1367,1477,785,1859,778,908
923: 1481,444,975,181,1675,121
924: 683,1239,986,1202,1159,1591,1320
925: 13,1908,689,387,189,973
926: 159,1040,127,1996
927: 1378,348,455,938,831,277,878,727
928: 365,1133,1249,1583,1381,1939,1878
929: 729,1659,1907,1021,1009,1476,1570,1867
930: 323,1726,299,830,427,66,1616
931: 309,1623,593,112,385,873,1914,557
932: 1584,1688,406,885,1668,726,1197,284,1065
933: 1576,1284,1808,1212,34,989,1473
934: 20,1019,572,660,978,1375,166,241,1321
935: 727,27,348,455,107,1280,1234,1027
936: 734,993,1117,1135,1166,1555,1627,1086,1835,1615,1575
937: 455,938,1991,878,502,683,1280,1452
938: 348,455,927,937,277,1991,878,1280
939: 47,67,1402,1438,1862,1128,995,1620,72
940: 172,722,967,51,667,1608,628
941: 1725,1689,1520,1407,1397,1841
942: 1486,742,1909,146,1177,350,7
943: 233,692,1285,1333,950,1640,603,1928,1562
944: 447,627,1787,199,1204,1351
945: 630,1499,1839,560,1852,462,849
946: 706,810,998,1248,153,769,19,619,524
947: 1584,1688,284,1724,177,413,599,228
948: 215,617,207,112,351,309
949: 1145,586,1193,755,207,1661,360
950: 298,891,472,1687,1889,943,1184,1333,603,1928
951: 749,420,623,1906,59,576,851,133,476,1386
952: 1121,1854,1461,110,497,543,547,682,575,770
953: 1183,1455,1325,1639,1761,575
954: 1676,1696,288,662,1187,1584,756,406
955: 441,501,611,1890,562,1636,141,195,506
956: 1918,628,751,1251,1522,480,841
957: 1096,1809,1975,1486,154,347,415,1238
958: 1449,1781,550,662,1187,1094,1534,806
959: 654,757,1348,1665,1899,439
960: 143,644,529,641,838,1090,1281
961: 80,827,1427,703,157,371,1735,1032
962: 1923,788,610,698,1754,807
963: 465,1705,77,587
964: 1732,710,1312,95,1669,1095,1283,1328,2001
965: 1327,642,329,1990,1222
966: 1782,1509,310,458,1232,817,748,1611
967: 172,577,1691,940,1491,1608,1956
968: 1974,1655,833,1373,285,620,265,1255,799
969: 49,764,1462,80,1427,1087,574
970: 456,106,1982,274,1420,1723,342,1025,1318
971: 587,340,1607,1230,1361,1508,735
972: 1817,1196,1863,136,2006,127,1996
973: 189,1425,855,13,925,820
974: 1929,1861,1296,740,771,1037,976,1319,1205
975: 164,444,923,121,717,132,1826,1041
976: 268,496,1319,1936,1205,640,1861,974
977: 62,1880,1348,439,212,843,1876
978: 205,1706,442,1019,934,432,1375,241
979: 353,471,538,551,824,1154,1530,1274,1042,559
980: 569,1729,1173,481,1917
981: 1488,1310,200,345,645,1192,1363,1469,68,1893,1897,244,1475
982: 40,605,32,1052,1933,531,1131,335
983: 1140,1484,459,627,1131,1787,489
984: 1364,1444,638,1103,1600,644,718
985: 192,1104,1371,1010,655,152,994,399,1964
986: 924,1239,574,491,1214,257,1159,1591
987: 2,188,1969,1597,319,1992,515,1308,1774
988: 1702,248,914,918
989: 1723,342,403,1473,1531,933,1808
990: 473,1243,1167,1472,1399,434,1047,1301
991: 1741,1545,1733,149,1352,1369,1883,285
992: 59,117,576,1410,24,510,898
993: 734,936,1117,1135,1166,224,1835,1619,1516,1674
994: 152,175,693,985,399,185,1964
995: 256,759,792,902,67,1402,1438,939,521
996: 173,240,904,433,874,327,856,1977,1565,245
997: 129,541,1934,300,400,1176
998: 706,810,404,946,153,1496,769,1679,19,524
999: 187,506,501,1932,1023,1601,1829
1000: 283,1980,344,1274,1530
1001: 553,1396,1049,1053,1189,845
1002: 860,1191,1076,1827,1460,915,17
1003: 1850,1497,1506,1174,1614,1220,1228
1004: 105,1533,440,577,477,25,536
1005: 532,1873,303,829,1160,661,1123
1006: 1322,1680,1947,106,1982,1434
1007: 1190,1245,1957,1573,892,1395
1008: 101,621,167,768,866,1995,355,797,460
1009: 1021,73,910,1382,929,1907
1010: 1104,1371,872,985,655,553,242,612,845,1201
1011: 1209,1445,883,1603,504,468,1100
1012: 79,259,542,786,2016,795
1013: 1632,1407,1246,1265,262,889,811,341,1689
1014: 771,822,887,1037,1292,1296,426,648
1015: 1658,679,1171,1162,1299,484,322
1016: 580,1354,16,48,1035,499,747,790,1489,1377
1017: 145,809,1985,1493,198,1380,1750,736
1018: 1640,1088,828,1928,1562,1063,1995,355,1235,1846
1019: 20,1101,660,934,1706,442,978,241
1020: 53,838,1281,1029,1459,1980
1021: 165,73,800,1009,1476,1293,929,1561
1022: 1304,1543,1685,1697
1023: 1220,1601,423,999,1829,1710
1024: 261,555,1344,1983,1752,520
1025: 1723,342,403,135,456,970,1318
1026: 716,1212,1810,1790,1261,377,592,1703
1027: 183,376,624,1234,842,727,27,935,107
1028: 708,1558,841,1918,438,1844,1681
1029: 1459,1020,60,283,1980,1852
1030: 391,151,1617,97,1553,1764,723,409
1031: 540,1569,1662,1794,38,688,713,218,1227,1153,1076
1032: 371,1820,186,703,1816,719,961
1033: 1940,562,876,1118,1271,1141,50,195,506,1526,1431,2019
1034: 97,1195,1764,1307,35,519,871
1035: 609,1426,48,747,16,1016
1036: 10,271,486,1743,1314
1037: 771,822,1014,91,1292,1296,974,426,1205
1038: 1493,198,1368,1380,66,216,805,1985,1966
1039: 764,1224,1991,878,1462,598
1040: 926,1996,1151,1196,1279,1813
1041: 1559,1887,975,717,1826,1077,1805
1042: 559,1671,353,471,979,1106
1043: 1761,1654,1455,1085,801,1959
1044: 92,1811,1902,884,1577,1842,1144,1463
1045: 886,1351
1046: 2000,585,649,2021,1390,1749,104,1387,779
1047: 1539,186,1816,1301,990,1167,380,1930,1256,434
1048: 517,1857,1552,75,424,1457,720,783,116
1049: 553,1001,612,1670,845,1554
1050: 66,216,739,1228,1616,423,1726
1051: 436,1988,1109,18,1734,1120,687,500,1745
1052: 32,1933,531,1838,1912,982,335
1053: 1396,1001,201,1077,1805,1559,1189
1054: 246,1545,1974,285,1255,799,666,1245
1055: 115,1884,1630,1092,1800,665,1175,306,316
1056: 118,218,880,1227,1153,1070,273,1744
1057: 1821,1983,1269,1163,1544,1835,1762
1058: 25,1542,536,1236,440,901,463,1126,1300
1059: 92,686,1968,1572,1811,657,1291,1819
1060: 529,1170,1179,1527,1712,2014,1748
1061: 350,1318,1434,7,456,635
1062: 402,1672,1871,1534,1275,643,1120,1751,1415,1474
1063: 606,1593,1889,460,1640,603,1088,1928,1018,866,355
1064: 1535,45,1684,1887,294,1962,1789
1065: 284,670,1724,816,1547,724,885,1668,379,932
1066: 681,1683,1067,132,475,1389,1778,1172,637
1067: 681,1066,1683,164,132,1389
1068: 1069,1072,1393,1514,692,828,714,837
1069: 1068,1393,1514,1155,1097,1512,1582,1294
1070: 349,118,1056,452,273,1744
1071: 1688,756,1240,1634,1696,1720,228,1718
1072: 15,1068,1393,1514,1294,714,837,1944,1365
1073: 408,2016,795,88,1237,1428
1074: 539,1600,585,1390,638,161
1075: 487,1199,1836,1441,163,333,1429,1628,1905,675
1076: 1191,1002,1827,1460,1031,523,713,1227,1153
1077: 132,201,475,1826,1389,1805,1041,1053
1078: 279,1454,1963,525,1213,1605
1079: 1694,1707,478,1848,319,1308
1080: 163,448,509,1714,572,530,1905
1081: 252,1755,1987,1388,178,249,1330,368
1082: 155,209,1302,1198,1273,1941,443,328
1083: 804,1621,699,1647,1737,1780
1084: 1479,1574,650,184,1777,1872,1624,1796,1976,582
1085: 292,1119,1524,673,1455,1521,1043,1959
1086: 1727,1613,1450,1412,936,1555,1627,2002,1615
1087: 502,683,1239,574,969,764,1991,80
1088: 1640,1928,1018,1063,1889,460,866,355,1846
1089: 317,1897,1417,712,338,188,774
1090: 641,838,1364,644,960,601,1713
1091: 1145,394,586,430,1952,1398,1847,1122
1092: 213,725,1485,1800,1892,1693,1884,1055
1093: 378,1482,615,79,542,1788
1094: 358,1871,1534,1275,680,1215,174,550,958
1095: 2020,1283,1328,1353,1633,2001,431,964,1312,600
1096: 957,1752,1809,520,1975,1362,270,1238
1097: 233,692,1184,1285,1333,1155,507,1582,1069,1393
1098: 281,1558,1918,751,1690,722,1542,1236
1099: 322,1738,470,652,921,1717,679,1967,484,1154
1100: 156,468,1483,512,1111,1815,1011,883,158
1101: 20,1714,1019,1400,293,495,442
1102: 1394,778,908,566,1840,412,907,744
1103: 638,1225,161,1769,1600,1444,1722,984
1104: 192,1371,872,985,1010,655,242,152,399
1105: 1450,474,518,663,1412,1692,69,629,1711,1727
1106: 1652,471,551,824,1042
1107: 128,1516,548,230,1571,685,1211,231
1108: 608,858,498,1194,1418,814
1109: 436,1051,18,1734,1120,1898,296,643,1751
1110: 313,610,665,698,1175,1879,1800,1693
1111: 156,1483,1100,169,1815,759,792
1112: 222,1874,1802,1986
1113: 1546,1581,99,366,552,1958,1164,323,299
1114: 813,1560,452,273,2008,349,191,1498
1115: 361,1909,146,1177,1207,1801
1116: 656,1567,211,130,128,1664,1828
1117: 734,936,993,1135,1555,1627,1163,1450,518,663,1835,1762
1118: 23,1940,1701,562,876,1033,1271,1141,1139,1435,1767,50,1526,1431,2019
1119: 292,920,1085,1524,781,1657,673,1831,618
1120: 1051,1109,18,1898,888,643,1062,1275,1751,1415
1121: 952,1854,1461,1812,1323,110,543,547
1122: 438,1935,1436,1952,1847,1698,394,1091,653
1123: 661,1865,1005,581,1971,1160,1529
1124: 245,1857,1289,1552,1356,1130,856,1951,1565
1125: 1709,1537,516,28,1401,362
1126: 463,590,704,1300,25,1058,1236,901
1127: 754,1218,1824,1341,352,1379,1445
1128: 1237,1278,47,939,1862,787,72
1129: 2003,1755,1388,1746,1357,131,1340,1592,1660
1130: 844,899,1430,327,492,1951,1730,1124,1289,1356
1131: 627,335,459,605,982,1613,489,983
1132: 312,30,1241,794
1133: 928,1249,62,1925,1939,1878,1876
1134: 147,26,806,453,1474,835,2000
1135: 734,936,993,1117,1166,1555,1627,1835,1762,1674
1136: 1501,613,798,868,743
1137: 29,495,637,70,1853,1400,509
1138: 224,1362,1544,1809,270,1882,295
1139: 179,225,1435,1767,2003,252,1987,1388,1592,1317,1701,1118
1140: 1715,983,1484,1742,627,1787,489
1141: 225,1435,1767,1701,1033,1118,1271,151,50,1526,2019
1142: 1,635,1947,1384,1629
1143: 171,421,1263,1849,1653,584,862,1337,336
1144: 144,1463,1730,1994,92,1044,1902,41
1145: 394,586,949,1091,653,1193,360
1146: 789,1325,1639,120,1489,1461,1812
1147: 1512,1919,287,1753,549,769,404,85
1148: 61,229,1370,1446,255,1631,1801,573,197,1188
1149: 150,476,1648,823,1386,318,760
1150: 137,1731,694,466,709,1416,253,1766,1424
1151: 320,561,1196,1169,1279,1813,1040,1996
1152: 199,222,1904,1277,1874,1802,715,777,1490,1204
1153: 218,880,1056,1227,1031,1569,1662,713,1076,1827
1154: 471,538,551,824,979,470,652,921,1099,93,1652
1155: 307,607,897,507,1097,1285,1582,1069,1393
1156: 1421,1376,1478,302,696,1769,1667
1157: 809,1985,1288,691,1915,1757,74,1997
1158: 239,901,1471,1844,708,1943,1834,1599
1159: 257,1704,1591,491,924,986,850,1214
1160: 581,1971,535,303,829,1005,661,1123
1161: 771,822,887,78,1319,1205,1638,464,877
1162: 1299,1503,1372,1015,484,1492,322
1163: 1821,148,1057,1269,518,663,1692,1762,1117
1164: 331,1958,1355,99,552,1546,1581,1113
1165: 57,721,1784,913,1206,1948,546,76
1166: 734,936,993,1135,1627,1575,826,1674
1167: 275,2004,473,1243,990,1784,1539,1047,1301
1168: 390,599,1603,1720,1969,413,468,512
1169: 1279,1405,743,561,1151,1226,798
1170: 529,1060,1712,39,190,1644,143
1171: 140,602,1833,1299,1658,1015
1172: 29,1778,637,1066,1683,475,1389,70,1853
1173: 481,1917,1498,1560,569,980,1729,1373,1311
1174: 1003,1497,1220,1700,739,1228
1175: 313,665,698,1110,1800,1981,807,1055,306,1946
1176: 1758,129,997
1177: 146,457,1207,1115,1486,942,1612
1178: 848,1699,1697,633,1266,1304
1179: 1060,1527,1712,2014,431,2020,304,1213,1536
1180: 1384,347,485,95,314,415,1669,1283
1181: 29,495,1778,1598,293,1931
1182: 801,885,1641,1654,726,305,2012
1183: 953,1257,1455,1521,1639,860,915
1184: 1097,1285,1333,2007,298,554,950,897,1437,507
1185: 254,1732,710,772,864,1273
1186: 206,1961,1466,1403,162,405
1187: 1449,550,662,958,288,1676,1696,954
1188: 1344,1924,1148,1446,255,873,573,197
1189: 70,1853,201,475,1001,1053
1190: 265,1264,1255,799,1007,1974,1245
1191: 1002,1076,1827,915,17,618,857,103,673
1192: 200,345,645,981,2018,1363,149,196,1695,68,114
1193: 1145,394,586,949,1814,755,869,207
1194: 1418,1837,1108,1327,642,814
1195: 97,1034,1764,272,871,108,1374,1656
1196: 972,1863,320,561,578,1151,1040,1996
1197: 174,288,726,2012,1584,932,406
1198: 155,209,1998,1082,1447,443,301
1199: 487,1075,1836,1441,544,1628,522
1200: 362,1425,855,1686,1399,275,473,1243
1201: 289,399,407,1495,1242,612,1010,655,845,758
1202: 86,1280,1452,683,924,372,1320
1203: 2006,1602,720,783,1856,12,1794,82,688
1204: 886,1351,199,1152,1277,447,944
1205: 268,976,1319,1296,1861,974,1161,771,822,1037
1206: 57,1165,76,1590,793,1224
1207: 146,457,1177,1801,573,197,1115,1612
1208: 680,879,1215,1875,1641,174,305
1209: 1011,1379,1445,883,1864,158,367
1210: 183,376,1234,1216,587,1607,77
1211: 303,1953,829,231,1107,263,685,535
1212: 716,1026,1810,1790,1561,933,1284,1703
1213: 525,1536,1179,1527,1605,1078
1214: 588,537,1649,850,1383,1792,491,986,1704,1159
1215: 1579,680,879,1208,1875,358,402,1871,1094,305
1216: 1210,183,624,77
1217: 1832,1343,725,1485,84,1439
1218: 754,1127,1833,1824,1379,1503,367
1219: 308,416,1747,852,1517,469
1220: 1023,1614,1601,423,1003,1174,1228
1221: 401,695,1606,393,669,1453,55
1222: 102,329,343,1990,1366,1891,847,965
1223: 1716,1513,825,1673,1548,676,1272
1224: 1039,1462,1206,1590,598,793
1225: 1103,1769,1376,1920,1444,1722
1226: 561,750,614,743,1334,1169
1227: 218,880,1056,1153,1031,1076,1827,1744,103
1228: 739,1050,1003,1174,1220,423,1700
1229: 1541,1898,296,268,496,78,1319,1638
1230: 123,176,1508,971,428,1942,735
1231: 1756,701,895,1519,215,357,229,1446,351,1631
1232: 1782,1509,966,817,748,111,117,1410
1233: 451,510,1885,1965,1583,1775,217,840
1234: 1210,183,376,624,1027,842,935,107
1235: 87,837,1846,1937,1315,828,1018,1870
1236: 1542,1058,281,708,1943,1098,901,1126
1237: 88,1128,1278,1073,1862,787,1428
1238: 270,314,415,957,1096,1809
1239: 502,683,924,1087,574,986
1240: 58,1634,1696,1797,1071,228,354,1358,1718
1241: 251,1927,1132,794
1242: 153,289,407,1495,1201,1258,758,369,1836,419,482,524
1243: 275,2004,473,990,1167,1200,1472,1784,1948,1301
1244: 1966,396,1814,755,869,90,1368,1922,357,617,1525
1245: 666,1637,1957,1054,1190,1255,799,1007
1246: 1632,1407,1013,1265,811,1689,311
1247: 1699,1304,711,740,1929
1248: 706,810,1306,946,619,904,1759,364
1249: 928,1133,1583,24,1878,898,1885
1250: 291,1972,834,741,705,802
1251: 628,956,1522,480,567,862,1337,51
1252: 1666,910,1997,1331,1360,1411,1502,98,1288,73
1253: 64,1293,1609,1272,1260,1313
1254: 1708,1795,2013,1945,1868,1834,1599,1935,1681,1350
1255: 265,1190,1264,799,1974,833,968,1054,1618,1245
1256: 380,846,1930,434,186,1047,1816,1301
1257: 1183,523,1739,1639,860,1460
1258: 333,1554,758,407,1242,369,1836
1259: 105,1533,440,422,1845
1260: 1253,1293,1272,208,46,676,1877,165
1261: 716,1026,1790,1309,64,1609,210,592
1262: 590,704,239,859,901,1933,315,1838
1263: 421,1143,1849,1851,584,1958,336,1791
1264: 265,1190,1255,833,1618
1265: 1632,1013,1246,1392,1843,558,891,311,83,1687
1266: 1944,235,633,1338,1543,1178,1697
1267: 461,591,1465,321,658,237,1955
1268: 571,669,393,113,481
1269: 1821,148,1057,1163,557,474,518,663,1692
1270: 1350,1661,1860,1708,2013,1945,221,309,1443,234,290
1271: 23,1940,1701,562,719,876,1033,1118,1141,141,195,1431,2019
1272: 64,1253,1260,1223,1513,676,1877,1313
1273: 864,1941,710,1185,767,209,1082
1274: 565,1000,353,538,979,1530
1275: 358,402,1672,1871,1062,1094,1534,888,643,1120,1751
1276: 422,715,1986,1845,911,1802
1277: 199,222,1904,1152,1874,886,1204
1278: 88,1128,1237,1694,478,47,1862
1279: 56,1169,1405,1813,561,1151,1040
1280: 86,107,1202,1452,455,938,937,935,842
1281: 838,1020,960,529,1459,1748
1282: 75,424,1339,1587,1457,264,589,1926
1283: 1095,1353,1633,2001,485,1180,95,964
1284: 1576,1561,933,1808,1212,1810
1285: 233,1097,943,1184,1333,298,1437,1155,507
1286: 42,337,1896,762,594,865,1492,1409,514
1287: 540,1662,159,118,218
1288: 145,809,1157,1382,1915,910,1997,1252,1360
1289: 392,1857,1124,1552,1356,1130,144,1730,1994
1290: 14,412,1626,1728,204,1549,203
1291: 657,730,1532,1563,1819,1564,1551,1059,1433
1292: 91,832,1296,1989,426,1014,1037
1293: 1253,1609,1260,165,1021,800
1294: 1512,1582,1919,15,1069,1072,1514,1515
1295: 13,511,387,359
1296: 91,1292,740,1929,974,771,1014,1037,1205
1297: 179,225,1435,1767,35,398,723,151
1298: 272,871,1413,797,1307,917,101,621,389
1299: 1162,1503,1833,1171,1658,1015
1300: 463,590,704,1126,1058,901,422,911
1301: 1539,186,1047,1816,1243,990,1167,1256,434
1302: 155,1082,263,1941,1953,581,535,328
1303: 1651,373,1866,1556,1404,340,465,1705,483
1304: 1022,1178,1247,1699,1697
1305: 1528,1864,568,1336,1372,42,1896,1770,1409
1306: 626,706,810,1248,818,1759,469,1747
1307: 1976,582,917,519,650,871,1298,1413,1034
1308: 319,1992,1774,1848,2,987,1079
1309: 395,1313,863,64,210,1261
1310: 1488,345,981,1893,1897,244,712
1311: 1655,1373,1173,1498,1560,1729
1312: 710,964,1095,1328,600,417,767,906,1771
1313: 395,1309,1513,1673,676,64,1253,1272
1314: 513,1466,1743,503,10,1036,365,1961
1315: 87,1235,1937,410,466,1870,1650,1540,356
1316: 359,732,526,511,546,76,429
1317: 846,1592,1930,2003,1987,1139,1435,23,1940,1701
1318: 350,1061,1025,1909,135,456,970
1319: 268,78,976,1205,974,1161,771,822,1229
1320: 54,123,372,683,924,1202,1591,839
1321: 166,241,700,731,773,660,934,1375,1916
1322: 1589,1680,1006,779,1947,585
1323: 580,1354,648,887,1121,1461,1812,110,543
1324: 1731,694,1736,1766,825,100,1548
1325: 789,1146,1639,1854,1461,953,575
1326: 870,139,388,182,262,1494,811,508
1327: 965,642,1194,814
1328: 2020,1095,1633,2001,710,964,1312,600,1903,1771
1329: 1832,1343,94,312,1793,1740,181
1330: 178,249,1648,823,1746,194,1755,1081,1388
1331: 1666,910,1252,1360,1411,46,165,73
1332: 83,606,1593,1772,556,646,325,738,1566
1333: 233,1097,943,1184,1285,298,554,950,603,1562
1334: 614,1458,868,743,1433,1226
1335: 918,1391,656,1702,65
1336: 1864,568,1305,1372,367,42
1337: 428,567,862,1942,1763,171,1143,1849,1653,1251
1338: 1944,235,633,1266,15,33,1515
1339: 75,424,1282,264,589,116,1926,397,790,260
1340: 131,780,1799,1746,1357,1779,1129,1660
1341: 796,1950,352,754,1127
1342: 445,892,1938,1957,2015,1869,378,79,867
1343: 1832,1217,1329,1675,181,84
1344: 261,555,1024,1924,1188,255,457,573
1345: 193,356,1736,1766,1650,1678,825,1448
1346: 28,160,1646,220,1467,488,668,1779,1799
1347: 788,1367,922,908,566,1754,1900,226,326,639
1348: 654,757,959,439,1880,977,212,1440
1349: 508,1772,1392,1843,1677,388,1768,646,83
1350: 1661,1860,360,1270,1935,1254,1708,2013,1945
1351: 886,1045,1204,944,1787,37
1352: 243,1744,1369,1883,1733,813,452,273,991
1353: 1095,1283,1633,1384,485,1518,1629
1354: 1323,580,16,1016,747,1489,1377,1812
1355: 330,331,584,1958,1164,595,418,99
1356: 1124,1289,1552,1430,1130,492,856,1951,144,1730
1357: 1746,194,690,1779,131,1799,1340,1755,1129,1660
1358: 354,1950,1718,1240,1797
1359: 152,175,52,1886,741,802,192,1371
1360: 1666,1997,1252,1331,1411,250,1502,98,1915,1288
1361: 123,372,1508,86,376,842,971,1607
1362: 1544,1138,1096,1752,1809
1363: 1488,200,345,645,981,1192,2018,196,68,781,1893
1364: 1557,1444,984,644,718,1713,1090
1365: 791,1540,1543,1072,87,714,1944,235
1366: 343,1990,1222,545,278,815,1798,847
1367: 1347,788,1477,922,785,1923,908,1754
1368: 198,90,1380,1038,66,216,427,1966,396,1244
1369: 149,243,122,1352,1883,1733,1741,991
1370: 61,1148,446,1801,197
1371: 192,1104,872,985,1010,276,52,280,1886,242,1359
1372: 1162,1305,1336,42,594,1492,1409
1373: 1655,833,968,1311,1173,1729,620
1374: 479,604,1656,1195,1888,119,108
1375: 300,400,432,1916,978,934,166,241,1321
1376: 1156,1421,1478,1225,1769,1920
1377: 120,499,747,790,1489,1354,1016
1378: 348,455,927,831,277,1442,727,784
1379: 352,1209,1445,1127,1218,1864,367
1380: 1493,198,1368,1038,74,805,1985,1017
1381: 365,928,1583,503,1775,1961,1480
1382: 145,809,1288,910,73,1009,729,1907
1383: 588,537,1649,1214,1735,1792,827,441,611,1890
1384: 347,485,766,1180,1142,1353
1385: 256,792,1483,883,1528,1864,568,158
1386: 476,1149,576,851,510,760,749,1906,951
1387: 104,1895,286,835,896,453,106,2000,2021,1046,1749,1680
1388: 2003,252,1755,1081,1129,1987,1746,1330,368,1592,1660,1139
1389: 132,201,475,1077,1066,1067,1172,70
1390: 585,649,1046,1749,161,1667,1074
1391: 1335,65,1873,1451
1392: 508,1772,1349,1843,558,1632,1265,83
1393: 1068,1069,1072,1514,1155,233,692,1097
1394: 566,1102,744,226,326,1494,870
1395: 445,892,1807,1007,1957,1573
1396: 553,1001,1053,242,1559,276,872
1397: 2007,1595,1841,941,1520,1972
1398: 430,1581,1952,830,1814,394,586,1091
1399: 780,1472,1686,1646,1200,275,473,990
1400: 20,1714,1101,495,1137,509
1401: 28,160,1686,1646,220,1125,362
1402: 47,67,1438,939,1862,759,995
1403: 697,162,513,1466,1186
1404: 1651,370,1866,1556,1303,63
1405: 56,1169,1279,1813,798,808
1406: 630,847,1499,1765,545,1963,102,343
1407: 1013,1246,941,1725,1689,1841,861,311
1408: 607,897,1773,1437,834,2007,1595,332
1409: 594,1492,1305,1372,42,337,1896,1286
1410: 117,992,817,24,111,843,1232
1411: 1666,910,1997,1252,1331,1360,98,208,46
1412: 1450,663,1105,69,1711,1432,40,1086,1727,1613
1413: 871,1298,797,31,1307,1976,917,621
1414: 203,435,1840,1859,659,1910
1415: 1751,453,821,1474,1745,1988,18,1120,1062,1881
1416: 1888,119,2017,709,253,733,137,1150
1417: 11,317,527,1089,1657,670,816,1547,774
1418: 301,498,1194,1837,1447,1830,1108
1419: 1913,493,592,268,496,1936,296,436,1734
1420: 500,1760,1723,1473,1895,286,1588,970,274
1421: 1156,1376,1478,302,1781,58,1634,1797,22
1422: 2006,720,783,392,517,1552,1817,136
1423: 1955,658,812,1879,1970,610
1424: 193,1736,1766,466,625,1650,253,1150,694
1425: 189,362,973,1200,855,1686,275
1426: 609,674,1504,1035,48,2009,737
1427: 80,534,827,961,703,49,969,157
1428: 787,1073,88,1237
1429: 333,1554,163,1628,1905,1075,1836
1430: 267,386,1577,1842,844,899,1130,492,1463,1730,1356
1431: 195,187,506,1526,2019,562,1033,1118,1271,50
1432: 32,882,1933,629,671,1711,1412,40
1433: 614,1458,1334,657,730,1291,1968
1434: 1061,456,1982,1006,1947,635
1435: 179,225,1141,1297,1139,1767,1987,1317,1940,1701,1118
1436: 438,1935,1844,1122,1681,1847,1698,653,1795
1437: 897,1408,507,2007,298,554,1184,1285
1438: 1402,939,902,995,1620,521,664
1439: 84,1535,1217,725,45,1884,1630
1440: 212,494,564,1635,748,654,1348,439,111
1441: 1075,1199,1836,544,1550,1628,675,899,522
1442: 831,1378,784
1443: 221,309,1623,593,1860,1270,1708,234,290,1645
1444: 1364,1557,1722,984,1225,1103
1445: 1011,352,1209,1379,883,1950,504,1127
1446: 61,229,1148,1756,895,1231,255,873,1631,197,1188
1447: 155,1998,1198,328,301,498,1418,608
1448: 1716,825,1678,1685,1736,1345,1663
1449: 1781,662,958,1187,1534,26,806
1450: 518,663,1412,1692,1105,1086,1727,1117,1555,1627
1451: 661,1865,1873,1391
1452: 86,1202,1280,455,937,502,683
1453: 437,571,669,401,695,1221,393
1454: 1078,1963,1605,60,1765
1455: 953,1183,1521,1761,1043,292,1085
1456: 36,1855,919,1549,435
1457: 75,424,1282,245,517,1857,1552,1048,720,116
1458: 868,1334,1433,909,730
1459: 1029,1748,1605,838,1281,1020
1460: 860,1002,1076,1827,915,38,523,713,1257
1461: 952,1121,1854,1812,1489,1323,1146,1325,575
1462: 764,1039,1224,49,793,969
1463: 144,1144,1730,1577,1842,844,1430,1044
1464: 907,96,14,1728,126,1509,458
1465: 461,563,591,1267,1786,266
1466: 513,1743,1314,503,1403,1186,1961
1467: 217,840,488,668,761,451,1346,223
1468: 85,818,33,1515,1919,626
1469: 1488,345,645,981,114,246,1622,1475
1470: 134,1725,1520,1981,109,306,583,1946
1471: 239,1158,859,570,1834,671,882
1472: 131,780,1399,473,1243,990,380,434
1473: 1723,342,989,933,34,1760,1420
1474: 1751,453,821,1415,1672,1062,806,1134
1475: 1869,244,1482,1488,345,981,1469,1622
1476: 1021,800,929,1576,1561,1570,1867
1477: 788,1367,922,321,785,1923
1478: 1156,1421,1376,58,1797,1920
1479: 1084,1574,519,180,650,184,1624,1796,1976,582
1480: 1775,900,1961,503,365,1583,1381,761
1481: 444,923,454
1482: 1869,378,244,1093,1475,615,1488
1483: 156,1100,1111,883,792,1385,158
1484: 1715,983,1140,1742,1825,489,672,678,227
1485: 213,324,725,1092,1892,1832,1217,1884
1486: 1975,742,942,154,1612,146,1177,957
1487: 93,597,865,1717,1949
1488: 1310,345,645,981,1363,1469,1893,1897,244,1482,1475
1489: 120,499,1377,1354,1016,789,1146,1461,1812
1490: 315,777,1912,704,715,1904,1152
1491: 483,1594,1608,1651,373,1556,967,1691,1956,63
1492: 484,594,865,1642,1409,1162,1372,1286
1493: 198,90,1380,1038,1017,1750,677,701,736,1519
1494: 182,226,262,326,639,811,1394,566,870,139,388,1326
1495: 153,289,399,407,1496,1201,1242,655,1964
1496: 153,289,399,1495,185,1964,769,1679,524,998
1497: 1850,1818,1003,1506,1174,1700,702
1498: 55,191,1173,1917,1560,1114,1311
1499: 630,847,945,1406,1858,1839,102
1500: 479,604,202,1818,765,702
1501: 613,798,808,1136,437,596
1502: 250,765,98,1915,1757,1997,1252,1360
1503: 1162,1299,367,1218,1833
1504: 609,674,1989,1426,308,1721,832
1505: 1658,679,1967,602,565,258
1506: 1850,409,1818,1003,1497,391,202,702
1507: 521,664,753,1625,902
1508: 123,176,372,1230,1361,971,1607
1509: 310,458,966,1232,126,494,817,748,1464,96
1510: 178,249,1596,1624,1796,749,823,184,1777
1511: 794,812,1879,1970,94,30,213,324,1892
1512: 1147,1582,1919,287,1294,307,1069,1515
1513: 1716,1223,1673,676,1313,1272
1514: 15,1068,1069,1072,1393,1294,1944
1515: 85,1468,33,1512,1919,1294,15,1338
1516: 548,1107,826,1674,993,230,1979,1619,685,231
1517: 308,1747,852,1219,818
1518: 71,190,1629,431,1353,1633,2014
1519: 1756,374,677,701,736,895,1921,1231,1493,1750,229
1520: 941,1725,1470,109,583,1972,705,1397
1521: 1183,1455,860,915,17,292,1085,673
1522: 956,1251,480,1849,862,336,1999
1523: 870,139,1768,81,96,881
1524: 920,1085,1119,1657,1822,379,1959
1525: 1922,357,617,90,1966,755,869,1244,677,701
1526: 195,187,506,1431,2019,1141,1033,1118,1617,50,490,1614
1527: 529,1060,1179,1213,1748,1605
1528: 568,1305,256,1385,753,1625,42,1896,1770
1529: 608,858,1971,616,1123
1530: 353,979,1274,283,344,1000,559
1531: 342,403,989,893,1808,21,361,135
1532: 730,1291,1563,1564,651,909
1533: 105,1259,1004,467,477,219
1534: 1672,1871,1062,1094,1275,1449,550,958,806
1535: 84,121,717,1439,1064,45,1887
1536: 525,304,600,1213,1903,2020,1179
1537: 1709,405,1125,206,905,28,220
1538: 43,467,1956,477,63,577,1691
1539: 703,1047,1816,1301,1167,1784,414,157
1540: 791,1678,1365,1685,87,1937,1315,1650,356
1541: 1229,1898,888,643,78,1638,1586,1579
1542: 25,536,1058,1236,1690,281,1098
1543: 791,1365,1685,235,1266,1697,1022
1544: 224,1362,1138,1835,1762,1057
1545: 114,246,1741,991,1054,1974,285,666
1546: 430,854,1581,1952,1113,1958,1164,1851
1547: 1724,816,1065,1417,177,188,1597,774
1548: 100,208,676,1877,1324,1223,825
1549: 204,919,1456,1855,203,435,1290
1550: 530,745,1628,1905,675,269,700,1441,267
1551: 541,1934,1564,579,803,1291,1563,1819,1572
1552: 245,392,517,1857,1124,1289,1048,1356,144,1457,1422
1553: 97,1764,391,1030,1656,202,409
1554: 333,845,1258,1429,758,1049,612,163,1670
1555: 734,936,1117,1135,1627,1450,518,663,1086,1727,1762
1556: 1651,370,373,1866,1303,1404,1491,483,1956,63
1557: 1364,1444,1722,796,170,1713
1558: 281,708,1098,1028,1918,751,1844
1559: 1887,294,1041,276,1805,1396,1053
1560: 813,1114,452,191,1173,1498,1655,1311
1561: 1576,1284,1609,1021,800,1476,1212,1810
1562: 1640,603,828,1928,1018,233,692,943,1333
1563: 1532,1291,1819,129,1934,1564,1551,651
1564: 129,1934,1551,1758,651,1532,1291,1563
1565: 327,856,1977,1951,173,240,996,874,245,1857,1124,75
1566: 236,325,460,912,738,707,1332,1593,167
1567: 1116,211,130,44,1825,232,672,227,1664
1568: 1754,1900,1981,1585,807,313,698,134
1569: 12,540,1031,1662,1794,38,168,688,713,218,1153
1570: 1576,893,1808,1476,929,1867,1978
1571: 125,230,1979,1107,263,772,864,685
1572: 92,1059,1811,1551,803,884,1819
1573: 1007,445,892,1807,1395
1574: 35,1084,1479,519,180,398,650,1796
1575: 44,1615,734,936,1166,1627,826,211,130
1576: 1561,933,1284,893,1808,1570,1476
1577: 267,386,1842,844,1430,1783,884,1044,1463
1578: 631,1786,684
1579: 879,1215,497,1586,1541,888,358,402
1580: 38,168,523,688,533,1856,1739,903
1581: 430,1546,854,1398,1113,552,1164,299,830
1582: 1512,287,1294,307,607,1155,1097,1069
1583: 928,1249,1381,1775,1480,1233,1885
1584: 1688,932,756,947,406,1668,726,1197,284,954
1585: 1568,1900,1981,889,134,341
1586: 1638,464,497,877,1541,888,1579,879,402
1587: 75,1282,240,433,874,505,875,589
1588: 1881,1895,286,896,1988,500,1760,647,1420,821,274
1589: 1322,1947,1,539,622
1590: 76,429,1973,598,1206,1224
1591: 257,1159,839,924,986,54,1763,1320,171
1592: 846,1930,1317,1660,2003,1129,1388,1139
1593: 472,1063,606,1332,1889,460,1566
1594: 1491,667,735,483,1608,340,373
1595: 2007,1397,1841,1972,834,1408
1596: 249,1510,1624,749,1906,476,823,752,1777
1597: 2,177,188,987,1969,413,1547,390,1992,515
1598: 1683,1604,1181,1778
1599: 1254,1795,1834,1844,1681,708,1158
1600: 39,539,1074,638,1103,984,718
1601: 1023,1614,1220,187,999,1829
1602: 2006,720,783,1203,116,1610,1856,12
1603: 1168,1720,354,1950,504,1718,468,1011
1604: 681,1683,1598
1605: 1459,1748,1527,1213,1078,1454
1606: 401,1221,393,334,2008,55,191
1607: 587,971,1210,376,842,1361,1508
1608: 1491,667,1594,51,373,172,967,940
1609: 64,1253,1293,800,716,1810,1261,1561
1610: 116,1926,397,533,1856,424,1602,720,12,168
1611: 425,728,804,881,1782,310,966,81
1612: 1975,1486,457,1177,1207,555,520
1613: 40,1086,459,605,1727,1412,1131,2002
1614: 1220,1601,490,187,1526,1850,1003
1615: 44,2002,1575,1086,734,936,1627,130
1616: 66,216,1050,930,1726,427
1617: 391,151,1030,50,490,1767,723,1526
1618: 569,620,833,265,1264,1255
1619: 230,1882,1979,224,993,1516,1674
1620: 381,72,1438,939,664
1621: 728,804,1083,1768,81,1677,1647
1622: 666,1637,246,345,1469,1869,1475
1623: 221,593,931,1443,1645,148,557
1624: 178,1510,1596,1796,184,1777,1872,1084,1479
1625: 521,1507,753,256,902,1528,1770
1626: 14,1290,204,346,494,1635
1627: 734,936,1117,1135,1166,1555,1450,1086,2002,1615,1575
1628: 530,745,1550,1905,675,1429,1075,1199,1441
1629: 71,190,1518,1,1142,1353
1630: 45,115,1884,1055,1684,725,1439
1631: 255,351,873,1231,215,229,1148,1446
1632: 1013,1246,1265,262,811,388,508,1392,1843
1633: 2020,1095,1283,1328,1353,190,1518,431,304
1634: 58,1240,1676,1696,1797,22,1071,1421
1635: 1440,494,564,346,654,439,14,1626
1636: 371,1735,141,1820,562,876,955,611,1890
1637: 666,1245,1622,1957,2015,246,1869,892
1638: 464,497,1586,877,1161,78,1229,1541
1639: 789,1146,1325,1739,953,1183,1257,575
1640: 603,1088,828,1928,1018,1562,1063,1889,233,692,943
1641: 682,1654,1208,1875,1182,305
1642: 484,594,597,865,1492,322,1738,1717
1643: 757,1665
1644: 71,190,39,622,143,1170,1712
1645: 69,234,247,290,629,221,1623,593,1443,148,474
1646: 160,1346,1686,1401,780,1799,1399
1647: 1737,556,646,1621,1083,1677
1648: 150,476,1149,823,1746,194,690,249,1330,1755
1649: 595,418,588,537,850,1214,1383,441,1704,330,331
1650: 410,466,625,1870,1937,1315,1540,193,356,1424,1345
1651: 370,373,1556,1303,1404,1491,483,1956,63
1652: 1106,921,551,824,1154,93
1653: 171,421,1143,1849,839,1763,862,1942,1337
1654: 1761,682,1043,1641,801,1182
1655: 1974,833,968,1373,1311,285,1733,813,1560
1656: 604,1374,202,1195,1553,1764,108
1657: 920,1119,1524,724,1822,379,1959,11,317,527,1417,670
1658: 679,1015,1967,1505,602,1171,1299
1659: 729,929,1907,1756,374,1921,446,1867,1978
1660: 380,846,1592,1746,1357,131,1340,1129,1388
1661: 1350,1860,360,1270,949,207,1945,309
1662: 540,1031,1287,1569,1794,713,118,218,1153
1663: 1716,1673,1448,1993
1664: 1702,232,672,656,1116,1567
1665: 757,959,1899,1643
1666: 1252,1331,1360,1411,528,1682,98,100,208,46
1667: 161,1769,696,649,1390,1156
1668: 724,885,1822,726,284,1065,1584,932
1669: 314,411,1180,95,2001,254,1732,964
1670: 163,448,1049,845,1554
1671: 1042,559,1804,1785,353,124
1672: 1871,1062,1534,1275,1751,1474,806
1673: 1716,1223,1513,1663,1993,395,1313
1674: 1516,548,826,734,993,1135,1166,1619
1675: 1343,181,923,84,121
1676: 58,1634,1696,22,954,1781,662,1187
1677: 508,1772,1349,1768,1621,1647,646
1678: 791,1540,1685,193,356,1736,1345,1448
1679: 185,1753,1964,769,153,399,1496,998
1680: 1322,1006,779,104,1895,1387,106,1982,2021
1681: 438,1935,1844,1436,653,1028,1254,1795,1945,1599
1682: 137,528,1731,98,100,208,1666
1683: 681,1066,1598,1067,1604,1778,1172
1684: 45,89,115,1630,1064,1962,450,1789
1685: 791,1678,1540,1543,1697,1022,1448
1686: 160,1401,1646,362,1200,1425,1399
1687: 83,472,606,1889,1265,558,891,950,311
1688: 1584,932,756,947,1071,406,284,599,228
1689: 341,941,1725,1407,1013,1246
1690: 172,577,722,751,1098,1542,536
1691: 172,577,967,1491,1538,1956,477
1692: 1450,474,518,663,1105,69,148,1269,1163
1693: 213,1092,1800,1892,1879,610,665,1110
1694: 1079,1707,478,786,542,88,1278
1695: 1831,196,618,68,857,781,1192
1696: 1240,1676,1634,22,954,1187,756,1071,406
1697: 1178,1699,235,1266,791,1543,1685,1304,1022
1698: 214,1847,1999,841,438,1436,1122
1699: 848,1178,1247,1697,1304,711
1700: 691,702,1757,74,1497,1174,739,1228
1701: 23,1940,876,1118,1271,1317,225,1141,1139,1435
1702: 232,248,678,988,1664,656,918,1335
1703: 34,647,377,1026,1212,1790,1734,687
1704: 257,1159,418,1649,850,1214,330,584,171,421
1705: 465,963,587,483,1866,1303
1706: 205,776,894,442,978,1019,432
1707: 1079,1694,478,786,1788,1848,542
1708: 1254,2013,1868,1350,1270,570,221,1443,234,247,290
1709: 339,405,1537,1125,516,1984,28
1710: 1829,366,552,1023,423,323,1726
1711: 69,629,671,1432,474,1412,1105,40,1727
1712: 1060,1170,1179,2014,190,1644,431
1713: 746,601,1364,1557,644,641,1090
1714: 20,1101,1400,572,660,509,1080
1715: 1140,1484,1742,634,678,227,1803
1716: 1223,1513,825,1673,1448,1663,1993
1717: 1738,470,921,1099,597,1642,93,1487
1718: 354,1358,1071,1240,1603,1720,228
1719: 417,443,906,1911,278,782,2005,1830
1720: 390,599,1168,1603,228,1071,354,1718
1721: 308,852,848,674,1504,1989,711,832
1722: 1557,1444,1225,1103,796,1920
1723: 342,989,1025,1473,1760,1420,970,274
1724: 284,816,1065,1547,947,177,413
1725: 134,341,941,1470,1689,1520,1407
1726: 930,323,299,423,1710,1050,1616
1727: 40,1086,605,1613,1711,1450,663,1412,1105,1555,2002
1728: 14,412,1290,126,907,1464
1729: 569,980,620,1173,833,1373,1311
1730: 144,1144,1463,1430,1130,1289,1356
1731: 137,528,1150,1682,694,1324,100
1732: 254,710,964,1185,95,411,1669,2001
1733: 813,452,1352,1369,1883,1655,285,991
1734: 436,1988,1051,1109,687,1913,377,592,1419,296,1703
1735: 371,1636,1792,827,961,441,611,1383
1736: 193,1766,1424,1345,1678,694,1324,825,1448
1737: 707,1647,556,1083,763,138,1780
1738: 322,470,652,1099,1717,484,597,1642
1739: 789,903,1639,523,1580,1257
1740: 181,1793,1329
1741: 114,246,991,1545,149,1369,285,645,2018
1742: 1715,1140,1484,1787,37,634
1743: 513,1466,1314,10,1036
1744: 243,1352,1883,1070,880,1056,1227,452,273
1745: 1751,821,1415,1988,1051,18,500,1881
1746: 194,690,1357,1779,150,1648,1340,1330,1755,1129,1388,1660
1747: 1219,1517,626,1306,818,469
1748: 1459,1605,529,1060,1527,1281
1749: 2000,649,2021,1046,1390,104,835,896,1387
1750: 729,145,1017,1493,374,677,736,1519
1751: 1415,1474,1745,643,1109,18,1120,1672,1062,1275
1752: 1096,1809,520,1024,1362
1753: 185,549,769,1679,1147,287,404
1754: 1568,1900,807,962,1347,788,1367
1755: 252,1081,1129,1388,1648,1746,194,1357,249,1330
1756: 374,701,736,895,1921,1519,1231,1659,446,61,229,1446
1757: 691,1700,1915,702,250,765,1502,1997,1157
1758: 1176,129,1564,651
1759: 363,469,505,364,706,1248,1306
1760: 34,500,647,1420,1988,1723,1473,1881,286,1588
1761: 547,682,1043,1654,575,953,1455
1762: 1544,1835,1057,1163,518,1117,1135,1555
1763: 54,123,176,1591,839,171,1653,428,1942,1337
1764: 97,1034,1195,1553,1030,1656,202
1765: 630,1406,545,1454,1963,60,1852
1766: 193,1736,1424,1345,466,1150,694,1324,825
1767: 225,1141,1297,1139,1435,1118,151,1617,50,2019
1768: 139,388,1523,81,728,1621,508,1349,1677
1769: 638,1225,1103,161,1667,1156,1376
1770: 42,337,1896,819,256,1528,568,1305,753,1625
1771: 417,767,906,1911,1328,1312,600,1903
1772: 1349,1392,1677,646,83,606,1332
1773: 307,607,897,1408,332,693,549
1774: 169,238,319,1992,515,1815,1308,987,67
1775: 900,1480,1583,1381,451,1233,217,761
1776: 1954,625,101,768,733,389
1777: 184,752,763,1872,749,1510,1596,1624,1084
1778: 29,1181,1172,637,1066,1683,1598
1779: 1746,690,223,1357,488,1346,1799,1340
1780: 752,763,1083,623,699,1737
1781: 1449,662,958,26,58,1676,22,1421,302
1782: 310,966,1232,117,133,425,1611
1783: 636,803,884,731,386,1577,1842
1784: 57,913,1165,1948,2004,1243,1167,1539,414
1785: 462,559,1804,1671,560,344,124
1786: 1578,631,1465,266,684
1787: 627,944,1351,983,1140,1742,37
1788: 1707,1093,615,79,542
1789: 52,280,1962,450,1064,45,1684,1887,294,276
1790: 716,1026,1212,1261,64,210,377,592,1703
1791: 214,336,1999,1958,1263,1851,854,1952
1792: 534,827,491,1735,537,1214,1383
1793: 94,312,1740,1329
1794: 12,540,1031,1569,1662,82,1203,688
1795: 1254,2013,1945,1834,1599,653,1935,1844,1436,1681
1796: 178,1510,1624,368,184,1084,1479,1574,180
1797: 58,1240,1634,1421,1478,1358
1798: 278,815,1830,1837,1990,1366,642
1799: 780,1340,488,160,1346,1646,1357,1779
1800: 1092,1892,1693,665,1110,1175,1884,1055
1801: 1207,573,197,1148,1370,1115
1802: 222,1904,1112,1152,1874,715,1986,1276
1803: 914,1715,634,232,248,678,227
1804: 1671,1785,124
1805: 201,1826,1077,1559,1041,1053
1806: 775,43,467,219
1807: 445,892,1395,1938,1573
1808: 1576,933,1284,893,1570,989,1531
1809: 957,1096,1752,1362,1138,270,1238,295
1810: 716,1026,1212,1609,800,1561,1284
1811: 92,686,1044,1059,1572,1902,803,884,1842,1819
1812: 1121,1461,1489,1323,580,1354,1146
1813: 56,1279,1405,1960,1151,1040
1814: 396,755,869,1244,830,427,1398,586,1193
1815: 169,238,1992,515,1774,156,512,1100,1111
1816: 1539,186,703,1047,1301,1256,157,1032
1817: 41,972,1863,136,1994,392,1422
1818: 1850,409,1497,1506,604,1500,202,702
1819: 657,1291,1563,1551,803,1968,1059,1572,1811
1820: 371,1032,1636,141,186,562,719,876
1821: 148,1983,1057,1269,1163,557,1914
1822: 724,801,885,1668,379,1959,1524,1657,670
1823: 640,1929,1861,1993,395,863
1824: 170,754,1127,1218,1833,140
1825: 1484,44,489,1567,672,227
1826: 132,1077,1805,164,444,975,717,1041
1827: 1191,1002,1076,1460,880,1227,1153,17,103
1828: 65,532,128,656,1116,211,303,231
1829: 297,366,552,1710,999,1932,1023,1601
1830: 278,782,2005,1798,443,1719,301,1418,1837
1831: 17,196,618,1695,68,857,292,920,1119,781,673,200
1832: 1217,1343,1329,94,324,725,1485
1833: 1218,1824,140,1171,1299,1503
1834: 1254,1795,1868,1599,239,1158,1471,570
1835: 224,1544,1762,1057,936,993,1117,1135
1836: 487,369,1075,1199,1441,333,1258,1429,1242
1837: 301,1194,1418,278,2005,1798,1830,642
1838: 315,1912,859,1262,882,1052,1933
1839: 630,945,1499,1858,560,462,124,849
1840: 203,1414,1859,412,778,1102
1841: 2007,1397,1595,941,1407,554,861
1842: 386,1577,1430,1783,884,1044,1811,1463
1843: 508,1349,1392,558,262,388,1632,1265
1844: 438,1436,1681,708,1943,1028,1558,1795,1599,1158
1845: 422,1986,1276,1259
1846: 1235,1937,1088,828,1018,1995,355,1954,1870
1847: 214,1999,1698,854,1952,1091,1436,1122
1848: 338,2,1079,1707,1308
1849: 421,1143,1263,1653,862,1337,336,1522
1850: 409,1818,1003,1497,1506,391,490,1614
1851: 421,1263,584,1958,1546,854,214,336,1791
1852: 60,283,560,1029,630,945,1765
1853: 70,1189,475,1137,1172,637,509
1854: 952,1121,1461,1325,110,547,575
1855: 1456,383,1549,435,659
1856: 116,1926,397,533,1610,1602,1203,12,168,688,1580
1857: 245,517,1124,1289,1552,1048,1565,874,75,1457
1858: 847,1499,1839,102,1891,849
1859: 1840,1414,1910,785,922,778,908
1860: 1350,1661,1270,221,309,593,1443,234
1861: 640,1929,1823,974,976,1936,1205
1862: 47,67,1402,939,1128,1237,1278,72
1863: 41,1817,972,1196,1994,320,578,1996
1864: 568,1305,1336,158,1209,1379,1385,367
1865: 661,1451,1123
1866: 370,373,1556,1303,1404,465,1705,483
1867: 446,1978,1476,929,1659,893,1570
1868: 1254,1708,2013,1834,570,247
1869: 378,1482,1475,1622,1637,2015,1342
1870: 1954,410,625,1650,1995,1235,1846,1937,1315
1871: 358,402,1672,1062,1094,1534,1275,643,1215
1872: 184,763,1777,138,1624,31,1976,582,1084
1873: 65,532,1005,1391,661,1451
1874: 222,1112,1152,1277,1802,886
1875: 879,1208,1215,770,497,547,682,1641,305
1876: 24,843,1878,62,977,212,1133
1877: 100,208,46,1548,676,1272,1260
1878: 24,843,1876,928,1133,1249,898
1879: 812,1970,1511,1423,213,1892,1693,610,1110
1880: 62,977,757,1348
1881: 286,896,1588,1988,500,1760,647,821,1415,1745
1882: 125,1979,1619,295,224,1138,270
1883: 243,1744,122,1352,1369,880,1733,813,452,273,991
1884: 115,1630,1055,725,1092,1485,1800,1892,1439
1885: 451,510,898,1233,1965,24,1249,1583,59
1886: 52,280,1962,450,741,802,192,1371,1359
1887: 1559,294,1041,1535,717,1064,1789
1888: 119,709,1416,479,604,1374,137,853
1889: 472,1063,606,1593,1687,950,460,1640,603,1088,1928
1890: 142,441,501,955,611,1932,1636,506,588,1383
1891: 102,329,1222,847,1858
1892: 213,324,725,1092,1485,1800,1693,1879,1511,1884
1893: 317,527,1897,68,920,781,1488,1310,200,345,981,1363
1894: 259,867,1938,795
1895: 104,286,835,896,1387,1588,1420,106,274,1680
1896: 42,337,762,819,1286,1770,1528,1305,753,1409
1897: 317,527,1089,1893,1488,1310,981,244,712
1898: 1229,1541,888,296,643,436,1109,1120
1899: 654,959,1665,382,346
1900: 1568,1754,1585,1347,326,639,889
1901: 120,499,790,260,1926,397,533,903
1902: 92,686,1044,1811,1144,1994,578,41
1903: 525,600,1536,1328,906,1771,1911
1904: 199,222,1152,1277,1802,715,777,1490
1905: 530,1550,1628,163,1080,1429,1075
1906: 749,420,623,951,576,851,476,1386,752,1596
1907: 729,929,1659,910,145,1382,73,1009
1908: 516,689,387,189,925
1909: 361,135,1115,146,350,1318,942
1910: 684,785,1414,1859,659
1911: 906,1771,1719,525,1903,279,782,815
1912: 315,531,777,1490,1838,1052,1933
1913: 377,493,592,1419,496,296,436,1734
1914: 261,1924,385,931,1821,1983,557
1915: 691,1757,1502,1997,1360,1157,1288
1916: 400,1375,166,241,731,1321,773,541,579
1917: 55,113,191,1173,481,1498,393,980
1918: 751,956,480,841,1098,1028,1558
1919: 1512,1147,287,1294,85,1468,1515
1920: 796,1376,1478,1225,1722
1921: 1756,374,736,895,1519,1659,446,61,229
1922: 215,357,617,1525,207,90,1966,755,869,1244
1923: 1955,962,321,788,1367,1477
1924: 261,1344,1914,1188,255,385,873,573
1925: 10,271,384,1939,62,1133
1926: 116,397,533,1610,1856,424,1282,1339,1901,260
1927: 237,251,1241,658,794,812,1970
1928: 1640,603,1088,1018,1562,950,472,1063,1889,943
1929: 1823,1861,974,1247,1296,740
1930: 380,846,1592,1256,1317,186,1047,23,719
1931: 293,1181,894
1932: 142,501,1890,999,506,595,297,1829,366
1933: 32,882,1052,1432,859,1262,1838,1912,982
1934: 129,541,997,1564,1551,579,1563
1935: 1436,1122,1681,653,1350,360,1254,1795,1945
1936: 268,496,976,640,1861,863,493,1419
1937: 87,714,837,1235,1846,1315,410,1870,1650,1540
1938: 445,1807,1342,1894,867
1939: 10,271,1925,365,928,1133
1940: 23,1701,562,719,876,1033,1118,1271,1317,1435,141
1941: 263,864,1273,1953,155,1302,1082,535
1942: 428,567,862,1337,839,176,1763,1230,1653
1943: 281,708,1844,1236,239,1158,901
1944: 235,1266,1338,15,1072,1514,714,1365
1945: 1254,1795,2013,653,1935,1681,1350,1661,360,1270
1946: 109,306,583,313,665,1175,1981,134,1470
1947: 1322,1589,1006,1434,1,635,1142
1948: 721,1784,913,1165,855,820,275,2004,1243
1949: 514,597,865,1487
1950: 354,1358,504,1603,1341,352,1445
1951: 327,492,856,1977,522,1565,1130,1124,1356
1952: 430,1546,854,1398,214,1791,1847,1091,1122
1953: 1211,829,263,685,1941,1302,535
1954: 410,625,1870,1776,101,768,1995,1846,733
1955: 1923,1423,461,1267,321,658,1970
1956: 43,1538,63,1491,1651,373,1556,967,1691
1957: 666,1245,1637,2015,1007,892,1395,1342
1958: 584,1164,1355,1263,1851,1546,854,1113,1791
1959: 801,885,1822,379,1043,1085,1524,1657
1960: 56,1813,401,695,334
1961: 206,900,1186,1480,1466,1314,503,1381
1962: 52,280,450,1886,1789,1064,1684,294,741
1963: 279,545,1078,1454,815,1406,1765
1964: 185,1679,985,152,994,399,1496,1495
1965: 318,451,510,1233,1885,760,851,217,840
1966: 396,869,1244,66,198,90,1368,1038,1922,1525
1967: 1658,679,1505,565,322,652,1099,538
1968: 92,686,1059,657,1819,614,1433,578,750
1969: 177,987,413,1597,390,1168,1992,515,512
1970: 794,812,1879,1511,237,1927,658,1423,1955
1971: 581,616,1160,328,1123,608,1529
1972: 291,1250,834,705,109,1520,1397,1595
1973: 76,429,1590,598,526,632,916
1974: 1655,833,968,285,1054,1545,265,1190,1255,799
1975: 1486,742,154,1612,957,1096,520
1976: 31,1307,582,917,1872,1084,1479,519,650,871,1413
1977: 327,856,1951,1565,544,449,173,433,996
1978: 21,446,1867,1659,893,1570
1979: 125,230,1882,1571,1619,295,224,1516,772
1980: 283,1000,1020,1029
1981: 1568,1585,807,313,1175,583,1946,134,1470
1982: 456,970,106,274,1434,1680,1006
1983: 1821,1057,557,261,1024,1914
1984: 516,890,1709,339
1985: 809,1017,1157,691,74,805,1380,1038
1986: 1276,1845,1112,1802
1987: 2003,252,1081,1388,368,1317,398,179,225,1139,1435
1988: 1051,18,1734,687,500,1760,647,821,1415,1745,1881,1588
1989: 609,1504,1721,91,832,1292,426,16
1990: 329,343,1222,1366,1798,965,642
1991: 764,1039,878,938,937,502,1087
1992: 169,238,319,515,1815,1308,1774,987,1969,1597,512
1993: 1823,1663,1716,1673,395
1994: 144,1144,1902,392,1289,41,1817,1863
1995: 768,1008,355,1018,1846,1954,410,1870
1996: 159,926,1040,127,1151,972,1196,1863
1997: 910,1252,1360,1411,1502,1915,1757,809,1157,1288
1998: 155,1198,1447,581,616,328,498,608
1999: 214,336,1791,1847,841,1698,1522,480
2000: 649,1046,1749,453,835,1387,147,1134
2001: 1095,1283,1328,95,1669,1732,710,964
2002: 44,1615,489,1086,459,1727,1613,1627
2003: 252,1129,1987,1388,1592,1317,179,1139
2004: 275,473,1243,1167,855,57,1784,913,1948
2005: 278,782,1830,417,443,1719,301,1837
2006: 1602,783,1203,1422,972,136,127,82
2007: 1397,1595,1841,554,861,897,1408,1437,1184
2008: 334,349,1606,191,1114,452
2009: 48,264,737,875,589,1426,747,790
2012: 174,288,726,305,1197,680,1182
2013: 1254,1708,1795,1945,1868,1350,1270,234
2014: 1060,1179,1712,190,1518,431,304
2015: 1637,1957,1869,378,445,892,1342
2016: 408,1073,795,1012,786,88
2017: 119,709,1416,733,108,389,272
2018: 345,645,1192,1363,149,196,68,114,1741
2019: 1526,1431,1141,1767,1033,1118,1271,50
2020: 1095,1328,1633,431,1179,304,600,1536
2021: 585,1046,1749,104,1387,1680,779