0: 2023
1: 1589,1947,1629,1142,71,1518
2: 1308,1848,338,188,987,1597
3: 
4: 
5: 
6: 596,613
7: 742,766,1486,942,1061,635
8: 2022
9: 1428,1073,408
10: 486,1036,271,1743,1314,365,1939,503
11: 1524,379,1822,1657,920,527,1417,317
12: 688,1569,168,1856,1610,1602,82,1794,1203
13: 387,925,973,1295,511,820
14: 126,1728,1464,1626,1635,1290,494
15: 1294,1514,1515,1919,1944,1072,1338
16: 1354,1016,1035,609,1989,426,580,648
17: 292,673,915,1002,1191,857,1831,618
18: 1751,1051,1415,1745,1120,1734,1109,687,1988,821
19: 449,482,419,282,946,619,364
20: 934,1019,442,1101,1400,1714,660
21: 361,403,1531,1978,893,1808
22: 1676,1781,1634,1421
23: 1033,1701,1271,1118,876
24: 992,898,1410,1878,1133,1249,1885
25: 1004,536,440,1542,463,1058
26: 696,147,302,662,1781,1449
27: 624,1027,935,1234
28: 905,220,1537,1401,1125,1709,160
29: 495,1137,1778,1172,637,1181
30: 94,324,1132,794,312,812,213,1511
31: 582,1872,1976,325,917
32: 605,531,982,1432,1933,1052,40,1711
33: 1338,633,1266,1517,1515,1468,818
34: 687,1703,1026,933,1473,989,1760,647,1723
35: 1034,519,1574,723,1297,97
36: 375,919,1456,1855
37: 1787,1742,1351,634
38: 688,1569,168,1580,1031,713,523
39: 143,1600,718,539,622,1644
40: 1613,1711,1412,1432,32,605,982,1727
41: 578,1863,1902,1144,1994,1817
42: 337,1896,1409,1305,1770,1336,1372,1286
43: 1806,775,467,370,63,1538,1956
44: 1825,1567,2002,1615,489,130,1575
45: 1535,1064,1684,1439,1630,115,89
46: 1666,1331,1411,208,1877,1260
47: 478,1278,67,238,1128,1862,939,1402
48: 1426,737,609,264,2009,790,747,1016,1035
49: 157,1427,414,793,1462,969
50: 1431,2019,1141,1767,151,1617,490,1526
51: 567,667,862,1608,628,940,1251
52: 276,1371,280,1962,192,1359,1886
53: 1020,258,601,641,838,1090
54: 1763,839,1591,1320,372,176,123
55: 1606,191,1498,1221,1917,113,393,481
56: 437,695,1279,808,1405,1813,1960
57: 414,1784,913,1165,793,1206
58: 1634,1358,1240,1797,1421,302,1478
59: 992,898,117,510,576,951,851
60: 630,1765,1454,1605,1852,1029
61: 895,446,1756,1921,1446,229,1370,1148
62: 1880,384,977,1876,1925
63: 1404,370,1651,1491,1556,1538,1956,775,43
64: 716,1609,1790,1261,1309,1253,210
65: 656,1335,1391,532,1828,1873,1451
66: 930,216,1616,1050,427,1038,396,1368
67: 759,169,238,1774,47,1862,939,995,1402
68: 1893,1363,1831,781,618,857,1192,196,200,981
69: 1105,1711,247,1645,629,1692,148
70: 1066,475,1389,1172,637,201,1189,1853
71: 1644,190,1589,1,1629,622,2014,1518
72: 787,1128,1862,1620,939
73: 1252,1331,1411,910,1382,165,1907,1009
74: 805,739,691,1157,1985,1038
75: 1457,424,1857,245,1048,1282,1339,1587
76: 1165,429,546,1973,1206,1590
77: 1216,183,1210,963
78: 1638,877,1161,1319,268,1229,1541
79: 1788,1093,378,867,259,786,1012,542
80: 969,1087,1427,1792,827,574,534
81: 139,1523,1768,881,96,1611,728,508
82: 159,540,127,1794,1203,2006,12
83: 1332,606,1593,1349,1392,1772,1687,558,472
84: 1439,1217,1343,923,1675,121,1535
85: 1919,404,1147,626,810,1468
86: 1361,842,372,1452,107,1280,1202
87: 1315,1937,1650,1540,714,1365,837
88: 1694,1278,786,2016,1073,1128,1237
89: 291,450,1630,316,115,45,1684
90: 1966,396,1244,1368,869,198,1493,736,677,1525
91: 1296,740,1247,711,1292,832,1989
92: 1463,1902,1044,1144,884,1059,1572,686,1811,578
93: 1717,470,1154,1652,551,921
94: 1832,30,324,312,1793,1329
95: 2001,964,1669,1180,314,485,1283
96: 126,907,1464,458,310,1523,81,881
97: 1553,1764,35,1034,723,1141,1030
98: 250,1502,853,1682,528,1666,1252,1411,1360
99: 366,331,552,1164,1113,297,323,1355
100: 1682,1731,1324,1548,208,1877
101: 1954,1995,768,621,1008,1298,272,2017,389,733
102: 1891,1406,1499,343,847,1222,1366,1858
103: 880,1191,122,857,1827,1227,243
104: 106,1895,835,1387,896,286,1046,2021,1749,779,1680
105: 1533,1004,440,422,1259
106: 1006,104,1982,1895,274,1420,1387,286,1680
107: 727,1027,935,1280,842,86,1234
108: 272,2017,389,1195,1656,1764,119,709,1374
109: 836,1520,1972,705,1397,316,1470,583,291,941
110: 547,770,1875,952,1121,543,464,1854,497
111: 212,564,1878,843,817,748,1232,1410
112: 309,351,593,873,931,948,1443
113: 1268,1917,669,393,1606,55,481
114: 2018,1192,149,1741,1545,645,1469,345,246
115: 1055,1884,1630,316,306,45,291,89
116: 1610,1602,1926,720,517,424,1048
117: 59,992,1410,966,1232,1782,576
118: 1662,1287,1056,218,1031,349,1070
119: 1888,1416,709,108,2017,389,1656,253,1374
120: 903,789,499,1901,1377,1354,1146,1489
121: 717,975,923,1675,84,1887,1535
122: 103,857,1883,243,1369,196,149
123: 1508,176,1320,1361,372,54,1763
124: 1839,849,462,1785,1671,1804
125: 772,254,1882,295,1979,270,411,230,1571
126: 1464,96,14,494,748,458,1509
127: 159,82,972,136,2006,1996
128: 532,303,1828,231,1516,548,826,1116
129: 1758,1176,1564,997,541,1934
130: 826,1575,1116,1615,1567,44
131: 780,1340,1660,380,846,1129,1472,1592
132: 1067,164,1826,975,1389,1077,1805
133: 1906,699,576,951,623,1782,425
134: 1585,341,1725,1470,1981,1946,1520,941
135: 350,1318,1909,342,361,403,1025,456
136: 1422,1817,783,2006,972,127
137: 1682,1731,528,1888,1416,1150,853
138: 1872,1737,763,1780,707,325,556
139: 1523,81,1768,870,1326,388,508
140: 1171,602,746,170,1713,1557,1833,1824
141: 876,562,955,1636,1118,719,1820,1033,195,1701,1271,371
142: 595,588,1649,1383,297,1890,441,1932,501
143: 39,718,1644,1170,960,529
144: 1289,392,1730,1994,1463,1144
145: 729,1907,1288,809,910,1382,1985,1017,1750
146: 1486,942,1177,1115,1207,350,1909
147: 696,26,806,1134,2000,1449,649
148: 1269,1692,1163,1623,247,1645,1105,69
149: 114,2018,196,200,122,1741,1733,1545,1369
150: 840,223,690,318,1149,1648,194
151: 723,1141,1767,1297,1435,225,398,50,1030
152: 192,175,1359,1104,985,994,693
153: 998,769,1679,1496,524,289,482,946
154: 957,415,1238,1486,1975,742,347,1180
155: 1998,1082,328,1198
156: 468,515,512,1815,169,1111,1100
157: 49,703,1427,961,1539,414
158: 1385,1483,883,1100,1209,1864,568
159: 82,540,127,1996,926,1287
160: 1799,1346,1646,28,220,1401,1686
161: 1103,638,1769,1667,1390,1376,1156
162: 697,1403,339,206,405,1186
163: 1429,333,509,1554,1670,1080,1905
164: 1067,132,454,444,1826,975
165: 1021,800,73,1331,1293,1260,1009
166: 241,731,1375,1916,1321,773,572,934,660,269,700
167: 797,236,866,621,912,1008,460,1566
168: 12,38,533,688,1856,397,903,1580
169: 1815,67,759,238,1774,156,1111
170: 754,1127,796,1722,1557,1824,140
171: 1653,1763,839,257,1704,421,1143
172: 577,967,1691,1690,722,940
173: 433,1977,996,874
174: 2012,680,305,1215,1208,550,288,1197
175: 802,1359,152,332,994,693
176: 1230,1508,428,123,1942,54,1653,1763,839
2009: 589,264,875,48,1426,737,790,747
178: 249,1510,1624,823,1330,1081,1796,368
179: 252,368,1987,225,1139,398,1081,180,1297
180: 1479,1796,1574,179,368,398,1297
181: 1481,1675,1740,1329,1343
182: 226,639,1494,889,262,811,1013
183: 1216,77,1210,1027,624,376,1234
184: 582,1872,763,1777,1624,1796,1084
185: 399,1964,994,549,769,1679,1753
186: 1816,1032,719,1820,1047,1256,1930
187: 490,1526,1614,195,506,501,999,1601
188: 774,1089,1547,1848,2,338,987,1597
189: 516,362,1908,925,973,1425
190: 1644,1712,1170,71,431,1179,2014,1518,1060
191: 1606,1114,2008,1498,55,334,1917,393
192: 1359,1886,152,1371,280,52,1104,985
193: 1736,1766,694,1650,1424,466,1678,356,1345
194: 1746,1129,1755,1330,1081,1648,150,223,690,1357,249,823
195: 1431,1033,1701,2019,1271,876,562,141,187,1526,506
196: 2018,1192,149,200,122,857,68,618
197: 1801,1207,1370,1188,1148,573
198: 1985,1038,1017,1380,1493,216,1966,396,1368,90
199: 447,1204,777,1904,1277,1152,886
200: 2018,1192,196,149,857,1363,1831,781,68,618
201: 1053,1077,1805,1189,70,475,1389,1853
202: 479,604,1374,1500,1553,1656,1764,409,1506,1818
203: 435,1549,1414,1290,412,1840
204: 1626,1635,346,1290,919,382,1549
205: 776,978,1706,300
206: 162,405,1186,1961,900,905
207: 949,617,948,1922,755,1193
208: 1548,1877,1682,100,528,1666,46,1411,1260
209: 1082,1273,417,767,1198,443
210: 863,493,592,1309,716,1790,1261,64,1913
2017: 272,108,389,101,733,119,1416,709
212: 564,439,1440,111,1348,843,977
213: 1693,812,1879,1511,1892,1485,30,324,1092
214: 854,1791,1847,1952,1999,336,1698
215: 229,1631,1231,357,948,351
216: 66,1616,805,1050,198,1038,1368
217: 668,1775,1467,761,1233,1965,451,840
218: 1662,118,1056,1031,1153,713,1227
219: 1533,1806,467
220: 905,28,1401,668,488,160,1346
221: 234,247,290,1645,1443,1270,309,593,1623
222: 1112,1874,1802,1904,1277,1152,715
223: 1779,840,150,488,690,451,1467,318,194
224: 1619,1674,993,1544,1362,1835,1138,1979
225: 179,1987,1139,398,1767,1297,151,1435
226: 1394,870,182,639,1494,566,908,1102,326,262
227: 1825,232,672,1567,1484,1803,248,1715,678
228: 599,1718,1071,756,1688,947,1168,1603,1720
229: 1446,215,1631,1519,677,1231,357,701,61,895,1921,351
230: 1107,685,1571,1979,1619,1516,125
231: 128,303,1516,548,1211,1107,685
232: 227,672,1567,1803,248,678,1702,1664,988
233: 1562,692,1285,1640,1333,943,1097
234: 221,247,290,1645,1708,1443,1860,1270,309,593
235: 1543,791,1697,1944,1365,1338,1266
236: 797,866,167,912,460,1566,325,738
237: 1927,658,563,251,461,1955
238: 1815,67,169,1774,1992,478,319,47
239: 1262,590,901,1943,1158,1834,1471,859
240: 1565,433,996,874,505,904,245,1587
241: 166,1375,1916,1321,978,934,1019,660
242: 276,1371,280,1396,553,1104,1010,655,612
243: 273,1352,1883,1744,880,103,122,1733,1369
244: 1488,1310,981,712,1475,1482,615,1093
245: 75,1857,856,240,1565,996,874,1282,1587
246: 645,1469,666,1545,114,1054,799
247: 221,234,290,1645,1708,1270,671,629,148,69
248: 914,1803,678,232,227,1702,988
249: 178,1510,823,1596,1648,194,1330
250: 765,1502,98,853,479,528,1666,1360
251: 563,1241,237,1927
252: 2003,179,368,1987,1139,398,1755,1388,1081
253: 1424,466,625,733,1954,389,119,1416,709,1150
254: 1185,772,125,295,1732,411
255: 1188,1148,1344,573,1446,1631,873,1924
256: 1507,1528,902,753,1385,792
257: 1704,1159,1214,850,171,839,1591
258: 53,601,1505,602,565
259: 795,1012,79,1938,1894,867
260: 499,790,1901,264,1339,397,1926,747
261: 385,1983,1924,1188,1344,555,1024
262: 1843,1632,811,1013,226,870,182,639,1326,1494,388,508
263: 1211,685,1571,772,864,1941,1302,1953
264: 589,1282,1339,2009,48,260,790
265: 1618,833,1255,1190,1264
266: 1786,1465,591,1578,631,684
267: 1550,636,269,745,675,899,386
268: 496,976,1936,1205,974,1319,1419,78,1229,296
269: 1550,636,700,745,267,530,731,166,773
270: 1809,1882,295,1362,1096,314,957,415,1238,411,125
271: 486,384,1036,10,1925,1939
272: 108,2017,389,1195,1298,871,101
273: 349,1352,1883,452,1744,1070,243,1056,1733,813
274: 106,1982,1895,1723,970,1420,286
275: 1200,1425,473,1948,855,2004,1243
276: 242,1371,280,52,294,1396,1559
277: 916,878,927,598,831,938
278: 545,343,1366,1990,782,815,1830,2005,1798
279: 1911,815,525,1078,1963,545,1366
280: 242,276,1371,52,294,1789,1962,1559,192,1886
281: 1098,1542,1558,1236,708,1943
282: 449,419,19,619,364,433,1977,904
283: 1852,1029,1980,344,560,1530,1000
284: 1724,947,816,1668,932,1584,1688
285: 1741,991,1545,1655,968,1054,1974
286: 1387,896,1881,1588,1420,106,104,1895,274
287: 1919,1147,1753,307,549,1582,1512
288: 406,1197,954,174,2012,550,958,726,1187
289: 407,524,369,1242,1201,1495,399,153,1496,482
290: 221,234,247,1645,1708,1443,1270
291: 89,450,741,316,115,1684,109,836,705,1250
292: 17,1521,673,915,860,1183,1085,1455,1831,1119
293: 1931,894,1181,495,442,1101
294: 1887,1064,1789,1962,1041,1559,276,280
295: 1809,1882,1979,270,411,254,125
296: 1229,1898,268,496,1419,436,1734,1109,1913
297: 595,418,588,142,1932,1829,366,331,552,99,1355
298: 1333,950,861,891,554,1184
299: 1581,830,427,323,552,1113,930
300: 400,205,978,1375
301: 1198,443,1418,1830,2005,1447,1837
302: 696,26,1667,1781,58,1421,1376,1478,1156
303: 128,532,1828,231,1211,829,1005
304: 2020,1536,431,1179,2014,1633,1712,1213
305: 174,2012,680,1641,1182,1208,726
306: 1470,583,665,1946,1175,1055,316,115,836
307: 693,549,1773,897,1582,1155,607,287,1512
308: 416,1219,852,1721,674,737,1504
309: 112,351,593,948,1860,221,234,1443
310: 458,966,1509,96,881,1782,1611
311: 1265,891,1689,1246,1407,861
312: 1132,1793,1329,94,30
2020: 304,1536,431,1095,2014,1633,600,1328,1903
314: 415,1238,270,95,1669,1180,411
315: 1912,1838,1262,590,704,1490,777
316: 1055,1884,115,583,306,291,89,109,836
317: 774,1089,1417,527,11,379,1897
318: 1149,760,1965,451,840,150,223
319: 478,1079,1308,987,1992,238,1774
320: 578,1863,1196,561,750,1151,1040
321: 1923,1267,591,684,1477,785
322: 1967,1015,679,1099,484,1642,470,1738
323: 1710,1726,366,552,99,1113,930,1616,299
324: 1485,94,1832,30,812,213,1511,1892
325: 1566,707,556,738,31,138,797,236,912,917
326: 1347,1900,908,778,1394,226,639,566
327: 492,1951,856,522,544,1977,996
328: 581,1941,1302,535,1082,1198,608,1998,616,155
329: 1891,1222,1990,965
330: 1704,1214,850,418,1649,331,584,1355,421
331: 366,99,1164,595,418,297,330,1355
332: 1250,834,1408,1773,802,175,693
333: 163,1258,1429,1836,1554,1670,758
334: 401,1606,191,2008,349
335: 605,531,982,447,944,1131,627
336: 1522,1999,480,1851,1849,1263,1791,214
337: 42,1896,1409,1770,762,1286,819,594
338: 1848,2,712,774,1089,188
339: 697,162,405,890,1984,1537,1709
340: 465,587,735,1230,483,1303,1594
341: 889,1585,134,1689,1725,1013,1407
342: 1473,989,403,1531,1723,1025,135
343: 278,545,847,1222,1366,1990,815,1798,102
344: 353,1785,559,560,1530,1000,283,462
345: 645,1469,1475,114,2018,1192,1363,1488,1310,981
346: 1626,204,1635,382,1899,654
347: 742,766,415,154,1384,485,1180
348: 727,1280,927,1378,784,831,938,455
349: 273,452,1070,334,118,2008
350: 135,1318,1909,146,942,456,1061
351: 112,309,873,357,948,229,215,1631
352: 1445,1950,1341,754,1127,1379
353: 559,344,1530,979,1274,824,471,1042,1671
354: 504,1950,1718,1358,1240,1603,1720
355: 1018,1846,1235,1088,828,1995
356: 1678,1345,1315,1650,1540,1424,466,410,193,1736,1766
357: 677,1231,1525,1244,617,948,1922,229,215,351
358: 1579,879,1062,402,888,643,1215,1871
359: 732,1295,511,1316,546
360: 1661,1350,1945,653,1145,1935,949
361: 21,403,1978,1801,135,1909,1115
362: 516,189,1125,1401,1686,1200,1425
363: 505,1759,416,469,875,737
364: 619,1248,282,19,433,505,1759,904
365: 928,1381,1939,10,1314,1480,503
366: 331,552,99,1113,1932,297,1710,1829,323
367: 1864,1379,1127,1218,1503,1305,1336
368: 252,179,1987,398,178,1330,1081,1796,180
369: 407,524,289,1242,1258,1836,482,419,487
370: 1404,63,1866,1651,1556,775,43
371: 1735,827,611,1032,1820,703,961,1636,141
372: 1361,842,86,1202,1320,54,1508,123
373: 1651,483,1491,1556,1303,1594,1608,1956
374: 1519,1750,736,729,701,1659,1756,1921
375: 36,919,382
376: 1361,842,1234,1607,183,1210
377: 687,1703,1026,592,1790,436,1734,1913
378: 1869,1342,2015,79,1482,1093,867
379: 11,1524,1822,1657,724,1065,1417,317,816
380: 131,780,1660,846,434,1047,1472,1256,1930
381: 521,1620,1438,664
382: 1899,375,919,204,346
383: 1578,631,659,1855
384: 486,271,62,1925
385: 261,1983,557,1924,873,931
386: 1842,1577,1783,899,1430,636,267
387: 13,925,689,1908,1295
388: 1349,508,1326,1494,139,1632,262,811
389: 272,108,2017,1298,101,1954,768,253,733,119,709
390: 1969,515,1597,512,413,599,1168
391: 1617,1030,409,1850,1141,1553,490
392: 144,1289,1994,1552,517,1422,1817
393: 1268,1917,669,113,1453,1221,401,1606,191,55
394: 653,1145,1122,1398,1091,586
395: 1673,1309,1513,1313,640,1823,863
396: 1966,1244,1368,90,869,930,66,427,198,1814,755
397: 1610,1926,260,1901,533,168,1856,903
398: 252,179,368,1987,225,1139,180,1574,1297,151
399: 1964,985,994,185,655,1201,1495,289,1679,1496
400: 300,997,1375,1916,541
401: 1960,334,695,1453,1221,393,1606
402: 1062,888,643,1579,358,1120,1215,1871
403: 361,21,1531,342,989,1025,135,1318
404: 85,1147,1753,998,769,810
405: 162,339,206,905,1537,1709
406: 288,1197,954,1584,726,932,756,1688
407: 524,289,369,1242,758,655,612,1201,1495,1258,1496
408: 9,1073,1894,2016,795
409: 391,1030,1850,1553,1500,202,1506,1818
410: 466,625,1846,1954,1315,1650,1870,356
411: 1732,1669,314,295,270,254,125
412: 1102,1840,744,203,1290,1728,907
413: 1547,1724,947,599,390,1969,1597
414: 57,1784,1167,793,49,157,1539
415: 314,957,1238,154,742,347,270,1180
416: 308,469,1219,363,674,737
417: 209,767,1771,1312,1719,906,443,2005
418: 595,1649,1383,297,1214,850,330,331,1355
419: 449,482,282,19,487,524,369,1242,946
2006: 783,136,972,1602,82,127,1203
421: 584,1851,1704,330,1653,171,1143,1263
422: 911,463,1276,1300,440,105,1259,1845
423: 1220,1601,1228,1023,1726,1050
424: 75,1457,1048,517,1282,1339,1610,116,1926,720
425: 1782,1611,804,728,699,133
426: 1014,580,648,609,1292,1989,16
427: 299,830,930,66,396,1368,869,1814
428: 735,1230,176,1942,1763,567,667
429: 1316,76,546,526,1973,1590
430: 1091,854,1952,1546,1581,830,1398
431: 2020,304,1179,1095,2014,1633,1518,1712,190
2013: 1350,1945,1270,1868,1795,1254,1708
433: 240,1977,173,996,874,449,282,364,904
434: 1301,1047,990,1472,1256,473,380
435: 1456,1855,1549,1414,203,659,1840
436: 1734,1109,1913,496,1419,1898,296,377,1051
437: 571,695,1453,56,808,596
438: 1681,1028,1844,1698,841,1436
439: 654,212,1440,1348,757,959,1635
440: 1004,25,105,422,463,1058,1259
441: 1735,1792,827,611,491,595,588,1649,142,1383,1890,537
442: 1019,1706,1101,20,293,894
443: 301,1198,2005,1082,209,417,1719,906
444: 1481,923,454,164,717,975
445: 1938,1395,892,1342,1807
446: 61,1756,1867,1659,1978,1370
447: 199,1204,944,777,335,531,982
448: 1137,1853,509,1189,1049,1670
449: 544,482,419,282,19,487,433,1977
450: 291,89,741,1962,1684,1886
451: 1233,1965,1775,1467,217,318,760,840,223
452: 273,349,1352,1883,1744,1070,1114,2008,813
453: 835,1387,896,2000,1881,1134,821,1749
454: 1481,444,164
455: 937,938,1452,927,1378,727,1280,348
456: 1434,1061,970,1025,350,135,1318,1982
457: 1612,555,520,1207,1188,1344,573,1177
458: 748,966,1509,310,126,1464,96,881
459: 489,983,1131,627,1613,605,2002,1727
460: 236,866,167,1008,1593,1566,738,1088,1063
461: 1955,1267,563,1465,591,237,658
462: 1839,849,124,945,1785,344,560
463: 422,911,1300,1058,25,440,1126
464: 1638,877,543,887,110,497,1586
465: 963,1705,340,587,1866,483,1303
466: 1424,253,625,410,1315,1650,356,193,1766
467: 1806,43,1538,477,219,1533
468: 156,1168,1603,1011,512,883,1100
469: 416,1219,1248,1306,1747,1759,363
470: 93,1717,1738,322,652,1099,1154,921
471: 1106,551,979,1154,824,353,1042
472: 1687,891,83,606,603,950,1928,1889
473: 275,1399,1200,780,434,1243,990,1472,1167
2012: 174,680,305,1182,726,288,1197
475: 70,1066,1389,1172,637,1067,201,1077,1189,1853
476: 1149,760,1386,1648,1906,951,749,823,1596
477: 577,1538,1691,467,1004,536,1533
478: 1694,1278,1079,319,47,238
479: 604,1374,1500,202,1888,250,765,853
480: 1522,1999,841,336,956,628,1251,1918
481: 980,1268,1917,113,55,1173
482: 449,419,19,524,289,369,1242,153,946,619
483: 373,1556,1303,1594,735,465,1705,340,1866
484: 1162,1642,1492,1299,322,1015,679,1738
485: 1384,1283,1353,1142,347,766,95,1180
486: 384,1036,271,10
487: 544,449,419,1836,369,1199,1075
488: 1779,840,223,668,1467,220,1346
489: 983,1140,459,2002,1615,1825,44,1484
490: 187,1526,1614,1431,50,391,1617,1850,1003
491: 574,986,534,441,1792,1159,1214,537
492: 1356,1951,327,1130,675,522,899,1430
493: 210,863,1419,592,1309,496,1936,1913
494: 564,1440,1626,1635,126,14,817,748,1509
495: 29,1137,1400,293,1181,1101
496: 268,976,1936,1319,1419,493,1229,296,436,1913
497: 879,1586,543,1638,464,770,1875,952,110
498: 608,858,1998,1447,616,1529,1418,1108
499: 260,790,1901,1377,1354,747,1016,903,120,1489
500: 1760,1881,1988,1588,647,687,1051,1745
501: 506,1932,999,562,955,187,588,142,1890
502: 937,1991,1452,764,1087,1239,683
503: 513,1480,1961,10,1314,1381,365
504: 1445,1950,354,1603,1011,883,1209
505: 1759,904,363,364,240,589,875,1587
506: 501,999,195,562,955,187,1526
507: 897,1184,1437,1285,1155,1097,607
508: 1677,1349,388,1392,1772,1326,139,81,1768,1632,262
509: 1137,448,1400,1670,1080,1714,163
510: 1885,1965,59,898,851,760,1386
511: 721,820,13,359,1295,546
512: 390,1969,1992,515,156,468,1168,1815
513: 1961,503,1743,1314,1186
514: 1949,865,594,762,1286
515: 390,987,1969,1992,512,156,1815,1774
516: 362,1908,189,1125,1709,1984
517: 1289,392,1552,1457,424,1857,1048,1422,783,116,720
518: 1762,1117,1269,1692,1163,1105,663,1450,1555
519: 35,1034,1976,1479,650,1574,1307,1413,871
520: 1975,457,1612,555,1752,1096,957
521: 1438,995,1507,902,381,664
522: 675,1199,1441,544,899,492,1951,327
523: 1153,713,38,1739,1580,1460,1257
524: 407,289,369,1242,153,1496,482,419,946
525: 1078,1213,1536,1903,1911,279
526: 632,1973,429,1316
527: 1893,781,920,11,1897,1089,317
528: 137,1682,1731,1888,250,98,853,208,1666
529: 1281,1748,1060,143,1712,1170,960
530: 1080,1714,660,1905,1550,269,700,1628
531: 32,335,982,1912,1052,777,447
532: 128,303,1828,656,65,661,1873,1005
533: 168,1856,1610,397,1901,903,1580
534: 574,491,1427,80,1792,827
535: 581,1941,328,1302,1953,829,1160
536: 1004,25,1690,577,477,1098,1542
537: 1214,850,441,1792,491,588,1649,1383
538: 979,1154,1274,565,824,1967,652
539: 1600,39,622,585,1322,779,1074
540: 159,82,1794,1569,1662,1287,1031
541: 1934,579,997,400,731,1916,129
542: 786,1012,79,1788,1093,1707,1694
543: 1323,1121,887,877,464,952,110,497
544: 449,487,1199,522,327,1977,996
545: 278,343,847,1366,815,279,1765,1963,1406
546: 1165,429,1316,76,359,721,511
547: 770,682,1875,952,110,575,1761,1854,1654
548: 826,1575,1166,1516,1674,1107,128,231
549: 693,307,1964,994,185,769,1147,1753,287
550: 1534,1094,1871,958,174,1215,288,1187
551: 1106,1652,471,921,979,1154,824,93
552: 366,99,1164,1113,297,1710,1829,323,299
553: 1010,612,1396,242,1001,845
554: 2007,1184,1437,1841,861,891,1333,298
555: 457,520,1344,573,261,1983,1024,1752
556: 707,325,738,1772,1647,1737,646,1332,138
557: 385,1983,931,1269,1821,1623
558: 1687,1265,891,1843,1349,1392,1772,83,606
559: 353,1785,344,560,1530,1042,1671
560: 1785,559,344,1852,283,462,945
561: 614,1226,750,320,1196,1279,1169,1151
562: 876,955,1636,141,1033,195,1271,1526,506,501
563: 251,1465,591,237,461
564: 212,494,1440,111,817,748,1509
565: 538,1274,1505,258,1967
566: 1394,226,639,908,778,1102,744,1347,326
567: 667,51,428,1942,862,1337,1251
568: 1864,1385,158,1528,1305,1770
569: 980,1729,1373,620
570: 671,629,1432,1868,1471,1933,859
571: 437,1453,1268,669
572: 166,934,660,700
573: 1188,1148,1344,255,1801,197,1207,457,1612,555
574: 986,534,491,1239,80,1087,1792
575: 953,1325,1761,1639,1854,1461,547,952
576: 133,951,851,59,992,117
577: 1538,477,1691,172,1690,536
578: 320,41,1863,1968,686,92,1902,750
579: 541,1934,803,731,636,1783
580: 426,648,1354,1016,1035,16,1812,1323
581: 328,1302,535,1160,1123,616,1971
582: 184,1872,31,1976,1479,650,1084,917,1307
583: 1470,1946,306,316,109,836,1520
584: 1355,1958,1851,421,1704,330,1164,1263,1791
585: 1390,1046,2021,1322,779,1074,638,1600,539
586: 1814,755,1193,1398,1145,394
587: 465,963,340,1607,1210,735,971,1230
588: 595,1649,142,1383,297,1890,441,611,501,537
589: 264,1282,1339,2009,875,1587,505
590: 1262,901,1126,239,1300,704,315
591: 1465,266,563,684,461,321,1267
592: 210,1419,493,1790,1261,1734,1913,377,1026
593: 112,309,931,221,234,1645,1443,1623
594: 1949,514,865,337,1409,1372,1642,1492,1286
595: 418,588,1649,142,1383,297,441,850,331
596: 6,613,1501,798,808,437
597: 1949,1487,865,1642,1717,1738
598: 277,916,878,1224,1590,1039
599: 228,1688,413,947,390,1168,1720
600: 1771,1328,1312,1903,2020,1536,1095
601: 258,53,1713,641,1090,602,746
602: 1658,1171,1505,140,746,258,601
603: 1640,1333,950,943,472,1928,1889,1063,1562,1018
604: 479,1374,1500,202,1656,853
605: 32,335,982,40,1613,1412,1727,1131,459,627
606: 1332,83,1593,1687,558,472,1889
607: 1582,1155,1773,897,507,307
608: 858,1998,1447,498,616,1529,328,1971
609: 48,1426,674,1504,1989,1035,16,426
610: 1693,1879,1110,1423,698,1175
611: 1735,441,371,955,1636,588,1890
612: 553,1010,655,1201,242,1001,845,1554,407,758
613: 1136,1501,798,808,596,6
614: 1433,1334,1226,561,750,657,1968
615: 1788,1482,1093,244,712
616: 608,1998,498,1529,581,328,1971
617: 207,948,1922,1244,755,357,1525
618: 1831,781,68,1119,1191,857,17,673,196,200
619: 946,706,1248,364,998,482,282,19,1306
620: 1618,833,968,1729,1373,1311,569
621: 797,866,167,1008,1298,1413,101
622: 39,539,1322,1589,1644,71
623: 1906,699,133,951,749,752,1780
624: 27,1027,1234,1216,183
625: 1424,466,253,410,733,1954
626: 1306,810,1747,1468,818,85
627: 983,1140,1131,459,605,335,944,1787
628: 956,751,722,940,1251,51,480
629: 671,1432,570,247,1645,1105,1711,69
630: 1765,1406,1499,60,1852,1839,945
631: 1578,1910,659,684,383,266
632: 526,1973,916
633: 1338,33,1266,1517,818,1697,852,848,1178
634: 1803,1715,678,37,1742
635: 1434,1061,7,766,1947,1384,1142
636: 269,267,731,773,579,1783,386
637: 70,475,1778,1172,29,1137,1853
638: 1074,1103,1769,161,585,1390
639: 226,182,1494,566,1347,1900,326,889,262
640: 1823,1861,395,976,1936,863
641: 960,838,1090,644,746,1020,53,601
642: 1327,1837,1194,1798,1830,1990,965
643: 1062,402,888,1541,1898,1109,1579,358,1751,1120,1871
644: 960,641,838,1090,984,718,1364
645: 1469,345,246,114,2018,1192,1488,981
646: 1647,1737,1677,1349,1772,1332,556,738
647: 1760,1881,500,1988,1588,34,687,1703,1051
648: 1014,426,580,16,822,1323,887
649: 1390,1046,1749,835,2000,696,147,1667
650: 1479,1574,1084,582,1976,1307,871,519
651: 1532,1563,1758,1564
652: 1967,679,1099,1154,538,824,470,1738,921
653: 1145,1122,1436,394,1935,1681,360
654: 439,1440,1899,959,1635,346
655: 1104,1010,612,1201,1495,242,399,1964,985,407
656: 1335,65,1664,1116,532,1828
657: 1059,1819,1968,686,730,1291,614,1433
658: 237,1423,1970,1927,461,1955,1267
659: 631,1910,383,435,1855,1414
660: 1080,1714,530,934,1019,20,241,166,572,1550,700
661: 1160,1123,1873,1005,532,1865
662: 1187,1676,1696,1781,1449,958,26
663: 1105,1412,1692,1163,518,1450,1727,1555
664: 521,1507,381
665: 1981,1946,306,1693,1800,1110,1175,1055
666: 1469,1622,246,1054,799,1245,1637
667: 567,51,735,428,1594,1608,940
668: 1467,217,761,905,220,840,488,1346
669: 1268,113,393,571,1453,1221
2018: 114,1192,196,149,200,1363,645,345
671: 629,1432,570,1868,1471,247,1708
672: 1825,232,227,1567,1116,678,1702,1664
673: 17,292,1521,915,1191,857,1831,618,1119
674: 1426,737,609,308,416,1721,1504
675: 1199,522,1441,1550,745,267,1628,899,492
676: 1548,1877,1716,1223,1513,1313,1272
677: 1231,357,1525,701,1493,90,1519,1750,736,1921,229
678: 914,1803,248,1715,634,232,227,672,1484,1702
679: 322,1967,1015,652,1099,1658,1505,484,1738
680: 174,2012,305,1215,1875,879,1208
681: 1067,1604,1683,1066
682: 547,770,1875,952,1761,1641,1654,1208
683: 924,1202,1320,937,502,1452,1239
684: 1578,631,1910,266,591,321,785
685: 1211,1107,263,230,1571,772,864,231,1953
686: 657,1059,1968,1811,92,1902,750,578
687: 34,1703,377,1734,1051,18,500,1988,647
688: 12,38,1569,168,1856,1794,1203,1580,1031,713
689: 387,925,1908
690: 1779,150,223,1357,1648,1746,194
691: 1757,1700,1915,74,739,1157,1985
692: 1562,1068,828,233,1285,1640,943,1393,1097,1018,837
693: 307,549,175,152,332,1773,994
694: 193,1324,1736,1766,1424,1150,1731
695: 437,1453,1221,56,808,401,1960
696: 26,147,302,1667,2000,649,1156
697: 1403,162,339,890
698: 788,962,807,1175,1110,610
699: 133,623,804,425,1083,752,1780
700: 1550,269,934,530,660,166,1321,773,572
701: 677,1231,1519,374,736,895,1756,1921,229
702: 1506,1818,1497,1500,1003,1174,765,1757,1700
703: 157,961,1539,1047,1816,1032,371
704: 911,1300,1262,590,1126,315,1490,715
705: 109,836,1972,291,741,1250
706: 946,619,1248,998,1306,810
707: 325,556,738,1737,138
708: 1098,281,1558,1236,1028,1844,1599,1943
709: 119,1416,108,2017,389,253,733
710: 1328,1312,1732,964,1185,1273,767
711: 1699,1247,1721,848,832,91
712: 1310,244,1897,1089,615,338
713: 1031,1153,523,38,688,1569,1662,218
714: 1944,1072,1365,837,1068,1514,87,1937,1540
715: 1490,1904,1152,911,1276,704,1802,222
716: 1609,1790,1261,64,800,210,1561,1810,1212,1026
717: 1041,1826,975,121,923,444,1887
718: 143,1600,39,984,1364,960,644
719: 186,1032,1820,1118,1930,1701,1271,876,141
720: 1610,1602,116,517,424,1048,1422,783
721: 1948,511,820,913,1165,546
722: 1690,956,751,628,940,172
723: 1141,1297,151,35,97,1030
724: 1668,885,1065,1959,801,1182,1524,379,1822,816
725: 1439,1217,1485,1832,1892,1884,1630,1092
726: 1668,885,932,1182,2012,305,406,288,1197,1584
727: 107,935,1280,348,1378,784,455
728: 1611,804,425,81,1768,881,1621
729: 929,1907,1009,145,1382,1750,374,1659
730: 909,1532,1291,657,1458,1433
731: 166,1916,1321,773,636,269,541,579
732: 359,1295,1316
733: 253,625,101,1954,768,2017,389,1416,709
734: 826,1575,1166,1117,1615,1627,936,1555,1135,993
735: 1230,428,340,587,667,483,1594
736: 1519,1750,374,1493,90,677,1231,701,1921
737: 48,1426,674,363,308,416,2009,875
738: 1566,707,325,556,1737,646,1332,236,912,460
739: 805,74,1050,1174,1228,1700,691
740: 91,1296,1247,1929,1861,974
741: 291,450,705,802,1359,1886,1250
742: 347,7,766,1486,942,1975,415,154,1384
743: 798,1169,868,1334,1226,1136
744: 1102,412,1840,1728,907,1394,870,566
745: 1550,269,267,1628,675,1441,899
746: 602,140,1713,1557,641,1090,601
747: 1377,1354,1016,1035,2009,48,260,499,790
748: 817,458,966,1509,494,564,1440,111,126
749: 752,1777,1906,951,623,476,1386,823,1596
750: 614,1226,561,1968,686,320,578
751: 1690,956,722,628,1918,1098,1558
752: 749,763,1780,1777,1906,699,623,1596
753: 256,1507,1528,1896,1770,819
754: 170,1127,796,352,1341,1824
755: 1814,586,1193,396,1244,869,1525,207,949,617,1922
756: 228,1071,1688,406,1197,954,1584,1696
757: 1643,1348,959,1665,1880,439
758: 407,1242,845,1554,612,1201,1495,1258,333
759: 67,169,792,1111,995,1402,902
760: 318,476,1149,1386,1965,451,510,1906,851
761: 668,1775,1467,217,1480,900,905
762: 1286,819,337,514
763: 752,1780,1777,1737,184,1872,138
764: 1462,969,1087,1039,1991,502
765: 250,1502,853,479,1500,702,1757
766: 742,347,7,635,1384,485,1142
767: 209,1273,417,710,1771,1312,906
768: 101,1954,1995,1008,1846,389,733
769: 153,998,1679,1496,1964,185,549,404,1147,1753,946,810
770: 547,682,1875,952,110,497
771: 1205,822,1037,974,1319,1296,1014,887,877,1161
772: 1185,864,254,125,1979,263,685,1571
773: 731,166,1916,1321,636,269,700
774: 1089,1417,317,188,1547,338
775: 1806,43,370,63
776: 894,205,1706
777: 1490,1904,1152,315,1912,531,199,447
778: 922,1859,908,1102,1840,326,1394,566
779: 1322,1680,104,585,1046,2021,539
780: 131,1340,380,1646,1399,473,1472
781: 1893,1363,1831,68,618,1119,920,527,200
782: 1911,815,1719,906,1830,2005,278,1798
783: 1422,136,2006,517,1602,720,1203
784: 1442,1378,727,935,348
785: 922,1859,1477,1910,684,321
786: 2016,795,1012,542,79,1707,88,1694
787: 72,1128,1237,1428
788: 698,962,807,1923,1477,1367,1754
789: 903,1739,120,1146,1489,1257,1639
790: 260,499,264,1339,2009,48,747
791: 1543,235,1697,1365,1540,1685,1678,1022
792: 1385,1483,1111,759,995,256,902
793: 1224,1206,57,414,49,1462
794: 1132,1241,1970,1927,30,812
795: 259,786,2016,1012,1894,1073,408
796: 170,754,1722,1797,1920,1225,1341
797: 236,621,167,912,1008,325,917,1298,1413
798: 743,808,1405,1169,613,1136,1501,596
799: 1054,1190,1974,246,666,1245,1637
800: 165,1021,1293,716,1609,1561,1476,1810
801: 1641,1654,1182,1043,1959,1822,724,885
802: 175,1359,1886,741,1250,332,834
803: 1551,1934,579,884,1842,1783,1819,1572,1811
804: 1611,425,728,699,1621,1083
805: 74,739,1050,216,1038,1368
806: 1474,1134,1534,1672,1449,147
807: 698,788,1568,962,1175,1110,1754,1981
808: 798,1405,613,1501,596,437,695,56
809: 1288,910,1157,1382,1985,1017,145
810: 626,1306,998,769,85,404,1147,946,706
811: 1843,1632,262,1013,1246,182,388
812: 1879,213,1511,794,1970,1927,30,324
813: 991,1733,1114,273,1352,1883,452,1560
814: 1108,1327,1194
815: 1911,782,279,278,545,343,1366
816: 1547,1724,284,379,724,1668,1065,1417
817: 748,966,1509,1232,494,564,111,1410
818: 626,1747,1468,1515,1338,33,633,1517,1219
819: 762,1286,753,337,1896
820: 1948,721,511,913,855,13,973
821: 1474,1134,18,1415,1745,1881,1988,453,896
822: 1205,771,1037,1014,648,887,877,1161
823: 249,178,1510,1596,1906,476,1149,1648,749,194,1330
824: 979,1154,538,652,353,1106,1652,551,471,921
825: 1716,1223,1345,1324,1736,1766,1448,1548
826: 130,734,548,1575,1166,1116,128,1828
827: 1735,441,1792,371,1427,961,80,534
828: 1562,692,1068,1640,355,1018,1235,837,1937
829: 535,1953,1211,303,1160,1005
830: 1581,299,427,1398,1113,430,1814
831: 1442,1378,277,927,348
832: 1292,1504,1989,1721,848,711,91
833: 1618,620,265,968,1255,1373,1655,1974
834: 1595,1250,332,1408,1773,1972,802
835: 453,1387,896,2000,1134,104,649,1749
836: 109,1520,705,316,583,306,291
837: 1072,714,692,1068,828,1235,87,1937
838: 960,641,644,1281,1020,53,1459
839: 54,1653,171,1763,1591,257,176
840: 150,488,223,1233,1965,451,668,1467,217,318
841: 1999,480,956,1918,1028,438,1698
842: 1361,376,86,1234,1607,372,1027,107,1280
843: 1878,977,1876,212,111,1410
2023: 0
845: 1001,1554,1049,553,1010,612,1201,758
846: 131,1660,380,1256,1317,1930,1592
847: 545,343,1222,1366,1406,1499,1891,102
848: 852,1721,633,1697,1699,1178,711,832
849: 1839,1858,462,124,1804
850: 257,1704,1214,330,537,595,418,1649,1383
851: 1906,576,951,59,510,760,1386
852: 1721,848,633,1517,308,1219
853: 250,765,98,1888,479,604,1374,137,528
854: 1791,1847,1952,430,214,1546,1958,1581
855: 1948,820,2004,973,275,1200,1425
856: 1356,1951,327,1130,1565,1977,996,874,1289,1124,1857,245
857: 1191,103,122,17,673,196,200,68,618
858: 608,498,1529,1108
859: 1933,1838,1834,1471,1262,239,570
860: 1460,1183,1257,292,1521,915,1002
861: 1407,1841,311,891,554,298
862: 1849,1337,567,51,1522,1251
863: 210,1419,493,640,1823,395,1309,976,1936
864: 1185,772,263,685,1571,1273,1941
865: 1949,514,1487,597,594,1642,1492,1286
866: 236,621,167,1008,460,1088,1063,1995
867: 1938,1342,378,79,1093,259,1012
868: 1458,1334,1226,1136,743
869: 1966,396,1244,1368,90,427,1814,755,1193,1525,1922
870: 1394,226,1326,1494,744,907,139,1523,262
871: 1307,1298,1413,1976,650,1034,519,272,1195
2007: 554,1184,1437,1397,1841,1595
873: 112,351,931,1446,1631,1188,255,385,1924
874: 240,1565,433,1977,173,996,856,245
875: 589,2009,1587,505,363,737
876: 562,141,1118,719,1820,1033,195,1701,2019,23,1271
877: 1638,464,1161,78,771,822,1319,543,887,1586
878: 277,927,598,1039,937,1991,938
879: 497,1579,1586,358,1875,1208,680,1215
880: 103,1827,1056,1076,1227,1744,243
881: 1523,81,96,458,310,1611,728
2008: 1606,1114,191,334,349,452,1070
883: 1385,1483,1100,158,468,1011,504,1209
884: 803,1842,1783,1572,1811,92,1463,1044
885: 724,1668,726,1065,932,801,1182
886: 1045,1277,1874,199,1204
887: 1323,543,1014,648,771,822,877,464,1161
888: 1062,402,643,1638,1541,1898,1579,358,1120
889: 1585,341,1900,182,639,1013
890: 1984,697,339
891: 1687,311,1265,558,472,861,554,950,298
892: 1342,2015,1573,1007,1395,1957,1637,1807,1938,445
893: 1570,1867,1576,1808,21,1531,1978
894: 293,1931,776,1706,442
895: 61,1756,1921,1519,1231,701,1446,229
896: 453,835,1387,286,1881,1588,1420,821,104,1895,1749
897: 1437,1285,507,1595,1408,1773,307,1155,607
898: 24,59,992,1249,1885,510
899: 1577,386,1430,745,267,675,522,492
900: 1480,1961,206,1775,761,905
901: 1262,590,1126,239,1943,1236,1058
902: 256,1507,759,792,521,1438,995
903: 789,1739,1580,120,397,499,1901,533,168
904: 505,1759,282,364,240,433
905: 28,220,1537,900,206,405,668,761
906: 1911,782,1719,1771,1312,1903,417,767,443
907: 1728,1464,96,412,744,870,1523
908: 922,1859,1367,778,1102,1347,326,226,566
909: 1532,730,1458
910: 1288,809,1997,1157,1382,73,1252,1331,1907,1009,145
911: 422,463,1276,1300,704,715
912: 797,236,167,325,738,917,1413
913: 1948,721,820,2004,1165,57,1784
914: 1803,248,678,988
915: 17,292,1521,673,1002,860,1191
916: 277,598,632,1973,1590
917: 1307,1413,325,582,31,1976,797,912
918: 988,1335,1391,1702
919: 36,375,382,1456,1549,204
920: 1893,1831,781,1119,527,11,1524
921: 1652,551,652,1099,1154,824,93,1717,470
922: 1859,1477,785,908,1367,778,1347
923: 1481,1675,444,84,717,975,121
924: 683,1202,1320,986,1239,1159,1591
925: 13,387,973,689,1908,189
926: 1813,1996,1040,159,1960
927: 277,878,1378,831,938,455,348
928: 1381,365,1133,1939,1249,1583
929: 729,1907,1009,1021,1576,1476,1570,1659
930: 66,1616,1726,323,299,427,396
931: 112,593,873,385,557,1623
932: 1668,885,726,1182,406,1197,1584,284
933: 1473,989,1808,1284,1212,34,1026,1531
934: 978,1019,20,660,241,166,1375,1321,572,700
935: 727,1027,107,1280,784,27
936: 1615,1627,1450,1555,1762,1117,1135,993,734,1575,1166
937: 1991,938,502,1452,455,878,1280,683
938: 937,1991,1452,455,277,878,927,348
939: 1620,1438,995,1402,47,67,72,1128,1862
940: 722,628,667,51,1608,967,172
941: 1407,1841,1470,134,1725,109,1520,1397
942: 146,1486,1177,350,1909,1061,742,7
943: 1640,1333,603,950,1285,1928,1562,692,233,1018
944: 447,1204,335,1131,627,1787,1351
945: 1839,462,1852,630,1499,560
946: 706,619,1248,524,153,998,769,482,419,19,810
947: 1724,413,284,1584,228,599,1688
948: 207,617,357,215,112,309,351
949: 207,755,1193,1145,1661,1350,1860,360
950: 1333,603,943,298,1687,891,472
951: 1906,576,133,851,623,59,476,1386,749
952: 547,770,682,110,1461,1121,543,575,1854,497
953: 1325,575,1761,1639,1183,1455
954: 406,288,1197,1187,1696,1071,756
955: 562,1636,141,611,506,501,1890
956: 751,722,628,1251,1918,1522,841,480
957: 1096,415,1238,154,1975,520,270
958: 1534,550,288,1187,1676,662,1449
959: 1643,1348,757,1899,1665,654,439
960: 641,838,644,143,718,1281,529
961: 703,157,1427,1735,827,371
962: 698,788,807
963: 465,1705,587,77,1210
964: 2001,1732,95,1669,710,1328,1312
965: 1222,1990,1327,642,329
966: 817,748,458,1509,310,1232,117,1782
967: 1956,1691,172,1491,1608,940
968: 833,620,1255,1373,1655,285,1054,1190,1974
969: 764,80,1462,1087,49,1427
970: 1723,1420,1025,1318,1982,274,456
971: 1230,1508,1607,587
972: 1863,1196,1817,136,2006,1996,127
973: 13,925,189,1425,820,855
974: 1205,771,1037,1296,740,1929,1861,268,976
975: 717,1041,1826,121,923,444,132,164
976: 268,496,1936,640,1823,1861,1205,974,1319,863
977: 843,1876,1348,1880,62,212
978: 934,1019,1706,205,300,241,1375
979: 1154,538,1274,824,353,1530,551,471
980: 481,1917,1173,1729,569
981: 1488,1310,244,1897,1192,1893,1363,68,645,1469,345
982: 32,605,335,531,1052,40,447
983: 489,1140,1131,459,627,1787,1484
984: 1074,1103,1600,718,1364,644
985: 399,1964,994,1371,192,1359,152,1104,655
986: 574,491,1239,924,1159,1214
987: 1969,1992,515,1597,188,1308,2,319
988: 918,232,914,248,1702
989: 933,342,1473,1808,1284,34,403,1531,1723
990: 1301,434,1047,1243,1472,473,1167
991: 285,1741,1733,1545,1369,813,1352,1655
992: 24,59,898,1410,117,1232,576
993: 1619,1135,1674,224,1762,1117,1835,936,734,1166
994: 399,1964,985,185,175,152,693,549
995: 521,939,1438,1402,67,759,792,902
996: 240,1565,433,1977,173,874,544,1951,327,856,1124,245
997: 400,1916,1176,129,541
998: 153,769,1679,1496,404,946,706,619,810
999: 506,1932,501,187,1601,1023,1829
1000: 344,1530,283,1980,1274
1001: 845,1049,1053,1396,1189,553,612
1002: 17,1521,915,1076,860,1460,1257,1191,1827
1003: 1220,1601,1174,1228,1850,490,1614,702,1506
1004: 25,536,440,477,1533,105
1005: 661,1160,1873,532,303,829
1006: 106,1982,1434,1322,1680,1589,1947
1007: 1573,1395,1957,1245,1637,892,2015
1008: 797,866,621,167,460,1298,101,1995,768
1009: 729,929,1907,73,910,1382,165,1021
1010: 553,1104,655,612,1201,242,845
1011: 468,1603,1445,504,883,1100,1209
1012: 259,786,2016,795,542,79,867
1013: 262,811,1246,182,889,341,1689
1014: 426,648,1292,1989,1296,771,822,1037,887
1015: 322,679,1299,1658,1171,484,1162
1016: 1377,1354,747,1035,16,48,499,580
1017: 1985,198,1380,1493,809,145,1750
1018: 355,1235,1640,603,943,1928,1088,1063,1562,692,828
1019: 978,934,1706,442,1101,20,660,241
1020: 53,641,838,1281,1029,1980,1459
1021: 165,800,929,1907,1009,1561,1476
1022: 1699,1178,1543,791,1697,1685,1304
1023: 1710,1829,1726,999,423,1220,1601
1024: 1752,1362,261,1983,555
1025: 1723,970,1420,342,1473,403,135,1318,456
1026: 34,1703,377,592,716,1790,1261,1212,933
1027: 107,935,624,27,842,1234,183
1028: 1681,438,1844,1698,841,1918,1558,708
1029: 1852,283,1980,1459,1605,1020,60
1030: 391,1617,409,723,1141,151,1553,1764,97
1031: 1153,713,1227,540,38,688,1569,1662,118,218
1032: 1816,186,719,1820,1047,703,1539,371
1033: 1431,195,1701,2019,23,1271,1118,1940,876,562,141,1526
1034: 35,519,1307,871,1195,1764,97
1035: 1354,747,1016,16,48,1426,609,580
1036: 486,271,10,1743,1314
1037: 1205,771,822,974,1292,1296,1014,1161
1038: 1985,198,1380,1493,805,74,66,216,1368
1039: 1224,878,598,764,1462,1991
1040: 1813,1151,1996,926,320,1196,1279
1041: 717,1826,975,1887,294,1805,1559
1042: 1671,353,559,1106,471
1043: 1959,1085,1455,1761,801,1654
1044: 92,1463,1902,1144,884,1842,1577,1572,1811
1045: 886,1204,1351
1046: 649,585,1390,2021,1749,104,779
1047: 1301,434,990,1256,380,1167,1930,1816,186,1032,703,1539
1048: 75,1457,424,1552,517,116,720
1049: 1001,845,1554,1670,1189,448,1853
1050: 805,739,423,1228,1726,66,216,1616
1051: 18,1415,1745,1120,436,1734,1109,687,500,1988,647
1052: 1912,1933,1838,1432,32,531,982
1053: 201,1077,1805,1396,1189,1559,1001
1054: 1190,1974,799,285,1545,968,246,666
1055: 1884,1092,316,115,1800,1110,665,306
1056: 118,218,1227,273,1744,1070,880
1057: 1762,1835,1269,1821,1163,1544
1058: 463,1300,1542,1236,25,440,901,1126
1059: 657,1819,1968,1572,686,1811,1291,92
1060: 529,1748,1712,1170,190,1179,1527
1061: 1434,456,635,350,942,7
1062: 402,888,643,358,1751,1120,1534,1672,1871
1063: 1928,1088,1889,1593,603,866,460,1018
1064: 1887,1535,294,1789,45,1962,1684
1065: 724,1668,885,379,1822,1417,816
1066: 70,475,1778,1389,1172,681,1067,1683
1067: 132,164,681,1066,475,1389,1077
1068: 692,828,1393,1514,1072,714,837
1069: 1582,1393,1155,1512,1294,1514
1070: 273,349,452,1744,118,1056,2008
1071: 228,1718,756,1688,954,1696,1634,1358,1240,1720
1072: 1944,714,1365,837,1393,1068,1514,15
1073: 9,1428,408,2016,795,88,1237
1074: 1103,638,984,585,1390,1600,539
1075: 1199,1441,1905,1429,1836,1628,487
1076: 1153,1227,1460,880,1191,1827,1002
1077: 1053,201,1805,1067,132,1826,475,1389
1078: 1527,525,1213,279,1765,1963,1454
1079: 478,1694,319,1308,1848,1707
1080: 1714,530,660,1905,1400,509,163,1429
1081: 194,1755,1330,1388,178,252,179,368
1082: 209,1273,1941,328,1302,1198,443,1998,155
1083: 1621,1647,1737,804,699,1780
1084: 1479,1796,650,1777,1624,184,582,1872,1976
1085: 1043,1959,1455,292,1119,1524
1086: 1627,1450,1727
1087: 764,80,969,1991,502,574,1239
1088: 1928,1889,1063,1640,866,460,355,1018,1995
1089: 774,317,188,527,1897,712,338
1090: 641,644,1364,1713,746,53,601
1091: 1847,1952,430,1398,1122,394
1092: 1055,1884,1485,1693,213,1892,1800,725
1093: 79,1788,1482,615,244,378,867,542
1094: 550,1871,1215
1095: 2020,431,1633,1283,1353,2001,600,1328,1312
1096: 957,1238,1975,520,1752,1362,1809,270
1097: 1393,1155,1285,507,692,233
1098: 1542,281,1558,708,1690,751,536
1099: 322,1967,652,679,1154,1717,470,1738,921
1100: 1483,1111,883,158,156,468,1011,1815
1101: 1019,442,20,293,495,1400,1714
1102: 412,1840,744,908,778,1394,226,566
1103: 1074,638,1769,161,984,1225,1376,1444,1364
1104: 1010,655,242,1371,192,152,985
1105: 1711,1412,663,69,629,1692,148,518
1106: 1652,551,471,824,1042
1107: 1211,230,685,1571,1516,548,231
1108: 814,1418,858,498,1194
1109: 436,1734,1898,296,643,1051,18,1120
1110: 1693,1879,1800,610,698,807,1175,1055,665
1111: 1483,792,1100,156,1815,759,169
1112: 1874,1802,222,1986
1113: 366,552,99,1164,323,1581,299,830,1546
1114: 191,2008,1498,1352,452,1560,813
1115: 146,1177,361,1801,1207,1909
1116: 130,826,672,1567,128,1828,656,1664
1117: 1762,518,1835,1627,936,1555,1135,993,734
1118: 1317,1930,1940,1139,719,1033,1701,2019,23,1271,876,141
1119: 1831,781,618,920,292,673,1085,1524
1120: 1751,1051,18,1415,1898,1109,1062,402,888,643,1672
1121: 1323,543,1461,1812,1854,952,110
1122: 653,1436,394,1935,1091,1847,1952,1681,1698
1123: 661,1160,581,1865,1971
1124: 1289,1552,1356,1951,856,1565,996,1857
1125: 516,362,1709,28,1537,1401,1686
1126: 590,901,1236,463,1300,704,1058
1127: 170,754,1445,352,1341,1379,367,1218,1833,1824
1128: 787,72,1237,1862,88,1278,47,939
1129: 1746,194,1755,1388,1357,131,1340,1660
1130: 1356,492,1951,856,1430,1730
1131: 983,459,627,1613,605,335,944
1132: 1241,794,312,30
1133: 928,1925,1939,1249,1878,1876,24
1134: 1474,806,821,453,835,2000,1449,147
1135: 1674,993,1117,1835,1627,936,1555,734,1575,1166
1136: 613,868,743,798
1137: 29,495,448,1853,1400,509,637
1138: 1809,1882,1979,1544,1362,1619,224
1139: 2003,252,179,1987,225,398,1388,1317,1118,1940,1592,1767,1435
1140: 489,983,627,1787,1742,1484,1715
1141: 723,1767,151,50,97,391,1617,1030
1142: 1384,485,1353,1629,635,766,1,1947
1143: 1849,1263,1337,1653,171,1851,421
1144: 92,1463,1902,1044,144,1730,1994,41
1145: 653,394,1935,586,1193,949,360
1146: 1461,1812,1489,789,120,1325,1639
1147: 85,1919,404,1753,287,549,769,1512,810,1468
1148: 1188,573,255,61,1446,1631,1801,197,1370
1149: 318,476,760,1386,1648,1906,150,823
1150: 1888,1416,1424,253,1324,1766,694,137,1731
1151: 1813,1996,1040,561,320,1196,1279,1169
1152: 1490,777,1904,1277,715,1874,1802,222,199
1153: 1076,1031,713,1227,523,218,1460,1827
1154: 979,538,824,1967,652,1099,93,470,1652,551,471,921
1155: 1582,1393,1069,1097,607,897,1285,507,307,1512
1156: 1376,1478,696,302,1667,1769,161
1157: 1288,809,910,1997,1915,691,74,1985
1158: 239,1834
1159: 257,1704,1214,986,491,924,1591
1160: 661,1123,1005,581,535,829,1971
1161: 1638,877,78,1205,771,822,1037,1319,887
1162: 484,1372,1299,1503,1015
1163: 1269,1692,1821,148,663,1762,1057,518,1555
1164: 331,552,99,1113,584,1355,1958,1581,1546
1165: 76,546,721,913,57,1206
1166: 734,548,826,1575,936,1135,1674,993
1167: 414,1784,473,2004,1301,1047,1243,990,1539
1168: 468,1603,1720,228,599,390,512
1169: 1279,743,798,1405,1226,561,1151
1170: 1644,1712,190,143,529,1060
1171: 1658,602,140,1299,1833,1015
1172: 70,1066,475,1778,1389,637,1683,29,1853
1173: 1560,1729,1311,1917,1498,980,481
1174: 1003,1220,1228,702,1506,1700,739
1175: 698,1568,807,1110,610,665,1981,1946,306
1176: 1758,1564,129,997
1177: 146,1486,942,1115,1207,1975,457,1612
1178: 1699,1022,633,1266,1697,848
1179: 304,1536,431,2014,1712,190,1060,1527,1213
1180: 2001,95,1669,347,314,415,154,1384,485,1283
1181: 293,1931,1598,1778,29,495
1182: 1641,801,1208,2012,305,724,885,726,932
1183: 860,1257,953,1639,292,1521,1455
1184: 2007,554,1437,1285,507,1333,298
1185: 772,864,254,1732,710,1273
1186: 1403,162,206,513,1961
1187: 1676,662,1696,550,958,288,954
1188: 1148,1344,573,255,1446,873,197,261,1924,457
1189: 1053,201,70,475,448,1853,1001,1049
1190: 1054,1974,799,265,968,1255,1264,1245
1191: 103,857,1827,1076,17,673,915,1002,618
1192: 114,2018,196,200,1893,1363,68,645,1469,345,1488,981
1193: 1814,755,586,869,1145,207,949
1194: 1327,1837,642,1418,814,1108
1195: 272,108,871,1034,1656,1764
1196: 320,1863,972,561,1151,1996,1040
1197: 406,288,954,1584,174,2012,726,932,756
1198: 301,443,1082,209,328,1998,1447,155
1199: 675,522,1075,1441,1836,1628,544,487
1200: 275,1399,1686,1425,473,362,855
1201: 1010,655,612,1495,845,399,407,289,1242,758
1202: 683,924,1320,1452,1280,86,372
1203: 82,1794,783,2006,1602,12,688,1856
1204: 199,447,944,1277,1045,886,1351
1205: 771,822,1037,974,1319,1296,268,976,1161
1206: 793,1224,1590,1165,76,57
1207: 1801,197,573,146,1177,1115,457,1612
1208: 1641,1182,682,1875,879,174,680,305,1215
1209: 1864,1379,1011,1445,504,883,158
1210: 77,183,376,1607,963,587
1211: 1107,263,685,303,231,1953,829
1212: 1561,1284,1810,716,1609,1790,1026,933
1213: 1527,525,1078,304,1536,1179
1214: 257,1704,1159,850,330,537,986,491,418,1649,1383
1215: 174,680,879,358,402,1208,1094,550,1871
1216: 77,183,624
1217: 1439,1343,725,84,1485,1832
1218: 1503,1833,1824,1127,1379,367
1219: 308,416,469,1747,818,1517,852
1220: 423,1003,1601,1174,1228,1614,1023
1221: 695,1453,401,669,393,1606,55
1222: 343,847,1366,1990,1891,329,102,965
1223: 1716,825,1324,1548,1877,676,1673,1513
1224: 793,1206,1590,1039,598,1462
1225: 1103,1769,1376,1920,796,1722,1444,1557
1226: 614,1334,561,750,868,743,1169
1227: 1076,1031,1153,1056,218,1744,880,103,1827
1228: 423,1003,1220,1174,1700,739,1050
1229: 1541,1898,296,1319,268,496,1638,78
1230: 735,971,1508,428,176,1607,340,587
1231: 677,357,1525,701,1519,736,895,1921,229,215
1232: 817,966,1509,111,992,1410,117
1233: 1583,1885,1965,451,1775,217,840
1234: 842,376,1027,107,624,27,183
1235: 355,1018,1846,828,837,1937,1870
1236: 1542,281,708,901,1126,1943,1058
1237: 787,1128,2016,88,1278,1428,1073
1238: 1096,314,957,415,154,1809,270
1239: 574,986,1087,502,683,924
1240: 1634,1358,58,1696,1718,1071,354
1241: 1132,794,251,1927
1242: 407,524,289,369,758,1201,1495,1258,1496,482,419
1243: 1301,990,1472,275,473,1948,2004,1784,1167
1244: 1966,396,1368,90,869,1814,755,357,1525,617,1922
1245: 1007,1637,1190,799,666,1264
1246: 1843,1632,811,1013,1689,1407,311,1265
1247: 1699,711,1304,91,740,1929
1248: 946,706,619,364,1306,1759,469
1249: 928,1133,1878,24,898,1583,1885
1250: 332,834,291,741,1972,705,802
1251: 956,628,1849,862,567,51,1522,480
1252: 1666,73,1331,1411,1360,1502,98,1288,910,1997
1253: 1272,1293,1260,1309,1313,1609,64
1254: 1868,1795,1834,1599,1935,1681,1350,2013,1945
1255: 1618,833,265,968,1373,1190,1974,1264
1256: 434,1047,380,846,1930,186
1257: 860,1460,1183,789,1739,523,1639,1521,1002
1258: 1429,333,1836,1554,407,369,1242,758
1259: 1845,440,105,422
1260: 1272,1253,1293,208,1877,46,1331,165
1261: 716,1609,1790,64,1309,210,592,1026
1262: 590,901,239,704,315,1838,859
1263: 1849,1143,584,1851,421,1791,336
1264: 265,1255,1190,1245
1265: 1687,311,891,558,1843,1246,1392
1266: 1338,33,633,1944,1543,235,1697,1178
1267: 461,321,1955,1923,591,658,1477
1268: 669,113,393,571,481
1269: 1692,1821,148,1163,1623,1983,557,1057,518
1270: 1350,1860,2013,221,234,247,290,1708,1443
1271: 1431,1033,195,1701,2019,23,1118,719,876,562,141,1526
1272: 1253,1293,1260,1877,676,1513,1313
1273: 1082,209,767,1185,864,710,1941
1274: 979,538,565,353,1530,1000
2016: 786,795,1012,88,1694,1073,408,1237
1276: 422,911,1845,1986,715,1802
1277: 1904,1152,1874,222,199,1204,886
1278: 88,478,1694,47,1128,1237,1862
1279: 1405,1169,561,1813,1151,1040,56
1280: 727,107,935,348,937,1452,455,1202,842,86
1281: 529,1748,960,838,1020,1459
1282: 589,264,1339,1587,75,424,245
1283: 485,1353,2001,95,1180,1095,1633,1328
1284: 1576,1561,1810,1212,933,989,1808
1285: 897,1184,1437,507,1333,943,1155,1097,692,233
1286: 762,819,42,337,1409,514,865,594
1287: 1662,118,159,540
1288: 809,910,1997,1157,1382,1915,1252,1360,1985,145
1289: 144,392,1730,1994,1552,517,1124,1356,856
1290: 1626,204,1549,203,412,1728,14
1291: 1532,730,1563,1551,657,1059,1819,1433
1292: 832,1989,91,1296,1014,426,1037
1293: 1272,1253,1260,165,800,1609
1294: 1512,1514,1515,15,1582,1069,1919
1295: 732,359,13,387,511
1296: 91,740,1292,1014,1205,771,1037,974
1297: 723,1767,151,180,1574,179,1987,225,398,35
1298: 1307,1413,871,797,621,1008,101,272,389
1299: 1503,1833,1658,1171,484,1162,1015
1300: 422,911,463,704,1058,590,1126
1301: 434,1047,1243,990,1167,1816,1539
1302: 581,1941,328,535,1953,263,1082
1303: 1651,483,373,1556,1594,465,1705,340,1866,1404
1304: 1663,1993,1697,1685,1699,1022,1247,1929
1305: 42,1896,1770,1336,1864,568,367,1528,1372
1306: 626,810,1747,706,619,1248,1759,469
1307: 917,1298,1413,871,582,1976,650,1034,519
1308: 1848,2,987,1992,1079,319,1774
1309: 395,1513,1313,1253,210,863,493,1261,64
1310: 1488,244,981,1897,712,1893,1475,345
1311: 1560,1173,1729,1373,1655,1498,620
1312: 710,1771,600,1328,1903,2001,1732,964,1095,417,767,906
1313: 395,1673,1309,1513,676,1272,1253
1314: 1743,1036,10,365,513,503
1315: 87,1937,1650,1870,1540,1846,466,410,356
1316: 429,546,732,359,526
1317: 1118,1930,1940,1592,846,2003,1139,1435
1318: 350,135,403,970,1025,456
1319: 1205,771,268,496,976,877,1161,78,1229
1320: 683,924,1202,372,54,1591,123
1321: 241,731,166,1375,1916,773,934,700
1322: 779,1680,1006,585,2021,1589,539,622
1323: 1121,543,887,1354,580,648,1461,1812
1324: 1736,1766,694,1150,1682,1731,100,1223,825,1548
1325: 953,575,1639,1854,1461,1146
1326: 870,1494,139,1523,262,388,508
1327: 642,1194,814,965
1328: 710,1771,600,1312,1283,2001,964,2020,1095
1329: 1793,1740,312,94,1832,181,1343
1330: 1746,194,1755,1081,1648,249,178,1510,823,368
1331: 46,73,1252,1411,910,1260,165
1332: 83,606,1593,1772,646,1566,556,738
1333: 603,950,943,298,554,1184,1437,1285,233
1334: 614,1433,1226,1458,868,743
1335: 656,1391,1702,65,1664,918
1336: 42,1409,1305,1770,1864,367,1503,1372
1337: 1849,1143,862,1653,1763,1942,567
1338: 33,633,1266,1515,15,1944,1468,818,235
1339: 589,264,1282,75,424,1926,260,790
1340: 131,780,1660,1779,1357,1799,1646,1746,1129
1341: 1445,352,1950,1797,754,1127,796
1342: 1869,892,2015,378,1395,1938,445,867
1343: 1217,84,1329,1832,181,1675
1344: 1188,573,255,261,1983,1924,457,555
1345: 1685,1678,356,193,1736,1766,1448,825
1346: 1799,160,668,1467,220,1779,488
1347: 1900,326,1754,922,908,1367,639,566
1348: 757,959,1880,212,439,1440,977
1349: 1677,388,508,1392,1772,1843,1632,646,558,83
1350: 1661,1860,2013,1945,1270,360,1935,949,1254
1351: 37,1787,1204,944,1045
1352: 273,1883,452,1744,243,1114,991,1733,1369,813
1353: 1384,485,1283,1629,1142,1095,1633
1354: 1377,747,1016,1035,16,499,580,120,1812,1489,1323
1355: 584,1958,418,297,330,331,99,1164
1356: 492,1951,1130,856,1430,1289,1730,1124
1357: 1779,690,1799,1746,194,1129,1340
1358: 1634,1240,58,1797,1718,1071,1950,354
1359: 802,192,175,1886,152,741,1371,52,985
1360: 1666,1252,1411,250,1502,98,1915,1288,1997
1361: 842,376,86,1607,372,1508,123
1362: 1024,1752,1544,1096,1809,1138,1882,270,224
1363: 1893,781,68,2018,1192,200,345,981
1364: 1444,1713,1103,984,718,1090,644
1365: 1944,1072,714,87,1540,1543,235,791
1366: 278,545,343,847,1222,1990,815,279,1963,1406,1798,102
1367: 922,1477,908,1923,788,1347,1754
1368: 1966,396,1244,90,869,805,66,216,427,198,1038
1369: 1741,991,1733,1352,1883,243,122,149
1370: 1801,197,61,446,1446,1978,1148
1371: 242,276,280,52,192,1359,1104,985
1372: 1162,1492,1503,42,1409,1305,1336,594
1373: 1729,1311,1655,569,1618,833,620,968,1255
1374: 479,604,202,108,1656,1888,119,1416,853
1375: 241,166,1916,1321,978,934,300,400
1376: 1478,1920,1156,302,1103,1769,161,1225
1377: 1354,747,1016,499,120,1489
1378: 1442,784,831,927,455,727,348
1379: 1209,1864,367,1445,352,1127,1218
1380: 1985,198,1038,1017,1493,1750
1381: 928,365,1480,503,1583,1775
1382: 1288,809,910,73,729,1907,1009,145
1383: 595,418,588,1649,142,1890,441,1214,850,537
1384: 485,1353,1142,635,742,347,766,1180
1385: 1483,792,883,158,568,256,1528,1770
1386: 476,1149,760,510,1906,951,851,749
1387: 453,835,896,286,2000,106,104,1895,2021,1749,1680
1388: 1746,1129,1755,1081,1660,2003,252,1987,1139,1592
1389: 70,1066,475,1172,1067,132,201,1077
1390: 649,585,1046,2021,1749,1667,1074,638,1769,161
1391: 1335,65,918,1451
1392: 1349,508,1772,1843,1632,1265,558,83
1393: 1582,1155,1069,1097,692,1068,1514,1072
1394: 226,870,1494,566,778,1102,744,326
1395: 1573,1007,1957,1637,892,1342,2015,1807,445
1396: 1053,1559,242,276,1001,553
1397: 109,1520,1972,1841,941,1595,2007
1398: 830,1091,1952,430,1814,586,394
1399: 1686,1200,473,1646,780,1472
1400: 495,1137,509,1101,20,1080,1714
1401: 28,220,362,1125,160,1646,1686
1402: 939,1438,995,47,67,759,1862
1403: 697,162,1186
1404: 370,63,1866,1651,1556,1303
1405: 1279,798,808,1169,1813,56
1406: 630,1765,1963,1499,545,847,1366,102
1407: 1841,941,861,341,1689,1725,1246,311
1408: 1595,332,834,1773,897,1437
1409: 42,337,1896,1336,1372,1492,1286,594
1410: 24,992,117,111,1878,843,817,1232
1411: 1666,46,73,1252,1331,1360,1502,98,208
1412: 40,1613,1105,1711,663,605,1450,1727
1413: 917,1307,1298,871,1976,797,621,912,519
1414: 435,203,1910,659,1859,1840
1415: 1751,1051,18,1745,1120,1881,1988,1474,821
1416: 1888,119,709,1150,2017,253,733,1374,137
1417: 774,317,11,379,1065,1547,816
1418: 301,1447,498,1837,1194,1108
1419: 863,493,592,268,496,1936,296,436,1734,1913
1420: 1723,970,1025,1760,1588,896,286,106,1895,274
1421: 1634,58,22,1676,1781,302,1478
1422: 1817,783,136,392,1994,517,720
1423: 1970,658,1955,1693,1879,610
1424: 466,253,625,1650,1150,356,193,1736,1766,694
1425: 275,1686,1200,362,189,973,855
1426: 48,674,737,609,2009,1035
1427: 49,157,961,80,969,827,534
1428: 9,1073,787,1237
1429: 163,1258,333,1836,1080,1905,1628,1075
1430: 1842,1577,899,386,1356,492,1951,1130,1463,1730
1431: 1033,195,1701,2019,50,1271,1767,1617,490,1526
1432: 671,629,570,1933,1052,40,1711,32
1433: 614,1334,730,1291,657,1968,1458
1434: 456,1061,635,1006,1982,1947
1435: 1767,151,1987,225,1139,1317,1940,1701,2019
1436: 653,1122,1935,1681,438,1844,1698,1795
1437: 2007,554,897,1184,1285,507,1595,1408,1333
1438: 521,1620,939,995,1402,902,381
1439: 1217,725,84,1884,1630,1535,45
1440: 654,212,494,564,439,1348,1635,748
1441: 675,1199,522,1075,1550,745,1628
1442: 1378,784,831
1443: 221,234,290,1860,1270,112,309,593
1444: 1364,1713,1557,1103,1769,1225,1722
1445: 352,504,1950,1341,1011,1127,1209,1379
1446: 229,1631,61,895,873,1370,1188,1148,255
1447: 608,1998,498,301,1198,1418
1448: 1663,1345,1736,1716,825
1449: 662,1781,1534,958,806,1134,26,147
1450: 1086,1627,936,1727,1555,1692,1412,663,1762,518
1451: 1865,1391,65,1873
1452: 937,938,502,455,1280,683,1202,86
1453: 437,571,695,1221,401,669,393
1454: 1765,1963,60,1605,1527,1078
1455: 1043,1085,1183,953,1761,292,1521
1456: 435,1855,1549,36,919
1457: 75,424,1857,1048,1552,517
1458: 868,909,730,1433,1334
1459: 1029,1980,838,1281,1748,1605,1020
1460: 860,1257,1076,1153,523,1827,1002
1461: 1146,1812,1489,1323,1121,1325,575,1854,952
1462: 764,969,793,1224,1039,49
1463: 92,1044,1144,884,1842,1577,1430,144,1730
1464: 126,1728,907,96,14,458,1523
1465: 1786,266,591,563,461
2021: 585,1390,1046,1749,1387,104,1322,779,1680
1467: 668,217,761,451,840,488,223,1346
1468: 626,1747,818,85,1919,1147,1515,1338,33
1469: 645,1622,1475,345,246,666,114,1192,1488,981,1869
1470: 583,1981,1946,306,134,1725,109,1520,941
1471: 1868,1834,239,671,570,859
1472: 434,1243,990,1399,473,131,780,380
1473: 933,342,989,34,1760,1723,1025
1474: 806,1134,821,1751,1415,1672
1475: 1469,1622,345,1488,1310,244,1869,1482
1476: 1576,1561,1021,800,929,1570
1477: 922,785,1367,321,1923,1267,788
1478: 1376,1920,1156,302,58,1797,1421
1479: 1796,180,650,1574,1084,582,1976,519
1480: 1961,900,503,1381,365,1775,761
1481: 181,923,1675,444,454
1482: 615,1093,1475,1488,244,1869,378
1483: 1385,792,1111,883,1100,158
1484: 1825,227,489,983,1140,1742,1715,678
1485: 1832,324,213,1892,1217,725,1884,1092
1486: 146,942,1177,1975,1612,742,7,154
1487: 1949,597,865,1717
1488: 1310,244,981,1192,645,1469,1475,345,1482
1489: 1461,1146,1812,499,1377,1354,789,120
1490: 777,1904,1152,715,704,315,1912
1491: 1651,373,1556,1594,1608,63,967,1956,1691
1492: 484,1372,1642,1409,865,594
1493: 198,1038,1017,1380,90,1519,1750,736,677
1494: 1394,226,870,182,639,1326,262,388
1495: 655,1201,399,407,289,1242,758,1496
1496: 153,998,769,1679,1495,399,1964,407,524,289,1242
1497: 702,1506,1818
1498: 1114,191,55,1917,1560,1173,1311
1499: 630,1765,1406,847,1839,1858,945,102
1500: 479,604,202,1656,409,702,1506,1818,765
1501: 613,798,808,596
1502: 250,765,98,1757,1915,1252,1411,1360,1997
1503: 1218,1299,1833,367,1336,1162,1372
1504: 832,1989,308,1721,674,609
1505: 1658,602,258,1967,679,565
1506: 702,1818,1497,409,1850,1500,202,1003,1174
1507: 256,1528,902,753,521,664
1508: 971,1230,176,123,1361,1607,372
1509: 817,748,458,966,310,1232,494,564,126
1510: 249,178,1624,823,1596,1777,1330,1796
1511: 812,213,30,324
1512: 1294,1514,1515,307,1582,1155,1069,1919,1147,287
1513: 395,1673,1309,1313,1716,1223,676,1272
1514: 1512,1294,1515,15,1393,1069,1068,1944,1072,714
1515: 1512,1294,1514,15,1919,1944,1468,818,1338,33
1516: 1619,1674,1979,548,1107,230,128,231
1517: 33,633,1747,818,1219,852
1518: 431,2014,1633,1,1629,190,71
1519: 1750,374,736,1493,677,1231,701,895,1756,1921,229
1520: 109,836,1397,1470,583,134,1725,941
1521: 292,673,915,1002,860,1183,1257,1455
1522: 1999,336,480,1849,862,956,1251
1523: 139,81,881,907,1464,96,870,1326
1524: 11,379,1822,1657,1959,1085,1119,920,724
1525: 677,1231,357,1966,1244,90,869,755,617,1922
1526: 490,187,1431,1033,195,2019,50,1271,562,1617,506
1527: 1078,1213,1712,1179,1748,1605,1060,1454
1528: 256,1507,753,1385,568,1896,1305,1770
1529: 608,858,498,616,1971
1530: 353,559,344,1000,283,979,1274
1531: 21,403,893,933,342,989,1808
1532: 651,909,730,1563,1291
1533: 219,105,477,467,1004
1534: 550,1672,1871,958,1062,806,1449
1535: 1887,1064,45,1439,84,121
1536: 2020,304,1179,600,1903,525,1213
1537: 905,28,339,405,1125,1709
1538: 577,1956,477,1691,63,43,467
1539: 703,157,1301,1047,414,1167,1816,1032
1540: 87,1315,1937,1650,714,1365,791,1678,356
1541: 1229,1898,1638,78,1579,888,643
1542: 1098,281,1236,1690,25,536,1058
1543: 235,791,1697,1365,1266,1685,1022
1544: 1362,1057,1835,1138,224
1545: 285,1741,991,114,149,1054,1974,246
1546: 854,1791,430,1164,1113,1958,1581
1547: 1724,413,816,774,1417,188,1597
1548: 208,1877,676,1324,100,1223,825
1549: 1456,435,203,919,1626,204,1290
1550: 269,700,745,267,1628,530,660,1905,675,1441
1551: 1934,803,1564,1563,1291,1819,1572
1552: 1289,392,517,1124,1457,1857,1048
1553: 1656,1764,97,391,1030,409,202
1554: 845,1049,1670,612,163,1258,333,758
1555: 1627,1450,936,1727,1163,663,1762,518,1117,1135,734
1556: 1651,483,373,1491,1303,1866,1404,370,63
1557: 1444,1713,1225,170,1722,140,746
1558: 1098,281,708,751,1918,1028,1844
1559: 1053,1805,1396,1041,294,276,280
1560: 1173,1311,1655,1114,1498,813
1561: 1576,1476,1284,1810,1212,1021,800,716,1609
1562: 692,828,233,1640,603,943,1928,1018
1563: 651,1532,1291,1758,1564,1551,1934,1819
1564: 1758,1176,129,1551,1934,651,1563
1565: 240,996,874,856,1124,1857,245
1566: 325,738,1332,1593,236,167,460
1567: 1825,232,227,672,44,130,1116,1664
1568: 807,1175,1900,1754,1981,1585
1569: 12,38,688,540,1794,1662,1031,713
1570: 893,1867,1659,929,1576,1476
1571: 1107,263,230,685,1979,772,864,125
1572: 1059,1819,1811,1551,803,884,92,1044
1573: 1007,1395,892,1807
1574: 1479,180,650,398,35,519,1297
1575: 130,734,548,826,1166,1615,936,1135,44
1576: 1561,1476,1284,929,893,1570,1808
1577: 1842,899,386,1430,1463,1044,1730
1578: 631,684,383,1786,266
1579: 879,1586,358,1638,1541,402,888,643
1580: 903,1739,38,533,688,168,523
1581: 299,830,1164,1113,854,430,1546
1582: 1393,1155,1069,607,307,287,1512,1294
1583: 1885,1233,928,1381,1249,1775
1584: 406,1197,1668,726,932,947,284,756,1688
1585: 889,341,134,1725,1568,1900,1981
1586: 497,1579,879,1638,877,464
1587: 589,1282,875,240,505,75,245
1588: 1760,1881,500,1988,647,1723,1420,896,286,1895
1589: 1,1947,1006,1322,622,71
1590: 1224,1206,429,76,1973,916,598
1591: 54,839,924,1320,257,1159
1592: 1317,1930,1388,131,1660,846,2003,1139
1593: 1332,83,606,1566,1889,1063,460
1594: 483,373,1491,1303,1608,735,340,667
1595: 834,1408,1972,1397,2007,897,1437
1596: 249,1510,1624,823,476,749,752,1777
1597: 390,987,1969,188,1547,413,2
1598: 1604,1683,1778,1181
1599: 1795,1834,1254,1681,1844,708,1943
1600: 39,718,539,585,1074,984
1601: 423,1003,1220,187,1614,999,1023,1829
1602: 1610,116,1926,720,783,2006,1203,12,1856
1603: 468,1168,1011,1720,228,1718,504,1950,354
1604: 1598,1683,681
1605: 1748,1527,1029,1459,60,1454
1606: 191,2008,55,1221,401,334,113,393
1607: 1361,842,376,1210,971,1230,1508,587
1608: 373,1491,1594,667,51,940,967
1609: 716,1261,64,1253,1293,800,1561,1810,1212
1610: 1602,397,116,1926,720,424,12,533,1856
1611: 1782,804,425,728,310,81,881
1612: 1975,457,520,1207,573,1486,1177
1613: 40,1412,605,2002,1727,1131,459
1614: 490,187,1850,1003,1220,1601
1615: 2002,1627,936,489,130,734,1575,44
1616: 930,66,216,1726,323,1050
1617: 391,1030,1850,1141,1767,1431,50,490,1526
1618: 833,620,265,1255,1373
1619: 1516,1674,993,224,1138,1979,230
1620: 939,1438,72,381
1621: 1647,1083,1768,804,728,1677
1622: 1469,1475,666,1637,1869,2015
1623: 1269,148,593,931,221,1645,557
1624: 178,1510,1596,1777,184,1796,1084
2015: 1869,892,1342,378,1622,1007,1395,1957,1637
1626: 204,1635,346,1290,1549,494,14
1627: 1086,2002,1615,1450,936,1727,1555,1117,1135,734
1628: 1550,745,530,1905,1429,675,1199,1075,1441
1629: 1353,1142,1,71,1633,1518
1630: 1884,115,1439,725,45,89
1631: 1446,229,215,351,873,1148,255
1632: 1843,262,811,1246,1349,388,508,1392
1633: 2020,304,431,1095,2014,1518,1283,1353,1629
1634: 1358,1240,58,1421,22,1676,1696,1781,1071
1635: 1626,204,346,654,494,439,1440,14
1636: 562,955,141,1820,1735,611,371,1890
1637: 1007,1395,1957,1245,799,1622,666,892,2015
1638: 877,464,1161,78,1229,1541,497,1579,1586,888
1639: 953,1325,575,789,1739,1146,1183,1257
1640: 603,943,1928,1088,1562,692,828,233,1018
1641: 801,1654,1182,1208,682,1875,305
1642: 484,1492,322,597,865,594,1717,1738
1643: 757,959,1665
1644: 1712,1170,190,71,143,39,622
1645: 221,234,247,290,593,629,148,1623,69
1646: 1799,160,1401,1399,1686,780,1340
1647: 1621,1737,1083,646,1677,1772,556
1648: 476,1149,150,690,249,823,194,1330
1649: 595,418,588,142,1383,441,1214,850,330,537
1650: 87,1315,1937,1870,1540,1424,466,410,1678,356,193
1651: 373,1491,1556,1303,1404,370,63,1956
1652: 1106,551,921,1154,824,93
1653: 171,1763,839,176,1942,421,1849,1143,1337
1654: 1641,801,1761,547,682,1043,1959
1655: 1560,1373,1311,285,991,833,968,1974
1656: 1553,1764,108,1195,119,604,1374,1500,202
1657: 11,1524,379,1822
1658: 1171,1505,602,1299,1967,1015,679
1659: 1570,1867,729,929,374,446,1756
1660: 131,1340,380,846,1129,1388,2003,1592
1661: 1350,1860,360,949
1662: 118,1287,218,540,1569,1031,713
1663: 1448,1993,1304,1716,1673
1664: 656,1335,1702,1116,232,672,1567
1665: 1899,1643,757,959
1666: 46,1252,1411,1360,1682,528,250,98,208
1667: 696,302,649,1390,1156,161
1668: 724,885,726,1065,932,1584,816,284
1669: 2001,1732,95,964,1180,411,314
1670: 1554,1049,448,509,163,333
1671: 1042,353,1785,559,124,1804
1672: 1534,1871,1062,1751,1120,1474,806
1673: 395,1513,1313,1663,1993,1716,1223,1823
1674: 1619,1516,1135,993,224,548,1166
1675: 1481,181,923,1343,84,121
1676: 1187,22,662,1696,1781,958,1634,1421
1677: 1349,508,1772,1768,1621,1647,646
1678: 1685,356,1345,1650,1540,791,193,1736
1679: 153,998,769,1496,399,1964,185,1753
1680: 1322,779,1387,1006,106,104,1982,1895,2021,1749
1681: 1028,438,1844,1698,653,1122,1436,1935,1945,1795,1599,1254
1682: 137,1731,100,528,1324,98,208,1666
1683: 1604,1598,681,1066,1778,1172
1684: 1064,1789,45,1962,291,89,450
1685: 1678,1345,1543,791,1697,1022,1304
1686: 1399,1200,1425,1401,362,1125,160,1646
1687: 1265,891,558,472,83,606,950
1688: 228,599,1071,756,406,1584,947,284
1689: 341,1725,1013,1246,1407,311
1690: 751,722,577,172,1098,1542,536
1691: 577,967,1538,1956,477,172,1491
1692: 1269,148,1163,1105,663,69,518,1450
1693: 1879,213,1892,1800,1110,610,1423,1092,665
1694: 88,478,1278,1079,1707,786,2016,542
2022: 8
1696: 1187,1676,662,954,1071,756,1634,1240
1697: 1543,235,791,633,1266,1685,848,1699,1178,1022,1304
1698: 1681,1028,438,1847,214,1999,841,1122,1436
1699: 1178,1022,1247,711,1697,848,1304
1700: 1757,1915,691,702,1174,1228,739
1701: 1431,1033,195,2019,23,1271,1118,1940,719,1435,876,141
1702: 1335,1664,232,672,248,678,988,918
1703: 34,687,377,1026,1790,1734,647
1704: 257,1159,1214,850,330,171,584,421
1705: 465,963,1866,483,1303
1706: 978,1019,442,776,894,205
1707: 1848,1788,786,542,1694,1079
1708: 234,247,290,2013,1270,1868,671
1709: 516,1125,339,405,1984,28,1537
1710: 1023,1829,1726,323,366,552
1711: 40,1105,1412,69,629,1432,32
1712: 1644,1170,190,304,431,1179,2014,529,1060,1527
1713: 1444,1364,1557,1090,140,746,601
1714: 1080,530,660,1400,509,1101,20
1715: 1803,678,634,1140,1742,227,1484
1716: 1223,825,1448,1663,1993,676,1673,1513
1717: 93,470,1738,1642,1099,1487,597,921
1718: 228,1071,1358,1240,1603,1720,354
1719: 1911,782,906,417,443,1830,2005
1720: 1168,1603,228,599,1718,1071,354
1721: 852,848,308,711,674,832,1504,1989
1722: 170,796,1920,1225,1444,1557
1723: 970,1420,1025,34,342,1473,989,1760,1588,274
1724: 1547,413,947,816,284
1725: 1585,341,134,1689,1470,1520,1407,1841,941
1726: 1710,1023,323,423,1050,930,1616
1727: 1086,2002,1627,1450,1555,40,1613,1412,663,605,459
1728: 907,1464,14,1290,412,744
1729: 1173,1373,1311,980,569,620
1730: 144,1289,1577,1430,1356,1130,1463,1144
1731: 137,1682,100,528,1150,1324,694
1732: 964,1669,411,1185,254,710,1312
1733: 1741,991,1369,813,273,1352,1883,243,149
1734: 436,1109,1913,1419,592,296,687,1703,377,1051,18
1735: 441,1792,827,611,371,961,1636
1736: 193,1324,1766,694,1424,1678,356,1345,1448,825
1737: 1647,1083,646,763,1780,707,556,738,138
1738: 1717,470,484,1642,322,652,679,1099,597
1739: 903,789,1580,523,1257,1639
1740: 1793,1329,181
1741: 285,991,1733,1545,1369,114,149
1742: 37,1787,1140,1484,1715,634
1743: 1314,1036,10,513
1744: 273,1352,1883,452,1070,243,1056,1227,880
1745: 1051,18,1415,1881,500,1988,821
1746: 194,1129,1755,1330,1388,1779,690,1357,1340
1747: 626,1306,1468,818,1517,469,1219
1748: 1281,529,1605,1060,1527,1459
1749: 649,1390,1046,2021,453,835,1387,896,2000,104,1895,1680
1750: 1519,374,736,1017,1380,1493,729,145,677
1751: 18,1415,1120,1062,643,1672,1474
1752: 1024,1362,555,520,1096,1809
1753: 404,1147,287,185,549,769,1679
1754: 1347,1900,1367,788,1568,807
1755: 1746,194,1129,1330,1388,1081,252
1756: 61,895,446,1921,1519,374,701,1867,1659
1757: 1700,1915,691,702,765,1502,1997
1758: 1176,1564,129,651,1563
1759: 505,904,363,1248,364,1306,469
1760: 1881,500,1988,1588,647,34,1473,1723,1420
1761: 953,575,1854,547,682,1043,1455,1654
1762: 1057,518,1117,1835,1163,1450,936,1555,993
1763: 54,1653,171,839,428,176,123,1942,1337
1764: 1553,1656,97,1034,108,1195,1030,202
1765: 630,1963,1406,1499,60,1454,1078,1852,545
1766: 193,1324,1736,694,1424,466,1150,356,1345,825
1767: 1141,1297,151,1435,225,1139,1940,1431,2019,50,1617
1768: 139,81,728,1677,508,1621
1769: 1103,638,161,1225,1390,1376,1920,1156,1444
1770: 42,337,1896,1305,1336,1385,568,1528,753
1771: 600,1328,1312,1903,417,767,906
1772: 1677,1349,508,1392,1647,646,558,1332,83,556
1773: 332,834,1408,897,693,307,607
1774: 1815,67,169,238,1308,1992,515,319
1775: 217,761,1381,1480,900,1583,1233,451
2014: 2020,304,431,1179,1633,1518,1712,190,71
1777: 749,752,763,1780,1510,1624,1596,184,1872,1084
1778: 1066,1172,637,1598,1683,1181,29
1779: 488,223,690,1357,1799,1346,1746,1340
1780: 752,763,1777,699,623,1737,1083,138
1781: 22,1676,662,1449,26,302,1634,1421
1782: 1611,425,966,310,117,133
1783: 1842,386,636,579,803,884
1784: 57,414,1167,1948,913,2004,1243
1785: 559,344,560,462,124,1671,1804
1786: 1465,266,1578
1787: 37,1742,1351,944,983,1140,627
1788: 79,615,1093,1848,1707,542
1789: 1887,294,1064,1962,1684,280
1790: 716,1261,64,210,592,1212,1913,1703,377,1026
1791: 854,1847,1952,214,1546,584,1958,1851,1263,336
1792: 1735,441,827,80,574,534,491,537
1793: 1740,1329,312,94
1794: 82,540,1203,12,688,1569
1795: 1834,1599,1254,1436,1935,1681,1844,2013,1945
1796: 1479,180,1084,178,1510,1624,184,368
1797: 1358,58,1478,1920,1341,796
1798: 1837,642,782,1830,278,343,1366,1990
1799: 160,1346,1646,1779,1357,1340
1800: 1693,1892,1110,1055,1884,1092,665
1801: 197,1207,1370,361,1978,1148,573,1115
1802: 1112,1874,222,1276,1986,1904,1152,715
1803: 914,248,1715,678,634,232,227
1804: 1785,849,124,1671
1805: 1053,201,1077,1559,132,1041,1826
1806: 775,43,467,219
1807: 1573,1395,892,445
1808: 933,989,1576,1284,893,21,1531
1809: 1138,1882,295,270,1752,1362,1096,1238
1810: 1561,1284,1212,800,716,1609
1811: 1059,1819,1572,686,803,884,92,1044
1812: 1461,1146,1489,1354,580,1323,1121
1813: 1151,1996,1040,926,1279,1405,56,1960
1814: 755,586,1193,830,427,1398,396,1244,869
1815: 169,238,1774,1992,515,512,156,1111,1100
1816: 186,1032,1301,1047,703,1539
1817: 1422,136,392,1994,41,1863,972
1818: 702,1506,1497,409,1850,1500,202
1819: 657,1059,1572,1811,1551,803,1563,1291
1820: 186,1032,719,876,1636,141,371
1821: 1269,1163,1983,557,1057
1822: 11,1524,379,1657,1959,801,724,1065
1823: 640,1929,1861,1993,395,1673,976,863
1824: 1218,1833,170,754,1127,140
1825: 227,672,1567,44,1484,489
1826: 717,1041,975,132,164,1077,1805
1827: 880,1191,103,1076,1153,1227,1460,1002
1828: 128,532,303,826,1116,656,65
1829: 1710,1023,1932,999,297,1601,366,552
1830: 301,2005,782,1719,278,1837,642,1798
1831: 781,68,618,1119,920,17,292,673,200
1832: 1485,94,324,1329,1217,1343,725
1833: 1218,1299,1503,1824,1127,1171,140
1834: 1868,1795,1599,1471,1254,1844,239,1943,1158,859
1835: 1762,1057,1117,1544,1135,993,224
1836: 1258,1429,333,369,1199,1075,487
1837: 642,1194,1798,301,1418,1830,2005
1838: 315,1912,1933,1052,859,1262
1839: 849,1858,462,124,945,630,1499
1840: 1102,412,744,1910,435,1414,203,1859,778
1841: 1407,941,861,1725,1397,2007,554
1842: 1577,1783,386,1430,803,884,1463,1044
1843: 1632,262,811,1246,1349,1392,1265,558
1844: 1681,1028,438,1436,1558,708,1795,1834,1599,1943
1845: 1259,1986,422,1276
1846: 355,1235,1954,1995,768,1315,1937,1870,410
1847: 1091,854,1791,1952,214,1999,1122,1698
1848: 1308,1707,2,338,188,1788,1079
1849: 1143,862,1263,1337,1653,1522,336,1251
1850: 391,1617,409,490,1614,1506,1818,1003
1851: 584,1958,421,1143,1263,1791,336
1852: 283,1029,630,1765,60,560,945
1853: 1137,448,70,475,1172,637,201,1189,1049
1854: 1325,575,1761,1461,1121,547,952,110
1855: 1456,435,383,36,659
1856: 12,533,688,168,1610,1602,397,1926,1203
1857: 75,1457,245,856,1565,1552,517,1124
1858: 1839,849,1499,1891,102
1859: 922,785,908,778,1910,1414,1840
1860: 1661,1350,1270,949,309,234,1443
1861: 640,1929,1823,1993,740,974,976
1862: 72,1128,1278,47,67,939,1402
1863: 320,41,578,1196,972,1817,1996
1864: 1209,568,1379,367,158,1305,1336
1865: 1451,661,1123,1873
1866: 465,1705,483,1556,1303,1404,370
1867: 893,1570,1659,446,1756,1978
1868: 1834,1471,1254,2013,1708,671,570
1869: 1342,2015,378,1469,1622,1475,1482
1870: 1315,1937,1650,1846,1235,1954,410
1871: 1534,1094,550,1672,358,1062,402,643,1215
1872: 184,582,31,138,1976,763,1777,1084
1873: 661,1005,532,65,1451,1865
1874: 1112,1802,222,1277,1152,886
1875: 547,770,682,110,497,879,1641,1208,680
1876: 1878,843,977,62,1925,1133
1877: 1548,208,676,100,1223,46,1272,1260
1878: 843,1876,111,1133,1249,24,1410
1879: 1693,812,213,1892,1110,610,1423,1970
1880: 62,1348,757,977
1881: 1760,500,1988,1588,647,1415,1745,821,453,896,286
1882: 1809,1138,295,1979,270,1362,125
1883: 273,1352,452,1744,243,122,1733,1369,813
1884: 1055,1630,1092,316,115,1485,1892,1800,1439,725
1885: 1583,1233,1965,510,1249,24,898
1886: 802,192,1359,1962,450,741,280,52
1887: 1535,294,1064,1789,717,1041,121
1888: 119,1416,1150,479,1374,137,528,853
1889: 1928,1088,1063,472,606,1593,603
1890: 588,142,1383,955,1636,441,611,1932,501
1891: 329,102,847,1222,1858
1892: 1693,1879,213,1800,1485,324,725,1884,1092
1893: 1363,781,68,920,527,1192,1310,981,1897
1894: 1938,259,795,408
1895: 106,104,274,1588,1420,1387,896,286,1749,1680
1896: 42,337,1409,1305,1770,1528,753,819
1897: 1310,981,712,1893,527,1089,317
1898: 1229,1541,296,436,1109,888,643,1120
1899: 382,1665,959,346,654
1900: 1347,326,1754,1568,639,889,1585
1901: 260,499,397,533,903,120
1902: 92,1044,1144,686,1994,41,578
1903: 1771,600,1312,2020,1536,525,1911,906
1904: 1490,777,1277,1152,715,1802,222,199
1905: 1080,530,163,1429,1550,1628,1075
1906: 133,951,851,623,476,1149,760,1386,749,752,823
1907: 729,929,1009,145,73,910,1382,1021
1908: 516,189,1984,387,925,689
1909: 350,135,361,146,942,1115
1910: 631,659,684,1414,1859,785,1840
1911: 782,815,1719,906,279,1903,525
1912: 315,1933,1052,1838,1490,777,531
1913: 436,1734,496,210,1419,493,592,1790,296,377
2019: 1431,1033,195,1701,50,1271,1118,1940,1767,1435,876,1526
1915: 1757,1700,691,1502,1360,1288,1997,1157,1985
1916: 241,731,166,1375,1321,773,997,400,541
1917: 113,393,191,1498,55,980,481,1173
1918: 956,751,841,480,1028,1558
1919: 85,1147,287,1512,1294,1515,15,1468
1920: 1376,1478,1797,1769,1225,796,1722
1921: 61,895,1756,1519,374,736,677,1231,701,229
1922: 207,617,1244,869,755,357,1525
1923: 321,1955,1267,1477,1367,788
1924: 385,261,1983,873,1188,1344,255
1925: 1133,1939,62,384,271,1876
1926: 1610,1602,397,116,424,1339,260,1856
1927: 237,1970,658,251,1241,794,812
1928: 1088,1889,1063,472,1640,603,943,1562,1018
1929: 1823,1861,1247,1993,1304,740,974
1930: 1317,1118,1592,380,846,1047,1256,186,719
1931: 293,894,1181
1932: 501,999,142,297,1890,1829,366
1933: 1912,1052,1838,859,1432,570,32
1934: 1551,541,579,803,1564,129,1563
1935: 653,1145,1122,1436,1681,1350,1945,360,1795,1254
1936: 268,496,976,640,863,1419,493
1937: 87,1315,1650,1870,1540,828,1846,1235,714,837
1938: 1894,445,867,892,1342,259
1939: 928,365,1925,1133,271,10
1940: 1317,1118,1139,1767,1435,1033,1701,2019
1941: 328,1302,535,1953,864,263,1082,1273
1942: 428,176,1653,1763,1337,567
1943: 901,239,1844,281,1236,708,1834,1599
1944: 1072,714,1365,1514,1515,15,1338,1266,235
1945: 1350,2013,360,1935,1681,1795,1254
1946: 1470,583,665,1981,306,1175,134
1947: 1589,1,1006,1434,635,1142
1948: 721,820,913,855,2004,275,1243,1784
1949: 514,1487,597,865,594
1950: 1445,352,504,354,1341,1358,1603
1951: 1356,492,327,1130,856,522,1430,996,1124
1952: 1091,854,1791,1847,430,214,1398,1122
1953: 1941,1302,535,829,1211,263,685
1954: 101,1995,768,1846,389,1870,253,625,410,733
1955: 461,1923,1267,237,1423,658
1956: 967,1538,1691,1651,373,1491,63,43
1957: 1007,1395,1637,892,2015
1958: 584,1355,1851,1164,854,1791,1546
1959: 1043,1085,801,1654,1524,1822,724
1960: 401,1813,926,695,56
1961: 513,1480,900,503,206,1186
1962: 294,1064,1789,1684,450,280,52,1886
1963: 1765,1406,1454,1078,279,545,1366
1964: 399,985,994,185,655,549,769,1679,1496
1965: 1885,1233,451,510,217,318,760,840
1966: 396,1244,1368,90,869,198,1525
1967: 322,652,679,1099,1658,1505,1154,538,565
1968: 657,1059,686,614,1433,750,578
1969: 390,987,1992,515,1597,512,413
1970: 1423,1927,658,794,812,1879
1971: 581,1160,1123,608,616,1529
1972: 109,705,1397,1595,1250,834
1973: 632,526,429,76,1590,916
1974: 1054,1190,799,1655,285,1545,833,968,1255
1975: 1612,520,1486,1177,742,1096,957,154
1976: 582,1872,31,1479,650,1084,917,1307,1413,871,519
1977: 433,173,996,874,544,449,282,327,856
1978: 361,21,893,1867,446,1801,1370
1979: 1138,1882,295,1619,1516,224,772,125,230,1571
1980: 283,1029,1459,1020,1000
1981: 1470,665,1946,1568,807,1175,1585,134
1982: 1006,106,274,970,1434,456,1680
1983: 385,261,557,1924,1344,1269,1821,555,1024
1984: 890,339,516,1908,1709
1985: 198,1038,1017,1380,1915,691,74,1288,809,1157,145
1986: 1845,1276,1112,1802
1987: 2003,252,179,368,225,1139,398,1388,1297,1435
1988: 1760,1881,500,1588,647,687,1051,18,1415,1745,821
1989: 1292,832,1504,1721,609,91,16,1014,426
1990: 278,343,1222,1366,642,1798,329,965
1991: 937,938,502,1039,878,764,1087
1992: 987,1969,515,512,1308,319,1815,238,1774
1993: 1663,1304,1716,1929,1823,1861,1673
1994: 144,1289,392,1902,1144,41,1422,1817
1995: 101,1954,768,1088,866,1008,355,1846
1996: 1813,1151,1040,926,1863,1196,972,159,127
1997: 1288,910,1157,1502,1757,1915,1252,1360
1998: 608,1447,498,616,155,1082,328,1198
1999: 1522,841,336,480,1847,214,1698
2000: 453,835,1387,1134,696,147,649,1749
2001: 95,964,1669,1180,1283,1095,1328,1312
2002: 1615,1627,1727,1613,489,459,44
2003: 252,1987,1139,1388,1660,1317,1592
2004: 1948,913,855,275,1243,1784,1167
2005: 301,443,1830,417,782,1719,278,1837