0: 2023,2027
1: 1589,1947,1142,1629,1353,71,1518
2: 987,1848,188,712,338,1788,615,1707
3: 2025
4: 2024
5: 2026
6: 613,1136,596
1930: 1317,1118,846,1047,1256,186,719
8: 2022
9: 1428,1073,408
1929: 1861,1823,1247,1993,1304,740
11: 1524,379,1417,724,1065,920,527,317
12: 1856,533,688,168,1610,1602,82,1794,1569
13: 387,925,1295,189,1425,855,820,511
14: 1626,1635,1290,494,126,1728,1464
15: 1294,1514,1515,1919,1944,1072,1338
16: 1035,580,1016,1354,609,1426,1989,426,648
17: 915,292,1521,673,860,1827,1191,857,1119,1831
18: 1751,1051,1415,1745,821,1734,1109,687,1120,1988
19: 449,282,482,524,946,619,364
20: 660,1019,1101,1714,1400
1910: 1414,659,631,684,1840,1859,785
1994: 1144,1902,144,1289,392,1817,41,1422
1997: 1757,1915,1157,1360,1502,1411,1252,1288,910
24: 1878,843,1133,1410,1249,898,992,1885
25: 1004,536,440,1236,1542,1058,463
26: 696,147,662,1781,1449,1421,302
27: 1027,935,624,1234
28: 160,220,1537,1401,1125,1709,905
29: 1137,495,1778,1172,637,293,1181
30: 94,213,312,1132,794,812
1989: 1292,832,1504,1721,609,91,16,1014,426
32: 40,1711,629,1432,1933,1052,605,982
33: 1338,633,1266,818,1515,1468
34: 647,687,1703,1026,933,1473,1760
35: 1034,97,519,1574,1297,723
1946: 1470,583,1520,134,1981,1175,1568,306,665
37: 1787,1140,634,1715
38: 688,1580,168,1569,1739,1460,1153,713
39: 143,1600,718,539,1644,622,1170
40: 1613,1105,1711,1412,32,605,982
41: 1817,1863,578,320,686,1144,1994,1902
42: 337,1896,1770,1409,1305,1336,1372
43: 1806,775,467,63,1691,1538
44: 672,1567,1825,1615,2002,489,130
45: 1439,1535,115,1630,1684,1064,450
46: 1411,1331,1666,1877,208,1260,165
47: 478,238,67,1128,1862,1278,1402,939
48: 1426,2009,790,1035,1016,747
49: 157,961,1427,414,793,1462,969
1904: 1490,1277,715,1152,1802,1874,199
51: 567,667,1251,1608,628,722,940
52: 276,1371,280,1962,1359,1886,192
53: 258,1020,1713,641,1090,602,601
54: 1763,839,1591,1320,123,372,176
55: 191,2008,1221,334,401,113,393
56: 1279,798,808,1813,437,695,1960
57: 414,1784,793,1948,1165,1206
58: 1634,1240,1421,1358,1781,1696,1478,302,1797
59: 898,992,117,576,510,1885,851
60: 630,1852,1454,1605,283,1029
61: 1756,446,895,1921,1446,229,1370,1148
62: 384,1925,1880,1878,977
63: 1404,1556,1491,1538,775,43
64: 1253,1293,1609,1309,210,716,1261
65: 656,1391,532,1828,1873
66: 930,216,1616,1038,427,1966,396,1368
67: 169,759,1774,238,47,1862,1402,939,995
68: 1831,781,1893,857,200,1192,1363,981
69: 1692,148,1645,247,629,1105,1711
70: 1066,475,1172,637,201,1077,1853,1189
71: 1644,622,190,1589,1,1629,2014,1518
72: 787,1128,1862,939,1620
1922: 755,869,1244,357,1525,207,617
74: 805,739,1050,1038,691,1700,1157,216,1985,1380
75: 1457,424,1282,1857,240,1565,245,1587,589,1339
76: 546,429,1973,1165,1224,1206
77: 1216,1210,183,963
78: 1638,877,1161,771,1319,268,1229,1541
79: 1093,1788,378,1938,542,1012,259
80: 764,1087,969,534,1427,574,1792
81: 139,1768,881,1523,96,728
82: 159,1794,2006,136,783,1602,1856,12
83: 1332,1593,606,1772,1392,472,558
84: 1439,1535,725,1329,181,1675
85: 1919,1147,404,810,626,1468
86: 1361,842,372,1452,1027,107,1202
87: 1540,1315,1937,1650,837,714,1365,791
88: 1073,2016,1694,1128,1237,1278
1866: 465,1705,1303,1404,1556
90: 1966,1244,1368,198,1493,869,736,677,357,1525
91: 740,1296,1247,711,1292,832,1989,1037
92: 1059,1572,686,1968,884,1144,1902,1044
93: 1717,470,1652,921
94: 30,213,1329,312,1793,1892,725
95: 314,1180,1669,485,1283,1095,710,1328
96: 126,1464,310,81,881,1523
97: 35,1034,723,1141,1030,1553,1764
98: 250,1360,1502,1666,853,1682,528,208,1411,1252
99: 595,142,999,1710,1829,323,1113,552,297
100: 1682,1731,528,1324,694,825,1666,1877,208,1548
101: 1954,733,768,1995,1008,621,1298,389,2017
102: 1891,1858,1222,847
103: 1827,1191,122,1227,243,1744,880
104: 1387,1895,106,1680,2021,1749,1046,779
105: 1533,219,1004,440,1259,422
106: 1982,1680,1006,970,1420,286,1895,104
107: 727,1027,935,455,1452,348,842,86
108: 389,2017,119,709,1195,1656,1764,1374
109: 1972,1397,836,705,1470,583,1520,941,1841
110: 547,770,952,1121,543,464,497
111: 212,564,1440,843,1410,1232,817
112: 873,351,931,309,948,215,1623,1443,593,385
113: 1268,481,393,1221,191,55,1917,1498
114: 645,1469,345,1741,2018,1192,1545,246
115: 1884,316,1630,45,1684,291,450
116: 1610,1926,1602,1048,517,424,720
117: 59,992,576,1410,1232,966,425
118: 1662,218,349,1070,1744,880
119: 389,108,2017,709,1656,253,1888,1416,1374
120: 903,789,499,1377,1489,1146
1858: 102,1499,847,1839
122: 1191,103,857,1883,243,1369,200,196,149
123: 1361,372,1320,54,176,1508
1893: 920,781,68,527,1192,1363,1310,981
125: 772,411,254,295,1882,270,1979,1571,230
126: 96,1464,14,494,564,310,748,817
1945: 1270,2013,949,653,1935,360,1681,1254,1795,234
128: 303,1828,1516,826,548,1211,1107
129: 1758,1176,997,1934,541
130: 734,1116,826,1615,44,1567
131: 846,1592,380,1340,780,1746,1129
132: 1067,164,975,1805,475,1077
133: 623,951,576,804,699,425
134: 1470,1946,1981,1585,1725,341,941
135: 350,1318,1909,342,403,361,1025,456
136: 1422,783,1817,972,82,2006
137: 1888,1150,1416,853,694,1682,1731,528
138: 1737,763,1780,707,325,1872
139: 388,81,1768,1523,262,1326,870
140: 1171,602,170,1557,746,1824,1833
141: 562,955,1636,876,1118,1820,719,1033,1271,195
142: 595,1383,99,1649,588,999,501,1829,297
143: 39,718,1644,1170,960,529
144: 1144,1994,1463,1730,1289,392
145: 1288,809,1382,1985,1017,729,1907,1750
146: 1177,1486,1115,350,1909,942
147: 696,649,26,806,1134,2000,1449
148: 1269,1692,69,1623,1645,247,557,1105
149: 2018,1192,196,1883,122,1741,1733,1369
150: 318,476,823,690,194,223,1648
151: 723,1141,1767,1617,1030,225,1297,398,1435
152: 175,1359,192,693,985,994
153: 998,769,1496,1495,524,289,1242,946
154: 1238,957,415,1096,1486,1975,742,347,1180
2026: 5
156: 1815,1111,169,512,515,468,1168,1100
157: 49,703,961,1427,414,1539
158: 1385,792,1100,1011,1209,568
159: 82,1794,2006,926,1996,540
160: 28,220,1401,1346,1799,1646,1686
161: 1103,1769,1074,1667,1390,585,1156,1225
162: 697,405,339,1403,1186,206
163: 1429,333,509,1670,1554,1080,1905
164: 1067,132,454,444,975
165: 1021,800,1009,1260,46,1331,1293
166: 773,731,1321,241,1375,660,934,530,269,700
167: 797,1008,621,1566,236,912,460,866
168: 1856,38,533,688,1580,12,1610
169: 1815,67,1111,759,1774,156,515,238
170: 754,1722,796,1341,1920,1444,1557,1218,1824,140
171: 1653,1763,839,330,257,421,1143
172: 577,1691,967,1608,722,1690,940
2005: 301,443,1830,906,417,782,1719
174: 1215,680,305,550,1208,288,1197,2012
175: 802,152,1359,192,332,1773,693,994
176: 1508,1230,428,1942,123,54,1653,1763,839
2009: 589,264,875,1426,737,48,790,747
1887: 294,1064,1789,1675,1535,717,1041
179: 1297,398,1987,252,1796,1081,1388,1479,180
180: 1479,1574,1796,1297,179,398
181: 1481,923,1675,1740,1329,84
182: 1494,226,811,262,1326,639,889
183: 1361,842,1234,1210,1216,77
1856: 533,688,168,12,1610,1602,397,82
185: 769,1496,1964,994,399,549,404,1753
186: 1032,719,1539,1047,1256,1118,1930
187: 999,501,506,1601,195,562,490,1614,1526
188: 987,1848,2,1597,774,1547,338
189: 516,362,1908,13,925,1425,855
190: 1644,71,1712,1170,431,2014,1518,1060,1179
191: 1114,2008,55,113,393,1917,1498
192: 152,175,1359,1886,242,1371,280,52,1104,985,994
193: 1736,1766,694,1650,1424,466,1150,1678,356,1345
194: 1779,1357,690,223,150,823,1330,1648,1388,1746,1755
195: 1431,1033,2019,1271,141,562,876,1526,187,506
196: 200,2018,1192,149,122,857,1369
197: 1801,1370,1115,1207,1148,573
198: 1966,1368,90,1038,1493,1380,1017,736
199: 1277,1904,1152,777,531,447,1204,886
200: 2018,1192,196,1363,122,857,1831,781,68
201: 1053,1077,1001,70,475,1853,1189
202: 1553,1656,1764,409,479,604,1374,1500,1818
203: 1549,435,1840,1290,1102,744,1728
204: 1626,1290,919,382,346,1549
1940: 1317,1118,1139,1435,1767,1033,2019,1271
206: 1961,900,1186,405,162,905
207: 948,617,755,1193,869,1922,949
208: 1877,1260,1548,100,1682,98,1666,1411,46
1968: 657,1059,92,686,614,750,1433,578
210: 863,592,493,1309,64,1790,1261,1913
2017: 389,108,119,1195,871,1298,101,733
212: 111,564,1440,439,1348,843,977
213: 30,94,1693,1879,812,1892,725
214: 1999,1698,1791,1263,336,854,1847
215: 229,1631,1231,357,948,617,112,351
216: 930,66,1616,805,74,1050,1038,1368
217: 668,1775,1467,761,840,1233,1965,451
218: 1662,118,1569,1227,1153,713,880
219: 105,1533,1806,467
220: 160,28,1537,1401,905,668,1346,488
221: 1623,1443,593,1645,247,1708,234,1270,309
1883: 273,452,243,1744,122,813,1733,1369,149
223: 1779,690,194,488,451,1467,840,318,150
224: 1619,993,1544,1835,1362,1138,1979
225: 1297,398,1987,1139,1435,151,1767
226: 1494,182,870,639,326,1394,566
1857: 75,1457,1124,856,1565,245,517,1289,1552
228: 756,1688,1071,1718,947,599,1720,1168
229: 1446,1631,215,1921,677,1231,357,701,61,895,351
230: 1211,1107,1571,685,1979,1619,1516,125
1878: 843,1133,1876,24,1410,977,62,1925,1249
232: 1484,672,1567,1825,1664,1803,678,1702
233: 1640,943,603,1562,1333,1285,507,1097,692
234: 221,1443,593,247,1708,1270,1945,2013,309
235: 1543,791,1697,1944,1365,1338,1266
236: 738,707,325,912,1566,460,866,797,167
237: 1955,1927,658,461,563,251
238: 319,478,47,1815,67,169,1774
239: 590,901,1471,1834,859,315
240: 1565,433,245,996,1587,505,904,75
241: 166,1321,1916,1375,660,934,1019,978
242: 276,1371,280,1396,192,1010,655,553,1104
243: 273,1883,1744,880,103,122,1369
244: 1310,1488,712,1475,1482,1093,615
245: 240,1565,996,1587,75,1857
246: 1054,1545,666,799,1469,114,1637
247: 221,1443,593,1645,1708,234,671,629,148,69
248: 918,914,1803,678,1702
1891: 102,343,1222,847,1990,965
250: 98,1360,1502,479,853,765,528
251: 1241,1927,237
252: 179,398,1987,1139,2003,1081,1388,1755,1129,1592
253: 1424,625,1954,733,389,119,709,1150,1416
254: 125,772,411,1185,295,1732
255: 1446,1631,873,1188,1148,573
256: 1507,1528,902,753,1385,792
257: 330,1704,850,1159,1591,171,839
258: 53,1658,602,1505
259: 542,1012,378,79,1938,1894,795
260: 499,790,1339,1610,1926,397,747,903
261: 385,1983,1188,1344,555,1024,1821
262: 1494,811,182,1326,639,139,388,1632,508,1013
263: 1571,685,1953,772,1941,1302
264: 589,2009,875,1282,790,1339
265: 1618,833,620,968,1264,1974,1190
266: 1578,1786,591,631,684,321
267: 1550,269,636,745,522,492,386,1430
268: 1936,976,496,1205,1319,974,1419,78,1229
269: 1550,267,636,700,745,530,773,166,386
270: 1809,1362,1882,1238,957,415,1096,314,125,411,295
271: 486,1036,1314,384,1925,365,1939
1974: 1054,799,1190,285,833,265,968,1264
273: 1070,452,1883,243,1744,349,1114,813,1733,1369
1890: 588,441,827,371,955,1636,501
275: 1243,1425,1200,473,855,2004,1167
276: 242,1371,280,52,294,1396,1559
277: 598,878,927,831,916,938,348
278: 545,343,1990,782,1719,815,1830,1798
279: 1078,1213,525,815,1765,1454,545
280: 242,276,1371,52,1962,294,1789,1559,1886,192
281: 1098,708,1558,1236,1542,751,1028
282: 19,449,1977,946,619,364,433,904
283: 1029,1980,1000,1852,60,560,344,1530
284: 1724,947,1584,1065,1668,932,816,1688
285: 1054,1545,1974,1655,1741,991,968
286: 896,1387,1895,1881,1588,1420,106
287: 307,549,1582,1919,1147,1512,1753
288: 406,1197,954,2012,174,305,550,726,1187,958
289: 407,524,1242,1201,1495,399,153,1496
1969: 390,512,1992,515,413,987,1597
291: 741,450,316,115,1250,836,705
292: 915,1521,673,17,860,1183,1455,1085,1119
293: 894,1931,1181,29,495,1101,1400
294: 1064,1789,1887,1041,1559,276,280
295: 125,411,254,1809,1882,270,1979,314
296: 1229,1898,496,1419,436,1734,1913,1109
297: 1113,552,1164,595,142,99,1649,1355,418
298: 554,861,891,950,1184,1333
299: 1581,830,427,323,1113,552,930
300: 400,978,1375
301: 1198,443,2005,1830,1447,1194,1837
302: 1376,1478,1156,1781,696,1667,26,58,1421
303: 128,532,1828,1211,829,1005
304: 2020,1633,431,2014,1712,1213,1179,1536
305: 174,1215,680,1182,1208,726,288,2012
306: 1884,316,665,1800,583,1946,836
307: 607,287,549,1408,1773,693,1155,1582,1512
308: 416,469,1219,852,1721,1517,674,1504
309: 112,351,948,1270,949,221,1443,593,234
310: 748,966,126,96,881,1611
311: 891,558,1689,1407,1843,1246,861
312: 30,94,1132,1793
2020: 1095,1633,431,2014,304,1903,600,1328,1179,1536
314: 1732,95,1180,1669,1238,957,415,270,411,295
315: 859,1838,777,239,590,704,1490
316: 306,1884,115,583,1520,291,836
317: 774,816,1547,527,11,1417,1089
318: 476,150,760,1965,451,840,223
319: 478,1079,238,987,1848,1992,515,1774
320: 41,1863,1196,578,561,750,1151,1040
321: 1477,1267,266,591,684,785
322: 1738,652,679,1099,1658,1015,484,1642
323: 1113,552,99,1710,1726,930,299
1871: 1534,1672,358,1062,402,1215,550
325: 738,707,236,912,556,138,1566,582,917
326: 922,778,908,1347,1394,566,1900,226,639
327: 1951,856,522,544,1977,996
328: 1941,1302,535,616,1082,1198,1447,608,1998
1923: 1477,1267,788,1955,1423,698
330: 1704,850,1355,418,257,1649,171,584,421
1876: 1878,843,977
332: 1408,834,1773,1250,802,175,1359,693
333: 1075,1258,1429,163,1670,1554,758
334: 401,1221,349,2008,55
335: 627,605,982,531,447,1131
336: 1849,862,1263,1522,1791,214,1999,480
337: 42,1896,1770,1409,819,594,1286
338: 774,1089,712,615,2,188
339: 697,405,162,1984,1537,1709
340: 465,963,587,1705,1230,735,1594
341: 1689,1725,1407,1981,1585,1900,889,134,1013
342: 989,1473,1531,403,1723,970,1025,135
343: 278,545,1366,1222,847,1990,1406,815,1798,1891
344: 560,1785,559,1530,283,1000,462
345: 645,1469,1475,114,2018,1192,1363,1488,981
346: 382,1899,654,1626,204,1635
347: 742,1384,154,415,485,1180
348: 937,455,938,277,878,927,831,1378,784,727,107
349: 2008,334,118,273,1070,452
350: 135,1318,1909,146,456,1061,942
351: 112,873,931,309,948,229,1631,215
352: 1797,1950,1445,504,1341,1127
353: 559,1530,979,1274,551,824,1042
354: 1720,1603,504,1071,1718,1240,1358,1950
355: 1846,1235,1088,1018,866,1008,828,1995
356: 1678,1345,1540,1315,1650,1424,466,193,1736,1766
357: 677,1231,1525,701,1244,90,1922,948,617,229,215
358: 1579,879,1062,402,888,643,1215,680,1871
359: 546,1316,1295,732,820,721,511
360: 653,1145,1935,1193,1945,949
361: 1531,1978,403,1801,1115,135,1909
362: 516,189,1401,1125,1686,1425,1200
363: 505,1759,416,469,875,737
364: 706,619,19,282,433,505,1759,904
365: 928,1381,1939,271,1036,1314,503,1480
1964: 693,985,994,399,549,769,1496,185
367: 1864,568,1305,1127,1336,1445,1218,1503
1948: 855,2004,820,721,1165,57,1784
369: 407,524,1242,1075,1258,487,449,482
1916: 773,731,1321,241,1375,400,579,541
371: 441,1890,827,1820,703,961,1636
372: 1361,842,123,86,1202,1320,54,1508
1913: 436,1734,377,496,210,592,493,1419,1790,296
374: 1519,1750,1921,736,729,701,1659,1756,895
375: 1456,919,382
1928: 1063,1088,1018,1593,1889,1640,943,603,1562
377: 436,1734,1913,592,1026,1790,687,1703
378: 1869,1342,1482,1093,79,1938,259
379: 11,1524,1417,724,1065,1822,920
380: 131,846,780,434,1256,990,1472
1947: 1589,1,1142,1982,1006,1434,635,1322
382: 1899,346,375,919,204
383: 1578,659,631
384: 62,1925,486,271,1939
385: 261,1983,557,112,873,931,1188,1344
386: 1842,1577,267,269,636,492,1783,1430
387: 13,925,1295,689,511
388: 139,1768,262,1326,508,1349
389: 108,2017,119,709,1298,101,733,768,253,1416
390: 512,1969,515,599,947,413,1597,1168
391: 409,1850,1141,1617,1030,1553,490
392: 517,1289,1552,1994,144,1817,1422
393: 1268,481,669,113,1453,1221,191,55,1917
394: 653,1145,1091,1398,1952,586
395: 1673,1309,1313,1513,1823,640,863
396: 1966,1244,1368,66,427,1814,755,869
397: 1610,1926,260,499,1856,533,903
398: 225,1297,179,1987,1139,252,180,151
399: 1964,985,994,1201,655,1495,289,1496,185
400: 300,997,1916,1375,541
401: 1960,334,695,1453,1221,55
402: 1062,888,643,1120,358,1579,1215,1871,1672
403: 1531,361,989,342,1025,135
404: 85,1147,1753,998,769,185,810,626
405: 162,339,206,1537,1709,905
406: 288,1197,954,726,932,1584,756,1688
407: 289,369,1242,1201,612,655,758,1495,1258
408: 9,1073,795,2016,1012
409: 391,1850,1030,1553,202,1500,1506,1818
410: 1424,466,625,1870,1846,1954,1315,1937,1650
411: 125,254,1185,295,270,1732,314,1669
1881: 1760,500,1988,1588,647,1415,1745,821,896,286
413: 1724,947,1547,1597,390,1969,599
414: 57,1784,793,1167,1047,1301,1539,49,157
415: 1238,154,957,347,270,314,1180
416: 308,469,1219,363,674,737
417: 1082,1273,767,1312,906,1198,443,2005
418: 330,850,1355,537,1214,595,1383,1649,297
1981: 1175,1568,1585,1754,665,1470,134,1946,341
2006: 159,82,1794,972,136,783,1602,1996
421: 584,1851,330,1653,171,1143
422: 463,1276,440,1259,105,1986
423: 1710,1023,1726,1601,1228,1220,1050,1616
424: 75,1457,1282,517,720,1610,1926,116,1048,1339
425: 1611,804,966,117,576,133
426: 1014,648,609,1292,1989,580,16
427: 299,830,930,66,396,1814,869
428: 176,1508,1230,735,1942,1763,567
429: 546,1316,76,526,1973,632
430: 1952,854,1546,1581,830,1398
431: 2020,1095,1633,2014,304,1518,190,1179
2013: 1270,1945,1868,1254,1795,1708,234
433: 240,996,449,282,1977,364,904
434: 1167,1047,1256,990,1472,1301,846,380
435: 1549,203,1840,1456,1414,1855
436: 1734,1913,377,1109,496,1419,1898,296,1051
437: 571,695,1453,808,56,596
438: 1681,1028,1844,1436,841,1698
439: 1348,757,959,654,1635,212,1440
440: 1004,25,1259,105,422,1058,463
441: 588,1890,827,371,537,1214,1792,1383,1649
1995: 101,1954,768,1088,866,1008,355,1846,1235
443: 301,1198,2005,1830,1447,906,1082,417
444: 717,975,454,1481,923,164
445: 1938,1894,1807,1342,1573
446: 61,1756,1867,1978,1801,1370
447: 627,335,531,199,1351,1204
448: 1853,1137,509,1670,1049,1189
449: 19,282,482,1977,369,544,433
450: 291,741,45,115,1962,1684,1064,1789,1886
451: 1885,1233,1965,1775,1467,217,840,318,223
452: 273,1070,1883,1744,349,1114,2008,813
453: 896,1387,2000,1415,821,1474,1134,649,1749
454: 1481,164,444
455: 937,938,1452,348,927,1378,727,107
456: 1434,1061,970,1025,350,135,1318,1982,942
457: 520,1612,555,1207,1188,1344,573,1177
1865: 1873,661,1123
459: 489,983,1613,605,1131,1727,2002
460: 1063,1088,866,1593,1566,236,797,1008,167
461: 1955,658,237,563,591,1267
462: 1839,849,945,1804,1852,560,1785,344
463: 422,1058,1276,1300,25,440,1126
464: 1638,877,1161,543,887,110,497
465: 340,1705,735,1866,1594,1303,483,1556
466: 1424,625,410,1315,1650,356,193,1766
467: 1806,43,577,1691,1538,477,1533,219
468: 1720,1168,1603,1011,512,156,1100
469: 308,416,1219,1747,1306,1759,363
470: 1738,652,679,1099,1154,93,1717,1652,551,921
1905: 1080,1714,530,1429,163,1550,1628
472: 1687,891,558,950,83,606,1889,603
473: 275,1243,1200,780,1167,990,1472
2012: 288,1197,1182,1208,174,305,726
475: 70,1066,1172,1067,132,201,1077
476: 318,150,760,749,823,1906,1386
477: 1004,536,577,1691,467,1533
478: 319,1694,1079,238,47,1278
479: 604,1374,853,765,1500,202,1888,250
480: 1999,841,336,1522,1251,628,956,1918
481: 1268,113,393,980,1917
482: 19,449,524,369,1242,946
483: 1608,1594,1303,1491,465,1556,967
484: 1642,1492,1015,322,1738
485: 1283,1353,347,1384,1142,95,1180
486: 271,1036,384
487: 1441,522,544,1075,1429,369
488: 1779,690,223,1346,668,1467,840,220,1799
489: 983,459,1140,1131,2002,44,1825
490: 1614,1526,1617,1431,391,1850,187,1003
491: 574,986,1214,1792,1159,1704
492: 522,267,745,386,1951,1430
493: 210,863,592,1419,1936,496,1913
494: 564,1440,1626,1635,14,126,748,817
495: 29,1137,509,637,293,1101,1400
496: 268,1936,976,1319,493,1419,1229,296,436,1913
497: 1579,879,543,1638,877,464,770,110,1875,952
498: 608,858,1998,1447,1194,1108
499: 260,790,397,1377,1016,747,903,120,1489
500: 1760,1881,1988,1588,647,687,1745
501: 187,999,506,562,955,588,1890,1383,142
502: 937,938,878,764,1087,683
503: 1480,1961,1314,513,1381,365
504: 1603,354,1011,352,1950,1445,1209
505: 1759,363,904,364,240,1587,589,875
506: 187,999,501,195,562,955
507: 1285,1437,1184,1408,897,233,607,1097,1155,1582
508: 1843,1632,811,262,1326,388,1768,1349,1772,1392
509: 1137,495,448,1670,1080,1400,163
510: 1885,1965,898,59,576,851,760
511: 855,820,721,13,387,1295,359
512: 390,1969,1992,515,599,468,1168,1815,156
513: 1743,1314,1403,503,1961,1186
514: 1949,1487,594,1286
515: 390,512,1969,1992,987,319,1815,169,1774,156
516: 362,1908,189,1984,1125,1709
517: 1289,392,1552,1457,424,1857,1422,783,720,116,1048
518: 1269,1692,1105,1412,1762,1163,1555,663
519: 35,1034,650,1976,1479,1574,871,1307
520: 457,1612,555,1975,1752,957,1096
521: 1438,995,1507,902,664
522: 1441,487,544,492,267,745,1951,327
1950: 1797,352,1445,1358,1603,354,504
524: 289,369,1242,153,998,19,482,946
525: 1719,815,1903,279,1078,1213,1536
526: 429,1316,732,632
527: 920,781,1893,11,1417,1089,1310,317
528: 100,1682,1731,1888,137,853,250,98,1666
529: 1060,1748,143,1170,960,838,1459
530: 1714,1905,660,166,1550,269,1628,700
531: 335,982,447,1052,1838,777,199
532: 303,1828,65,661,1005,1873
533: 1856,688,1580,168,12,1610,1602,397,903
534: 80,961,1427,827,574,1792
535: 829,581,1302,616,328,1953,1160
536: 1004,25,477,1690,577,1098,1542
537: 588,441,1214,1792,595,1383,1649,850,418
538: 979,1154,1274,1505,652,551
539: 1600,39,1322,779,585,1589,622
540: 1662,159,1794,1569
541: 579,1934,400,997,731,1916,129
542: 786,1707,1012,259,1788,79
543: 1323,1121,887,648,1812,877,464,110,952,497
544: 1441,487,522,449,1977,1951,327
545: 278,343,1366,1222,847,1406,279,815,1765
546: 429,1316,76,359,721,1165
547: 770,110,1875,952,682,1461,1121,1325,575,1761
548: 734,826,993,1674,1516,1166,1107,128
549: 307,287,693,1964,994,769,185,1147,1753
550: 174,1215,1534,1871,288,1187,958
551: 1106,1652,824,921,470,979,1154,538,353
552: 323,1113,297,1164,99,1710,1829,299
553: 612,1010,1396,1001,242,845,1049
554: 298,1841,861,1397,1285,1437,1184,1333
555: 520,457,1612,1344,573,261,1024,1752
556: 1737,1647,646,1772,1332,1566,738,707,325
557: 385,1983,931,1623,593,1269,148
558: 1687,891,472,311,1843,1246,1772,1392,83,606
559: 1785,344,1530,353,1042,1671
560: 1785,344,283,1852,1839,945,462
561: 614,750,1226,1196,578,320,1169,1151
562: 141,955,1636,876,1820,1033,1271,195,187,501,506
563: 1786,591,461,237
564: 111,212,494,1440,1635,126,748,1232,817
1870: 1846,1235,1954,1315,1937,410
566: 1102,1394,744,922,778,908,1347,326,1494,226,639
567: 667,51,1251,428,735,1942,862,1337
568: 1209,1864,1305,367,1385,158,1528,1770
1933: 859,1052,1838,1432,570,32
570: 671,629,1432,1868,1471,859,1933
571: 437,1453,1268,669
2000: 1387,453,1134,147,649,1749,1390,1046
573: 1188,1148,1344,255,1207,197,457,555
574: 986,491,1792,80,1087,534
575: 953,1325,1761,1461,547,682
576: 59,992,117,510,425,951,133,1386,851
577: 1691,172,1690,467,1098,536,477
578: 41,1863,320,686,1968,1902,561,750
579: 803,1783,1934,541,731,1916,636
580: 1035,1016,16,1354,426,648,1812,1323
581: 829,1302,535,616,1160,1123,608,1971
582: 650,1872,917,1976,325,1084
583: 1470,1520,1946,306,316,665,109,836
584: 1958,1851,421,330,1355,1164
585: 1322,779,2021,1390,161,1074,1600,539
586: 1814,755,1193,869,1398,1145,394
587: 963,340,1230,735
588: 441,1890,537,955,501,595,1383,142,1649
589: 264,2009,875,1587,505,75,1282,1339
590: 239,901,1126,1300,704,859,315
591: 1786,266,563,461,1267,321
592: 210,493,1419,1026,1790,1261,1734,1913,377
593: 221,1623,1443,1645,247,234,112,931,309,557
594: 1642,1372,1492,337,1409,1286,1949,514
595: 1383,142,99,1649,588,537,850,1355,418,297
596: 613,6,808,437
597: 1949,1487,1642,1738,1717
598: 277,878,916,1973,1039,1224
599: 390,512,947,413,228,1688,1720,1168
600: 1903,1328,1312,2020,1095,1536
601: 602,1713,53
602: 140,1171,1658,1505,601,1713,746,53,258
603: 1640,943,233,1562,1333,891,472,950,606,1889,1063,1928
604: 479,1374,1500,1656,202,1888
605: 627,335,982,1131,40,1613,1412,32,459
606: 83,1593,1889,1687,891,472,558,603,1063
607: 307,1408,1773,897,507,1155,1582
608: 858,1998,498,581,616,328,1447,1971
609: 1426,674,832,1989,1504,1035,16,426
610: 1693,1879,1110,1423,698,1175,665
1949: 514,1487,597,1642,1492,594
612: 1201,1010,655,553,758,845,1554,407
613: 1136,6,743,798,808,596
614: 561,750,1226,1433,1968,1334
615: 1093,1788,712,244,338,2
616: 581,1302,535,328,608,1998,1971
617: 207,948,1244,755,1922,357,1525,215
1879: 1693,610,812,1110,1892,1423,1970,213
619: 946,706,364,998,19,282,1759
620: 1618,833,265,1373,1729
621: 797,1008,167,912,866,1298,1413,101
622: 1644,71,1322,1589,39,539
623: 1906,951,133,699,749,752,1780
624: 27,1234,1216
625: 1424,466,253,410,1846,1954,733
626: 1747,1306,1468,85,404,810,818
627: 605,335,447,1131,1351,983,1787
628: 956,722,940,1522,51,1251,480
629: 671,1432,570,1645,247,1708,69,1105,1711,32
630: 1765,1499,1852,1454,60,1406,1839,945
631: 659,1910,684,383,1578,266
632: 429,526,1973,916
633: 1338,33,1266,818,1697,852,848,1517,1178
634: 914,1803,1715,678,37
635: 742,1384,942,1434,1061,1947,1142
636: 267,269,700,773,731,1783,579,1842,386
637: 70,1172,1778,29,1853,1137,495
1927: 1970,658,237,251,1241,794
639: 1494,226,811,182,262,1347,326,566,1900,889
640: 1861,1823,395,1936,976,863
641: 960,838,1090,1713,53,1020
642: 814,1837,1798,965,1830,1990
643: 1062,402,888,1120,1898,1541,1109,358,1751
1982: 106,1680,1006,970,1434,456,1947
645: 1469,345,114,2018,1192,1363,981
646: 1349,1772,1647,556,1332
647: 687,1703,34,1051,1760,1881,500,1988,1588
648: 1014,426,580,16,822,1323,543,887
649: 696,147,1667,1134,453,2000,1749,1390,1046
650: 582,1872,1976,1479,1574,1084,1307,519
651: 1758,1176,1532,1563
652: 322,470,679,1099,1505,1154,538,921
653: 1145,394,1935,360,1091,1698,1681,1436,1945
654: 1899,346,439,959,1635,1440
655: 1201,612,1010,1104,1495,242,985,994,399,407
656: 1391,1702,65,1116,1567,1664,1828
657: 1059,1819,1968,1291,730,1433
658: 1955,1423,1970,1927,461,237
659: 1414,1910,631,1855,684,383
660: 934,1019,20,1714,530,773,166,1321,241,700
661: 1160,1123,1005,532,1873,1865
662: 1187,1676,958,1781,1449,26,1634
663: 1727,1627,1692,518,1105,1412,1762,1163,1555
664: 521,1438,995,1620
665: 306,1884,1800,610,1110,1981,1175,583,1946
666: 799,246,1469,1637,1869,2015,1622
667: 567,51,735,1608,1594,940
668: 1467,217,761,840,220,905,1346,488
669: 1268,393,571,1453,1221
2018: 200,1192,196,1363,149,1741,1545,645,1469,345,114
671: 629,1432,570,1868,1471,247,1708
672: 1484,232,44,1567,1825,1664
673: 292,1521,17,1191,857,1119,1831,781
674: 609,1426,737,308,416,1721,1504
1941: 1302,328,772,263,1953,1082,1273
676: 1716,1223,1513,1877,1548,1313,1272
677: 1231,357,1525,701,1493,90,1519,1921,736,229
678: 914,1803,634,1484,232,1702,248
679: 322,470,1738,652,1099,1658,1505,1015
680: 174,1215,305,1875,358,879,1208
681: 1067,1604,1683,1066
682: 547,770,1875,952,575,1761,1654,1641,1208
683: 924,1202,1087,937,502,1452,986
684: 659,1910,631,266,1477,321,1859,785
685: 1211,1107,1571,230,263,1953,1979
686: 1059,92,1968,1902,750,41,578
687: 647,1703,34,1734,377,1051,18,500,1988
688: 1856,38,533,1580,168,12,1794,1569,713
689: 387,925,1908
690: 1779,1357,194,223,488,150,1648,1746
691: 74,739,1915,1700,1157,1985
692: 837,1068,828,1285,1640,943,233,1562,1097,1393
693: 1964,994,152,175,332,1773,307,549
694: 193,1324,1736,1766,825,1424,1150,137,100,1731
695: 437,1453,1221,808,56,1960,401
696: 147,1667,649,26,1449,1156,302
697: 162,339,1403
698: 1175,1568,1423,1923,788,610,1754
699: 1621,804,623,133,1780
700: 1550,269,636,660,530,773,166,1321
701: 677,1231,357,1519,1750,374,1921,736,1756,895,229
702: 1506,1818,765,1500,1174,1757,1700
703: 157,961,1820,1032,1539,827,371
704: 1276,1300,590,1126,315,1490,715
705: 109,1972,1250,836,1520,291,741
706: 946,619,364,810,998,1306,1759
707: 738,325,236,1737,556,138
708: 281,1558,1236,1028,1844,1834,901
709: 389,108,119,733,253,1416
710: 1328,1312,1732,95,1669,1185,767
711: 1699,1247,1178,1721,848,832,91
712: 1089,1310,1488,244,338,1093,615,2
713: 1227,1460,1153,1569,38,688,1662,218
714: 1944,1072,1365,837,1068,1514,1937,87
715: 1490,1904,1152,1802,1276,1300,704
716: 1026,1790,1261,1212,64,1609,800,1561,1810
717: 1041,444,975,923,1675,1887
718: 143,1600,39,984,960,1090
719: 1820,186,1032,1118,1930,1033,141,876
720: 1422,783,517,424,1610,1602,116,1048
721: 1948,855,820,511,1165,546,359
722: 628,956,751,1690,940,51,172
723: 1141,151,1030,1297,35,97
724: 11,1524,379,1417,1065,1822,801,1668,885
725: 1439,84,94,213,1329,1892,1092
726: 1668,885,932,1182,305,406,288,1197,2012,1584
727: 107,935,1378,784,455,348
728: 1621,1611,804,81,1768,881
729: 929,1907,1382,145,1750,374,1659
730: 1291,909,1532,657,1458,1433
731: 773,166,1321,1916,636,1783,579,541
732: 1295,1316,526,359
733: 101,1954,768,389,2017,709,253,625
734: 130,826,548,1135,1615,1627,1117,1166
735: 1230,428,465,587,340,567,667,1594
736: 1519,1750,374,1921,1493,1017,90,198,677,1231,701
737: 1426,674,363,416,2009,875
738: 707,325,236,912,556,1332,1566
739: 805,74,1050,691,1228,1174,1700
740: 91,1296,1247,1861,1929,974
741: 291,450,1250,705,802,1359,1886
742: 347,1384,635,942,1486,1061,154
743: 1169,798,868,1334,1226,613,1136
744: 1102,1394,566,203,1840,1728,907
745: 1550,267,269,1628,1441,522,492
746: 1444,1557,1713,1364,1090,140,602
747: 1035,1377,1016,1354,2009,48,260,499,790
748: 310,1232,966,817,494,564,126
749: 476,823,1906,623,951,1386,752,1596,1510
750: 614,561,686,1968,578,320
751: 956,722,1918,1690,1098,281,1558
752: 1777,763,1780,1596,1906,623,749
753: 256,1507,1528,1896,1770,819
754: 170,796,1341,1127,1218,1824
755: 1814,1193,869,586,1922,396,1244,1525,207,617,949
756: 228,1688,1071,1696,406,1197,954,947,1584
757: 439,1348,959,1880,1643,1665
758: 1201,612,845,1554,1258,333,407,1242
759: 67,1111,169,792,1402,995,902
760: 318,476,510,1965,1386,851
761: 668,1775,1467,217,900,905
1869: 378,1342,2015,1482,1622,666,1475
763: 1777,752,1780,1737,138,1872
764: 80,1087,969,1039,878,938,502
765: 479,853,1500,702,250,1502,1757
1954: 101,733,768,1995,1870,1846,253,625,410
767: 417,1273,1185,710,1312,906
768: 101,1954,733,1995,1008,1846,389
769: 153,998,1496,185,1964,549,404,1753,946,810
770: 547,110,1875,952,682,879,497
771: 1205,1319,1037,974,822,1296,1014,887,877,78,1161
772: 125,254,1185,1571,263,1273,1941
773: 731,166,1321,1916,660,269,636,700
774: 816,1547,317,338,1417,1089,188
775: 1806,43,63
776: 894,1931,1706
777: 315,1052,1838,1490,1152,199,531
778: 922,1859,908,1347,326,1840,1102,566
779: 1322,585,104,1680,2021,1749,539
780: 1340,1646,473,131,380,1472
781: 920,1119,1831,68,1893,527,673,200,1363
782: 1719,815,906,2005,1830,278,1798
783: 1422,136,720,517,1602,82,2006
784: 1442,1378,348,727,935
785: 922,1859,1367,1910,684,1477,321
786: 542,2016,1707,1012,1694,1079
787: 72,1128,1237,1428
788: 1477,1923,1367,698,1568,1754
789: 903,120,1739,1489,1146,1257,1639,1325
790: 260,499,1339,264,2009,48,747
791: 1543,235,1697,1365,1540,87,1685,1678,1022
792: 1385,158,1100,1111,759,256,902
793: 57,414,1206,1462,49
794: 1132,1241,1970,1927,30,812
795: 1894,2016,1012,259,408
796: 170,754,1722,1341,1920,1797
797: 1008,167,621,236,912,460,866,1298,1413
798: 1279,1169,743,808,56,1226,613,1136
799: 1054,1545,666,246,1974,1190,1245,1637
800: 165,1021,1293,1609,716,1561,1476,1810
801: 1641,1182,1043,1654,724,1822,885
802: 175,1359,1886,741,1250,332,834
803: 1783,884,579,1551,1934,1819,1572,1044
804: 1621,1611,699,728,425,133
805: 74,739,1050,1038,216,1616,1380,1368
806: 1474,1134,1534,1672,958,1449,147
1855: 1414,659,1456,435
808: 1279,798,56,613,596,437,695
809: 1288,910,1382,145,1157,1985,1017
810: 946,706,998,769,85,404,626,1306
811: 182,262,639,889,1632,1246,508,1013
812: 1693,1879,1892,794,1970,30,213
813: 991,1733,1114,273,452,1883
814: 1837,642,1194,1108
815: 525,782,1719,279,278,545,343
816: 774,1547,317,1417,1065,284,1724
817: 748,1232,966,111,494,564,1410,126
818: 1338,33,633,1515,626,1747,1468,1219,1517
819: 337,1896,753,1286
820: 1948,855,2004,721,511,1165,13,359
821: 1751,18,1415,1745,1881,1988,1474,896,1387,453
822: 1205,771,1319,1037,1292,1014,648,887,877,1161
823: 476,150,749,194,1596,1330,1510,1624,1648
824: 1106,1652,551,979,1154,353,1042
825: 1324,1736,1766,694,1345,100,1448,1716,1223,1548
826: 130,734,1116,548,1166,1567,128,1828
827: 441,1890,371,703,961,1427,534,1792
828: 837,692,1068,1640,1562,1018,355,1235,1937
829: 581,1302,535,1211,1953,303,1160,1005
830: 1581,299,427,1398,430,1814
831: 277,927,916,1442,1378,348
832: 1292,1989,1504,1721,848,711,609,91
833: 1618,620,265,968,1655,1373,1729,1974
834: 332,1408,897,1972,1397,1250,802,1437
1899: 382,1665,654,346,959
836: 109,705,306,316,583,1520,291
837: 692,1068,828,1235,1072,714,1937,87
838: 960,641,529,1748,1020,1459
839: 54,1653,171,1763,1591,257,176
840: 668,1467,217,1233,1965,451,318,223,488
841: 1999,1698,480,1918,1028,438
842: 1361,86,372,1234,183,1027,107
843: 1878,1876,24,1410,977,111,212
2023: 2027,0
845: 1554,1049,1001,1201,612,1010,553,758
846: 131,1592,380,1129,434,1256,2003,1317,1930
847: 545,343,1366,1222,1406,1499,1891,102,1858
848: 852,1721,633,1699,711,1178,832
849: 1839,945,462,1804,1785
850: 330,1704,418,257,537,1214,595,1649
851: 1906,951,1386,59,576,510,760
852: 1721,848,1517,633,308,1219
853: 479,1374,765,1888,137,528,250,98
854: 1952,430,1847,1791,1958,1546,214
855: 1948,2004,820,721,511,189,13,925,275,1243,1425,1200
856: 1356,1124,1951,327,1430,1977,1565,996,1289,1857
857: 1191,122,673,17,200,1192,196,1831,68
858: 608,498,1971,1108
859: 315,1933,1838,1471,239,590,570
860: 1257,1183,1002,915,292,1521,17
861: 298,1841,554,1407,891,311
862: 1849,1337,336,1522,1653,567,1251
863: 210,493,1823,640,395,1309,1936
1892: 1693,1879,812,1110,94,213,725,1092,1800
1971: 581,616,1123,608,858
866: 1063,1088,460,236,797,1008,167,621,355,1995
1896: 42,337,1770,1409,819,1305,1528,753
868: 1458,1334,1226,1136,743
869: 1814,755,586,1922,427,1966,396,1244,1368,90,1525,207
870: 1494,226,1326,1394,907,139,1523
871: 1307,1298,1413,1976,1034,519,2017,1195
1906: 623,951,1386,851,476,749,752,1596
873: 112,351,931,1446,255,1631,1188,385
1973: 429,76,632,1224,598,916
875: 589,264,2009,1587,505,363,737
876: 141,562,1118,719,1033,2019,1271,195
877: 1638,464,78,1161,771,1319,822,543,887,1541,497
878: 277,598,927,1039,764,938,502,348
879: 358,1579,497,770,1875,1208,1215,680
880: 1070,243,1744,118,218,1227,103
881: 81,1523,96,310,1611,728
2008: 349,1114,191,55,334,1070,452
2025: 3
884: 803,1783,1842,1463,92,1572,1044
885: 726,1668,932,1182,801,724,1065
886: 1045,1204,1277,1874,199
887: 1323,543,1014,648,771,822,877,464,1161
888: 1062,402,643,1120,1638,1898,1541,358,1579
889: 1585,1900,811,182,639,1689,341,1013
1970: 1955,1423,1927,658,794,1879,812
891: 1687,472,558,311,950,1407,298,861,606,603
1972: 109,1397,1250,705,834
893: 1570,1867,1576,1808,1531,1978
894: 293,1931,776,1019,1101,1706
895: 61,1756,1519,374,1921,1231,701,1446,229
896: 286,1387,453,1895,821,1881,1588,1420
897: 1408,834,1773,1285,1437,507,1184,607,1155
898: 59,992,24,1410,1249,510,1885
1976: 650,582,1872,917,1479,871,1307,1413,519
900: 1480,1961,206,1775,761,905
901: 239,590,1126,708,1236,1834,1058
902: 256,1507,759,792,521,1438,995
903: 789,120,1739,397,260,499,533,1580
904: 505,1759,282,364,240,433,996,1587
905: 28,220,1537,900,206,405,668,761
906: 1903,1312,417,767,782,1719,443,2005
907: 1728,1464,1394,744,870,1523
908: 922,778,1347,326,566
909: 1532,730,1458
910: 1288,809,1382,1360,1997,1411,1331,1252,1009,1907
1868: 1471,1834,1254,2013,1708,671,570
912: 738,325,236,917,797,167,621,1413
1975: 520,1612,1177,1486,154,957,1096
914: 1803,634,678,248
915: 292,1521,17,1002,860,1183,1827,1191
916: 277,598,831,1973,632
917: 582,1976,325,912,1307,1413
918: 248,1391,1702
919: 1456,375,382,1549,204
920: 1119,781,1893,527,11,1524,379
921: 1106,1652,551,470,652,1099,1154,93,1717
922: 1859,778,1367,908,785,1347,326,1477,566
923: 181,1481,1675,717,444
924: 1591,1202,1320,683,986,1159
925: 13,387,689,1908,189,1425,855
926: 1040,1996,1813,159,1960
927: 277,878,831,1378,455,938,348
928: 1381,365,1249,1583,1939,1133,1885
929: 729,1907,1021,1009,1476,1570,1659
930: 66,216,1616,1710,1726,323,299,427
931: 112,873,351,1623,593,385,557
932: 726,1668,885,1065,406,1197,284,1584,1688
933: 989,1473,1808,1026,1212,1284,34
934: 660,1019,166,241
935: 727,1027,107,27,784
1859: 922,778,785,1414,1910,684,1840
937: 455,938,502,1452,348,1202,683
938: 937,455,502,348,277,878,927,764
939: 1402,1438,995,1620,47,67,72,1128,1862
940: 628,722,667,51,1608,172,967
941: 1725,1407,1470,1520,134,109,1397,1841
942: 742,635,350,1909,146,1177,1486,456,1061
943: 1640,603,233,1562,1333,950,1285,1928,1018,692
1882: 1809,1362,270,1138,1979,125,295
945: 1839,849,462,630,1499,1852,560
946: 706,619,810,524,153,998,769,19,282,482
947: 284,1724,1584,413,228,756,1688,390,599
948: 207,617,357,215,112,351,309
949: 1270,1945,755,1193,1145,360,207,309
950: 891,472,298,1889,943,603,1333
951: 1906,623,133,1386,851,576,749
952: 547,770,110,682,1461,1121,543,497
953: 1325,575,1761,1183,1639,1455
954: 406,288,1197,1187,1676,756,1071,1696
955: 141,562,1636,588,1890,501,506
956: 628,751,722,1918,480,1558
957: 1238,154,415,1096,520,1975,270,314
958: 1187,1676,662,1449,550,1534,806,288
959: 439,1348,757,1643,1899,1665,654
960: 641,838,1090,143,718,1170,529
961: 49,703,157,1427,534,827,371
1996: 1040,926,1813,972,1863,1196,1151,159,2006
963: 587,340,1705,1210,77,1230
1873: 1865,532,65,661
965: 642,1222,1990,1891
966: 310,748,1232,817,117,1611,425
967: 1691,172,1538,1608,1491,483,940
968: 833,265,1655,1373,991,1054,1974,285
969: 764,80,1039,1462,49,1427
970: 1723,1420,1025,342,1318,1982,106,456
1993: 1663,1304,1716,1861,1929,1823,1673
972: 1817,1863,1196,136,1996,2006
1965: 510,1885,1233,451,217,840,318,760
974: 1205,771,1037,740,1296,1861,268,976
975: 717,1041,444,1805,164,132
976: 268,1936,496,1861,1823,640,1205,1319,974
977: 1878,843,1876,1348,1880,62,212
978: 1019,1706,300,241,1375
979: 1154,538,1274,1530,353,551,824,1042
980: 1917,481,1173,1729
981: 1310,1488,1192,1363,68,1893,645,1469,345,1475
982: 605,335,531,1052,40,32
983: 489,459,1140,627,1131,1787,1825
984: 1103,1074,1600,718,1444,1364,1090
985: 1964,994,399,152,192,655,1104
986: 574,491,1159,1087,924,683
987: 1848,2,188,1597,1969,1992,515,319,1774
1936: 268,976,496,640,863,493,1419
989: 933,1473,1808,342,1284,1531,403
990: 1167,434,1047,1472,1301,1243,473,380
991: 813,1741,1733,1655,968,285
992: 898,59,117,576,24,1410,1232,1885
993: 1619,224,1674,1516,1166,1135,1835,1117,548
994: 693,1964,985,399,152,175,192,655,549,185
995: 521,1402,939,1438,67,759,902,664
996: 240,1565,433,245,1977,1124,1951,327,856,904
997: 400,1176,129,541
998: 153,769,524,404,946,706,619,810
999: 187,501,506,1601,142,99,1023,1829
1000: 283,1980,1274,344,1530
1001: 1053,1396,201,845,1049,1189,553
1002: 1227,1460,1153,860,1257,1183,1827,1191,915,1521
1003: 1228,1174,1220,1850,490,1614,1601,1506
1004: 25,536,440,477,1542,105,1533
1005: 661,1160,1211,532,303,829
1006: 1982,106,1680,1434,1322,1589,1947
1007: 1245,1637,1807,2015,1573
1008: 797,167,621,460,866,1298,355,101,768,1995
1009: 165,1021,1331,910,1382,929,1907
1010: 1201,612,655,553,1104,1396,242,1371,845
1011: 468,1603,504,158,1100,1209
1012: 542,786,2016,259,79,795,408
1013: 1843,1632,1246,889,811,262,1689,341
1014: 426,648,1292,1989,1296,771,1037,822,887
1015: 1171,1658,1833,484,322,679
1016: 1035,580,1377,16,1354,747,48,499,1489
1017: 1985,1493,1380,809,1382,145,198,1750,736
1018: 1063,1088,1928,1640,943,1562,828,355,1235
1019: 660,934,20,1101,978,1706,894,241
1020: 53,641,838,1459,1980
1021: 165,800,1009,929,1907,1561,1476
1022: 1699,1178,1543,791,1697,1685,1304
1023: 1710,1829,1726,423,999,1601,1220
1024: 1752,1544,1821,261,1983,555,1057
1025: 1723,970,1473,342,403,135,1318,456
1026: 716,1790,1261,1212,592,377,1703,34,933
1027: 107,935,27,842,86,1234
1028: 438,1844,841,1698,1918,708,281,1558
1029: 283,1459,1980,1748,1605,1852,60
1030: 723,1141,151,1617,97,1553,1764,391,409
1918: 956,751,1999,841,480,1028,1558
1032: 1820,186,719,1539,1047,703
1033: 1431,2019,1271,195,1118,1940,719,141,562,876
1034: 35,97,519,1574,871,1307,1195,1764
1035: 580,1016,16,747,609,1426,48
1036: 486,271,1314,1743,365
1037: 1205,771,974,822,1292,91,1296,1014,1161
1038: 805,74,66,216,1985,1493,1380,1966,1368,198
1039: 1224,1462,598,878,764,969
1040: 926,1996,1813,1196,320,1279,1169,1151
1041: 717,975,1805,294,1887,1559
1042: 1671,979,559,353,1106,824
1043: 1455,1085,1654,1761,801,1822
1044: 1144,1902,803,1783,884,1842,1577,1463,1059,92,1572
1045: 1351,1204,886
1046: 2021,1749,1390,1387,104,2000,1667,649
1047: 1167,434,1256,990,1301,414,1930,186,1032,1539
1048: 116,517,1457,424,720
1049: 1670,845,1554,1189,1001,448,553
1050: 805,74,739,1228,1726,423,216,1616
1051: 18,1415,1745,436,1734,1109,647,687,1988
1052: 1933,1838,777,1432,32,982,531
1053: 1396,201,1077,1559,1001,1805,1189
1054: 1545,799,246,1974,1190,285,968
1966: 396,1244,1368,90,198,1038,66,1493,869,1525
1886: 802,1359,192,1962,741,450,280,52
1057: 1762,1163,1835,1269,1024,1544,1821
1058: 463,1300,1236,1542,25,440,901,1126
1059: 657,1819,92,1572,686,1968,1291,1044
1060: 529,1748,1605,190,1712,1170,2014,1527,1179
1061: 1434,456,350,742,635,942
1062: 402,888,643,1120,358,1751,1534,1871,1672
1063: 1088,460,1928,1018,866,1593,606,1889,1566,1640,603
1064: 1962,1684,294,1789,1887,1535,45,450
1065: 11,379,1417,724,1668,885,932,816,284,1724
1066: 70,475,1172,1067,681,1683
1067: 681,164,132,1066,475
1068: 837,692,828,1562,1393,1514,1072,714
1069: 1393,1155,1582,1512,1294,1514
1070: 273,452,1744,880,118,349,2008
1071: 228,756,1688,1718,1696,954,1634,1240,1358,1720,354
1072: 1944,714,1365,1393,837,1068,15,1514
1073: 9,1428,408,88,2016,1237
1074: 161,1103,984,1390,585,1600
1075: 1258,1429,333,369,1441,487
1888: 1150,1416,137,119,479,604,1374,853,528
1077: 1053,201,1559,132,1805,70,475
1078: 1527,279,1213,1605,525,1765,1454
1079: 319,478,1694,1848,786,1707
1080: 1714,1400,1905,509,1670,1429,163
1081: 1388,1746,1755,1330,1796,179,252
1082: 417,1273,1941,1302,328,1198,443,1998
1907: 729,929,910,1382,145,1021,1009
1084: 1479,1777,1796,1624,650,582,1872
1085: 1043,1455,292,1119,1524,1822
2004: 1948,855,820,275,1243,1167,1784
1087: 764,80,502,574,986,683
1088: 1063,460,1928,1018,866,1640,355,1995
1089: 1310,712,527,774,317,338
1090: 960,641,984,718,1713,1364,746,53
1091: 653,1145,394,1935,1398,1952,1847,1698,1436
1092: 1884,1630,1800,1693,1892,1439,725
1093: 1788,615,79,712,244,378,1482
1998: 608,498,1082,616,328,1198,1447
1095: 2020,1633,431,1283,1353,95,600,1328
1096: 1238,154,957,520,1975,1752,1809,1362,270
1097: 1393,1155,1285,507,233,692
1098: 281,1558,1542,751,1690,577,536
1099: 322,470,1738,652,679,1154,1717,921
1100: 1385,792,158,468,1011,1815,1111,156
1101: 1019,20,1706,293,894,495,1400
1102: 1394,566,744,203,1840,778
1103: 161,984,1769,1074,1225,1600,1444,1364
1104: 1010,655,242,1371,192,985
1105: 40,1711,1412,629,1269,1692,148,69,518,1163,663,1727
1106: 1652,551,824,921,1042
1107: 1211,230,685,1516,548,128
1108: 1194,858,498,814
1109: 436,1734,1898,296,643,1120,1751,1051,18
1110: 1693,610,1879,1892,1175,665,1800
1111: 1815,169,759,156,792,1100
1112: 1986,1802,1874
1113: 323,552,297,1164,99,1546,1581,299
1114: 191,2008,273,452,1560,1498,813
1115: 1801,1207,197,361,1909,146,1177
1116: 130,826,1567,1664,1828,656
1117: 1615,1627,1135,1555,993,1166,734
1118: 1317,1940,1930,186,719,1033,2019,1271,141,876
1119: 920,1831,781,292,673,17,1085,1524
1120: 1062,402,888,643,1898,1109,1751,18,1415,1672
1121: 1323,543,1812,1461,547,110,952
1979: 1882,1138,1619,224,1516,125,295,1571,230,685
1123: 661,1160,581,1865,1971
1124: 1356,1951,856,1565,996,1289,1552,1857
1125: 28,1537,1401,1709,516,362,1686
1126: 590,901,1236,1058,463,1300,704
1127: 1864,367,352,1445,754,1341,1218,1824
1128: 787,72,1237,1862,1278,47,88,939
1129: 1388,1746,1340,131,846,1592,2003,252
1988: 1760,1881,500,1588,647,687,1051,18,1415,1745,821
1131: 627,605,335,1613,489,983,459,1787
1132: 1241,794,30,312
1133: 1878,24,1925,928,1249,1939
1134: 1474,806,453,2000,1449,147,649
1135: 1762,1835,1555,1627,1117,993,1166,734
1136: 613,6,868,743,798
1137: 29,1853,509,495,448,637
1138: 1809,1362,1882,1979,1544,1619,224
1139: 225,398,1987,2003,252,1435,1592,1317,1940,1767
1140: 489,983,37,1787,1484,1825,1715
1141: 723,151,1767,1617,1030,97,1431,391
1142: 1,1947,1434,1384,635,1629,485,1353
1143: 1849,1263,1337,1653,171,1851,421
1144: 1994,1902,1044,144,1463,1730,92,41
1145: 653,394,1935,360,1091,1193,586,949
1146: 1489,1812,1461,789,120,1639,1325
1147: 85,1919,404,1512,1753,287,549,1468
1148: 1188,573,61,1446,255,1631,1801,1370,1207,197
1985: 1380,1017,1915,1157,74,1038,691,1288,809,145
1150: 1888,1416,137,1424,253,193,1766,694,1731
1151: 1279,1169,561,1226,1196,320,1040,1996,1813
1152: 1490,1277,1904,715,1874,199,777
1153: 1227,1460,713,1002,38,218,1827
1154: 979,538,470,652,1099,1652,551,824,921
1155: 1097,1393,1069,1582,897,1285,507,607,307,1512,1514
1156: 1376,1478,302,1225,696,1667,161,1769
1157: 1997,1915,74,691,1252,1288,809,1985
2003: 1987,1139,252,1388,1129,846,1592,1317
1159: 986,491,1591,924,1704,257
1160: 661,1123,1005,829,581,535
1161: 877,464,78,1205,771,1319,1037,822,887
1987: 225,1297,179,398,1139,2003,252,1435,1388
1163: 1762,1057,1835,1555,1983,1269,1692,518,1105,1821,663
1164: 1113,552,297,1355,584,1958,1546,1581
1165: 1948,820,721,546,76,57,1784,1206
1166: 993,1674,1516,1135,1835,1117,734,826,548
1167: 434,1047,990,1301,275,1243,473,2004,414,1784
1168: 1720,468,1603,228,390,512,599,156
1169: 1279,743,798,1151,561,1226,1040
1170: 1644,190,1712,143,39,960,1060,529
1171: 140,1658,602,1015,1824,1833
1172: 70,1066,475,637,1598,1683,1778,29,1853
1173: 1560,1373,1498,1729,980,1917
1174: 1228,1220,1003,702,1506,1700,739
1175: 698,1981,1568,610,1110,665,1946
1176: 1758,129,651,997
1177: 146,1486,1115,1207,457,1612,1975,942
1178: 1699,711,1022,633,1266,1543,1697,848
1179: 1527,1213,1536,190,1712,2020,431,2014,304,1060
1180: 314,95,1669,347,1384,154,415,485,1283,1353
1181: 293,1931,1598,1778,29
1182: 1641,1208,801,305,726,885,2012
1183: 860,1257,1639,1002,953,1325,915,292,1521,1455
1184: 1285,1437,507,298,554,897,1333
1185: 772,411,254,1732,710,1273,767
1186: 1961,206,513,1403,162
1187: 1676,958,662,1781,550,288,954,1696
1188: 1148,1344,573,1446,255,1631,873,385,261,457
1189: 1049,70,1053,201,1001,1853,448
1190: 1054,799,1974,265,1264,1245
1191: 1827,103,122,857,1002,915,673,17
1192: 200,2018,196,1363,149,857,68,1893,645,345,114,981
1193: 1814,755,586,1145,360,207,949
1194: 301,1447,498,814,1837,1108
1195: 108,2017,871,1034,1656,1764
1196: 972,1863,320,561,1151,1040,1996
1197: 406,288,954,2012,174,726,932,756
1198: 301,443,1447,1082,417,328,1998
1920: 1376,1478,1225,1797,170,1722,796
1200: 275,1243,1425,473,362,1686,855
1201: 612,1010,655,758,1495,845,399,407,289,1242
1202: 924,1320,683,937,1452,86,372
1862: 72,1128,1278,47,67,1402,939
1204: 1045,1351,886,1277,199,447
1205: 771,1319,1037,974,822,1296,1861,268,976,1161
1206: 1224,1462,1165,76,57,793
1207: 1801,1115,197,1148,573,1177,457,1612
1208: 1641,1182,1875,682,879,174,680,305,2012
1209: 1864,568,1011,504,1445,158
1210: 1361,183,77,1508,1230,963
1211: 1107,230,685,1953,128,303,829,1005
1212: 716,1026,1790,1609,1561,1284,1810,933
1213: 1527,279,1078,1179,1536,304,525
1214: 491,1792,441,537,1383,1649,1704,850,418
1215: 174,680,305,550,358,879,402,1871
1216: 77,624,1234,183
1921: 1519,1750,374,736,677,1231,701,1659,61,1756,895,229
1218: 1824,1503,1833,170,754,367,1127
1219: 308,416,469,1747,818,852,1517
1220: 1228,1174,1003,1614,1601,1023,423
1221: 695,1453,334,401,669,113,393,55
1222: 545,343,1366,847,1990,1406,965,1891,102
1223: 1716,676,1513,1324,825,1448,1548,1673
1224: 1039,1206,1462,76,1973,598
1225: 1376,1156,1920,161,1103,1769,1722,1444,1557
1226: 614,561,868,1334,1169,743,798,1151
1227: 1153,713,1002,218,880,1827,103
1228: 1174,1220,1003,423,1700,739,1050
1229: 1898,296,1541,1319,268,496,78
1230: 176,1508,428,735,1210,963,587,340
1231: 677,357,1525,701,1519,1921,736,895,229,215
1232: 748,966,817,111,564,1410,992,117
1233: 1885,1965,451,1583,1775,217,840
1234: 842,183,1027,27,624,1216
1235: 355,1870,1846,1018,837,828,1995,1315,1937
1236: 708,281,1542,25,901,1126,1058
1237: 787,1128,1278,1428,1073,88
1238: 154,957,415,1096,1809,270,314
1889: 1593,606,472,950,603,1063,1928
1240: 1634,58,1358,1071,1718,1696,354
1241: 1132,794,251,1927
1242: 407,524,289,369,1201,758,1495,1258,153,482
1243: 275,1200,473,855,2004,1167,990,1472,1301,1784
1244: 1966,396,1368,90,1814,755,869,1922,357,1525,617
1245: 1007,1637,1264,799,1190
1246: 1843,1632,1013,811,1689,1407,558,311
1247: 1699,711,1304,91,740,1929
1852: 630,1454,60,283,1029,560,945,462
1249: 928,1583,1878,1133,24,898,1885
1250: 1972,705,291,741,802,332,834
1251: 567,51,862,1522,480,628
1252: 1411,1331,98,1360,1502,1666,1997,1157,1288,910,1382
1253: 1272,1293,64,1609,1260,1309,1313,1261
1254: 1868,1471,1834,1795,1599,1681,1945,2013
1962: 1684,1064,1789,450,280,52,1886
1256: 434,1047,846,380,1930,186
1257: 860,1183,1639,789,1739,1460,1002
1258: 1075,1429,333,1554,758,407,369,1242
1259: 440,105,422
1260: 1877,208,46,1272,1253,1293,165
1261: 716,1026,1790,1309,1253,64,1609,210,592
1903: 600,1312,906,2020,1536,525,1719
1263: 1849,1143,336,1791,1851,214
1264: 1618,265,1974,1190,1245
1895: 896,286,1387,104,1588,1420,106,1680,1749
1266: 1338,33,633,1944,1543,235,1697,1178
1267: 1477,1923,321,591,1955,461
1268: 481,669,113,393,571
1269: 1692,148,518,1623,1983,557,1105,1821,1057,1163
1270: 1945,2013,949,309,221,1443,234
1271: 1431,1033,2019,195,1118,1940,1767,141,562,876,1526
1272: 1253,1293,676,1513,1877,1260,1313
1273: 1082,417,767,772,1185,1941
1274: 979,538,1000,1530,353
2016: 786,1012,795,1694,1073,408,88
1276: 422,463,1300,704,1986,715,1802
1277: 1904,1152,1874,199,1204,886
1278: 1128,1237,1862,478,1694,47,88
1279: 1169,798,808,56,1151,1040,1813
1978: 1531,361,893,1867,446,1801
1926: 1610,116,397,424,260,1339
1282: 75,1457,424,1587,589,264,1339
1283: 485,1353,95,1180,1095,1633,1328
1284: 1576,1561,1476,1810,1212,933,989,1808
1285: 1437,507,1184,554,897,943,233,1333,1097,1155,692
1286: 337,1409,819,594,514
1935: 653,1145,360,1091,1681,1436,1945,1795,1599
1288: 809,910,1382,145,1360,1997,1915,1157,1252,1985
1289: 517,392,1552,1356,1124,856,1730,1430,1994,144,1857
1290: 1626,204,14,1549,203,1728
1291: 1532,730,1563,1551,657,1059,1819,1433
1292: 832,1989,91,1296,1014,426,1037,822
1293: 1272,1253,64,1609,1260,165,800
1294: 15,1514,1515,1069,1582,1919,1512
1295: 13,387,732,511,359
1296: 91,740,1292,1014,1205,771,1037,974
1297: 225,179,398,1987,1574,180,35,723,151
1298: 871,1307,1413,797,1008,621,101,389,2017
1934: 803,579,1551,541,1758,129,1563
1300: 1058,463,1276,704,590,1126,715
1301: 1167,434,1047,990,1243,414,1784,1539
1302: 829,1941,581,535,616,328,263,1953,1082
1303: 1594,1491,483,465,1705,1866,1404,1556
1304: 1663,1993,1685,1699,1247,1022,1929
1305: 1864,568,367,1336,1528,42,1896,1770,1372
1306: 626,1747,706,810,1759,469
1307: 871,1298,1413,650,917,1976,1034,519
1952: 854,430,1847,1398,1698,394,1091
1309: 395,1313,1253,64,210,863,1261
1310: 1089,1488,712,981,244,1893,527
1898: 1229,296,1541,436,1109,888,643,1120
1312: 710,1903,600,1328,906,417,767
1313: 395,1673,1309,676,1513,1272,1253
1314: 271,1036,1743,513,365,503
1315: 1540,1937,1650,87,1870,1846,1235,466,410,356
1316: 546,429,526,359,732
1317: 1118,1940,1930,846,1592,1139,2003,1435
1318: 350,135,1909,970,1025,456
1319: 1205,771,822,268,976,496,877,78,1161,1229
1320: 1591,924,1202,123,372,54
1321: 773,731,166,241,1916,1375,660,700
1322: 779,585,1680,1006,1589,1947,539,622
1323: 1121,543,887,580,1354,648,1812
1324: 1736,1766,694,825,100,1682,1731,1223,1548
1325: 953,575,1761,789,1146,1461,1183,1639,547
1326: 1494,182,262,870,139,388,1523,508
1908: 516,189,1984,925,689
1328: 710,600,1312,1283,1732,95,1669,2020,1095
1329: 94,1793,1740,181,84,725
1330: 1796,1510,1648,823,194,1081,1755
1331: 1411,46,1252,910,165,1009
1332: 83,1593,1566,646,1772,556,738
1333: 943,603,233,298,554,950,1285,1184
1334: 1458,868,614,1226,1433,743
1944: 1072,714,1365,15,1514,1515,1338,1266,235
1336: 1864,1305,367,1503,42,1770,1372
1337: 1849,1143,862,1653,1763,1942,567
1338: 33,633,1266,818,15,1515,1944,1468,235
1339: 260,790,75,424,1282,589,264,1926
1340: 1799,1646,780,1357,1746,1129,131
1341: 170,754,796,1797,352,1127
1342: 1869,378,2015,1807,1938,445
1900: 1585,1754,889,1347,326,639,341
1344: 1188,573,385,261,1983,457,555
1345: 1685,1678,356,1650,193,1736,1766,825,1448
1346: 1779,488,668,1467,160,220,1799
1347: 922,778,1367,908,326,566,1900,1754,639
1348: 439,757,959,1880,212,1440,977
1349: 646,1772,1392,388,1768,508,1647
1880: 1348,757,62,977
1351: 1045,1204,627,447,1787
1885: 510,1233,1965,451,24,928,1249,1583,898,59,992
1353: 1629,485,1283,1384,1,1142,1180,1095,1633,1518
1354: 580,1377,1016,16,747,1489,1812,1323
1355: 330,418,595,1649,297,1164,584
1356: 1124,1951,856,1730,1430,1289
1357: 1779,690,194,1799,1340,1746
1358: 1634,58,1240,1071,1718,354,1797,1950
1359: 802,152,175,1886,192,741,1371,52,332
1360: 250,98,1502,1666,1997,1411,1252,1288,910
1361: 842,123,86,372,1210,183,1508
1362: 1809,1882,270,1138,1752,1544,1096,224
1363: 200,2018,1192,781,68,1893,645,345,981
1364: 1444,1557,1713,746,1103,984,1090
1365: 1944,1072,714,1540,87,1543,235,791
1366: 545,343,1222,847,1406
1367: 922,785,1347,1477,788,1754
1368: 1966,396,1244,90,198,805,1038,66,216,1380,869
1369: 1733,273,1883,243,122,196,149
1370: 1801,197,61,446,1446,1148
1371: 242,276,280,52,1359,192,1010,1104
1372: 1492,594,1305,1336,1503,42,1409
1373: 1560,1655,1173,1729,833,620,968
1374: 479,604,853,108,119,1656,202,1888,1416
1375: 166,1321,241,1916,978,400,300
1376: 1478,1156,302,1920,1225,1769
1377: 1016,1354,747,499,120,1489
1378: 1442,784,927,831,455,348,727
1980: 283,1459,1029,1000,1020
1380: 1985,1493,1017,805,74,1038,1368,198
1381: 928,365,1583,1939,503,1480,1961,1775
1382: 1288,809,910,145,1252,1017,1009,729,1907
1383: 595,142,1649,588,441,537,1214,501,418
1384: 742,347,635,1142,485,1353,1180
1385: 792,158,1100,568,256,1528
1386: 1906,951,851,576,476,760,749
1387: 896,286,453,1895,104,2000,821,1749,1046
1388: 1081,1746,1755,1129,194,1592,179,1987,2003,252
2019: 1431,1033,1271,195,1435,1118,1940,1767,876,1526
1390: 2021,1749,1046,2000,1667,649,585,161,1074
1391: 656,1702,65,1664,918
1392: 1349,1772,1843,1632,508,558,83
1393: 1097,1155,1069,1582,692,1068,1514,1072
1394: 1102,566,744,326,907,1494,226,870
1986: 422,1276,1802,1112
1396: 1053,1559,1001,242,276,1010,553
1397: 109,1972,941,1841,554,834,1437
1398: 830,1952,430,1814,586,394,1091
1872: 650,582,1976,138,1777,763,1624,1479,1084
1400: 1080,1714,293,509,495,20,1101
1401: 160,28,220,1125,362,1646,1686
1402: 939,1438,995,47,67,759,1862
1403: 513,1186,697,162
1404: 63,1556,1866,1303
1951: 1356,1124,327,856,1430,522,544,492,996
1406: 545,343,1366,1222,847,630,1765,1499
1407: 1689,1725,341,941,1246,1841,861,891,311
1408: 332,834,1773,897,1437,507,607,307
1409: 42,337,1896,1372,1492,594,1286
1410: 1878,843,24,111,1232,817,898,992,117
1411: 46,1331,1252,98,1360,1666,1997,208,910
1412: 40,1613,1105,1711,518,605,663,1727
1413: 871,1307,1298,912,917,1976,797,621
1414: 659,1910,1855,435,1840,1859
1415: 1751,1051,18,1745,821,1120,1881,1988,1474,453
1416: 1888,1150,137,389,119,709,253,1374
1417: 11,379,724,1065,527,774,816,1547,317
1931: 293,894,1181,776
1419: 592,493,268,1936,496,296,436,1734,1913
1420: 1723,970,1760,1588,896,286,1895,106
1421: 1634,58,1781,26,1478,302
1422: 136,783,720,1994,517,392,1817
1423: 1955,1970,658,1923,610,1879,698
1424: 466,253,625,410,1650,1150,356,193,1766,694
1425: 275,1200,362,189,13,925,855
1426: 609,674,737,48,2009,1035,16
1427: 49,157,961,80,969,534,827
1428: 9,1073,787,1237
1429: 1075,1258,333,163,1080,1905,1628,1441,487
1430: 1356,1951,856,1730,267,492,1842,1577,386,1463,1289
1431: 1033,2019,1271,195,1141,1767,1617,490,1526
1432: 671,629,570,1933,1052,1711,32
1433: 614,1291,730,657,1968,1458,1334
1434: 456,1061,1982,1006,635,1947,1142
1435: 225,1987,1139,1317,1940,151,1767,2019
1436: 1681,438,1844,1698,653,1935,1091
1437: 1285,507,1184,1397,554,1408,834,897
1438: 521,1402,939,995,1620,902,664
1439: 84,1535,45,725,1092,1630
1440: 111,212,494,564,654,439,1348,1635
1441: 487,522,544,1075,1429,1628,745
1442: 1378,784,831
1443: 221,593,1645,247,1708,234,1270,112,309
1444: 1557,1364,746,1225,1103,984,170,1722
1445: 352,1950,504,1209,1864,367,1127
1446: 229,255,1631,61,895,873,1370,1188,1148
1447: 301,1198,443,1194,328,608,1998,498
1448: 1663,1345,1736,825,1716,1223
1449: 958,662,1781,1534,806,1134,696,147,26
1863: 1817,41,972,1196,578,320,1996
1984: 339,1709,516,1908
1452: 937,455,107,1202,683,86
1453: 437,571,695,1221,401,669,393
1454: 630,1765,1852,60,1605,1527,279,1078
1455: 1043,1085,1183,953,1761,292,1521
1456: 375,919,1855,1549,435
1457: 75,424,1282,1857,517,1552,1048
1458: 868,1334,909,730,1433
1459: 1029,1980,838,529,1748,1605,1020
1460: 1153,713,1002,38,1580,1739,1257
1461: 1489,1146,1812,1121,1325,575,547,952
1462: 1039,1224,1206,793,49,969
1463: 1842,1577,884,1730,1430,1144,1044,144
1464: 126,96,1728,907,14,1523
1877: 208,1260,1548,100,676,46,1272
2021: 1749,1390,1046,104,1680,779,585
1467: 668,1775,217,761,840,451,223,1346,488
1468: 626,1747,85,1919,1147,1515,1338,33,818
1469: 645,345,1475,114,2018,666,246,1488,981,1622
1470: 583,1520,134,1946,1981,1725,941,109
1471: 1868,1834,1254,239,671,570,859
1472: 434,990,780,1243,473,380
1473: 933,989,342,34,1760,1723,1025
1474: 806,1134,1751,1415,821,1672,453
1475: 1469,345,1488,981,244,1869,1482,1622
1476: 1576,1561,1284,1021,800,929,1570
1477: 1267,1923,788,321,684,922,1367,785
1478: 1376,1156,302,1920,58,1421,1797
1479: 1574,180,1084,1796,1624,650,1872,1976,179,519
1480: 503,1961,900,1381,365,1583,1775
1481: 181,923,454,444
1482: 1869,378,1622,1475,1488,244,1093
1884: 306,316,115,1092,1630,665,1800
1484: 232,672,1825,1140,1803,1715,678
1917: 980,481,113,393,191,1173,1498
1486: 146,1177,1612,1975,742,942,154
1487: 1949,514,597
1488: 1310,712,981,244,1469,345,1475,1482
1489: 1146,1812,1461,499,1377,1016,1354,789,120
1490: 1904,715,1152,704,315,1838,777
1491: 1608,1303,483,63,1556,1538,967
1492: 484,1642,1372,594,1409,1949
1493: 1380,1017,1038,1966,90,198,1519,1750,736,677
1494: 226,182,262,1326,870,639,1394,566
1495: 1201,655,399,407,289,1242,153,1496
1496: 153,769,185,1495,1964,399,289
2024: 4
1498: 1560,1173,113,1114,191,1917
1499: 630,1765,847,1406,1839,945,1858
1500: 479,604,765,202,409,702,1506,1818
1999: 214,841,1698,480,336,1522,1847,1918
1502: 250,98,1360,765,1757,1997,1915,1252
1503: 1218,1824,1833,367,1336,1372
1504: 832,1989,308,1721,609,674
1505: 1658,602,258,652,679,538
1506: 702,1818,409,1850,1500,1174,1003
1507: 256,1528,902,753,521
1508: 176,1230,428,1361,123,372,1210
1937: 1540,1315,87,837,828,1870,1846,1235,714,410
1510: 1330,1796,1624,1648,749,823,1777,1596
2002: 1727,1615,1627,1613,489,459,44
1512: 1919,1147,307,287,1155,1069,1582,1294,1514,1515
1513: 1716,1223,676,395,1673,1313,1272
1514: 15,1294,1515,1393,1155,1069,1068,1512,1944,1072,714
1515: 15,1294,1514,1919,1512,1944,1468,1338,33,818
1516: 1619,993,1674,1166,1979,548,1107,230,128
1517: 852,1747,633,818,308,1219
1518: 1633,431,2014,1,1629,1353,71,190
1519: 1750,374,1921,736,1493,677,1231,701,1756,895
1520: 1470,583,1946,316,941,109,836,705
1521: 915,292,673,17,1002,860,1183,1455
1522: 1849,862,336,1251,1999,480,628
1523: 139,81,881,96,1464,907,1326,870
1524: 11,379,724,1822,1085,920,1119
1525: 677,1231,357,1966,1244,90,755,869,1922,617
1526: 490,1614,1617,1431,2019,1271,195,187
1527: 1078,1213,1179,1712,1060,1748,1605,1454
1528: 256,1507,753,1385,568,1305,1896,1770
1977: 449,282,544,327,856,433,996
1530: 559,344,353,283,1000,979,1274
1531: 1978,403,361,893,989,1808,342
1532: 1291,909,730,1563,651
1533: 105,219,1806,467,1004,477
1534: 1871,1672,1062,550,806,958,1449
1535: 1439,84,45,1675,1064,1887
1536: 1213,1179,2020,304,1903,600,525
1537: 28,220,1125,1709,905,405,339
1538: 1691,967,1491,63,1556,43,467
1539: 186,1032,1047,1301,414,703,157
1540: 1315,1937,1650,87,1365,791,1678,356
1541: 1229,1898,1638,877,78,1579,888,643
1542: 1098,281,1236,1004,25,536,1058
1543: 235,791,1697,1365,1266,1685,1022,1178
1544: 1024,1752,1057,1835,1362,1138,224
1545: 1054,799,246,285,1741,2018,114
1546: 1791,1958,1851,1113,1164,1581,854,430
1547: 774,816,317,1417,1724,413,188,1597
1548: 1877,208,1324,825,100,1223,676
1549: 435,203,1456,919,204,1290
1550: 267,269,1628,700,745,1905,530
1551: 803,1934,1758,1291,1563,1819,1572
1552: 517,1289,392,1124,1457,1857
1553: 1656,1764,202,97,1030,391,409
1554: 1670,845,1049,612,758,1258,333,163
1555: 1762,1135,1163,1835,518,663,1727,1627,1117
1556: 1404,63,465,1866,1303,1491,483,1538
1557: 1444,1364,746,1225,170,1722,140
1558: 1098,708,281,956,751,1918,1028,1844
1559: 1053,1396,1077,1041,1805,294,276,280
1560: 1655,1373,1173,1498,1729,1114
1561: 1576,1476,1284,1810,1609,1021,800,716,1212
1562: 1640,943,603,233,1928,1018,692,1068,828
1563: 1291,1532,1758,651,1551,1934,1819
1919: 85,1147,1512,287,15,1294,1515,1468
1565: 240,245,996,1124,856,75,1857
1566: 1332,1593,556,738,325,236,1063,460,167
1567: 232,44,672,1825,1664,130,1116,826,656
1568: 698,1981,1175,788,1585,1754,1946
1569: 1794,38,688,12,1662,218,540,713
1570: 893,1867,1659,929,1576,1476
1571: 230,685,263,1979,125,772
1572: 1059,1819,92,803,884,1551,1044
1573: 1007,1807,445
1574: 1479,180,650,1297,35,1034,519
1960: 401,56,926,1813,695
1576: 1561,1476,1284,893,1570,1808
1577: 1842,386,1463,1730,1430,1044
1578: 1786,266,383,631
1579: 358,879,497,1638,1541,402,888
1580: 38,533,688,168,903,1739,1460
1581: 299,830,1113,1164,1546,430
1582: 1393,1155,1069,507,607,307,287,1512,1294
1583: 928,1381,1249,1480,1885,1233,1775
1584: 284,947,726,1668,932,406,756,1688
1585: 1900,1754,889,1981,1568,134,341
1861: 1929,1823,640,1993,740,1205,974,976
1587: 240,245,505,904,75,1282,589,875
1588: 1760,1881,500,1988,647,1723,1420,896,286,1895
1589: 1,1947,1006,1322,539,622,71
1961: 503,1480,900,1186,206,513,1381
1591: 924,1320,1159,257,54,1763,839
1592: 131,846,1388,1129,1139,2003,252,1317
1593: 1332,83,606,1889,1566,1063,460,1928
1594: 1608,1303,483,735,465,340,667
1915: 1757,1997,1700,1157,1502,691,1288,1985
1596: 1777,752,1906,749,823,1510,1624
1597: 987,188,1547,413,390,1969,1992
1598: 1604,1683,1778,1172,1181
1599: 1834,1254,1795,1935,1681,1844
1600: 39,718,539,585,1103,984,1074
1601: 187,999,1614,1220,1003,1023,423
1602: 1610,116,783,720,82,2006,1856,533,12
1603: 1720,468,1168,354,1011,504,1718,1950
1604: 1598,1683,681
1605: 1060,1748,1527,1078,1459,1029,1454,60
1875: 547,770,682,879,497,1641,1208,680
1902: 1144,1994,1044,92,686,41,578
1608: 1594,1491,483,667,51,940,172,967
1609: 1253,1293,64,800,716,1261,1212,1561,1810
1610: 1926,1602,116,397,424,720,260,1856,533,168,12
1611: 804,728,425,310,966,881
1612: 520,457,555,1975,1207,1177,1486
1613: 40,1412,605,1131,1727,2002,459
1614: 490,1526,187,1601,1220,1003
1615: 1627,2002,1117,130,734,44
1616: 930,66,216,1726,423,805,1050
1617: 1141,151,1767,1030,1431,391,1850,490,1526
1618: 833,620,265,1264
1619: 993,224,1516,1138,1979,230
1620: 939,1438,72,664
1621: 804,699,728,1768,1737,1647,1780
1622: 1869,2015,1482,666,1469,1475
1623: 221,593,1645,112,931,557,1269,148
1624: 1796,1510,823,1777,1596,1872,1479,1084
2015: 1869,1342,1622,666,1007,1637,1807
1626: 204,1635,14,1290,346,494
1627: 663,1727,1615,2002,1117,1135,1555,734
1628: 1550,745,1905,530,1429,1441
1629: 1353,1,1142,71,1633,1518
1630: 1884,115,1092,1439,45
1631: 1446,229,255,215,873,351,1188,1148
1632: 1843,1246,508,1013,811,262,1392
1633: 2020,1095,431,2014,304,1518,1629,1283,1353
1634: 58,1240,1421,1358,1676,662,1781,1071,1696
1635: 1626,14,654,346,439,494,564,1440
1636: 141,562,955,1820,1890,371
1637: 1245,1007,666,799,246,2015
1638: 877,464,78,1541,1579,497,888
1639: 1257,1183,789,1739,1146,953,1325
1640: 943,603,233,1562,1063,1088,1928,1018,692,828
1641: 1182,1208,801,1875,682,1654
1642: 484,1492,594,322,1738,1949,597
1643: 757,959,1665
1644: 622,71,190,1712,1170,143,39
1645: 221,1623,1443,593,247,629,148,69
1646: 1799,1340,1686,780,160,1401
1647: 1737,556,1768,1621,646,1349,1772
1648: 1330,1510,150,823,690,194,1746,1755
1649: 595,1383,142,588,441,537,1214,330,1704,850,1355,418,297
1650: 1540,1315,87,1424,466,410,1678,356,1345,193
1874: 1277,1904,1152,1802,1112,886
1652: 1106,551,824,921,470,1154,93
1653: 171,1763,839,176,1942,421,1849,1143,862,1337
1654: 1043,1761,682,1641,801
1655: 1560,1373,991,833,968,285
1656: 1553,1764,202,108,119,1195,604,1374
2027: 2023,0
1658: 1171,602,1505,1015,258,322,679
1659: 1570,1867,729,929,374,1921,1756
1939: 928,1381,365,384,1925,271,1133
1992: 512,1969,515,987,1597,319,1815,1774
1662: 118,218,540,1794,1569,713
1663: 1448,1993,1304,1716
1664: 232,672,1567,1116,656,1391,1702
1665: 1899,757,959,1643
1666: 98,1360,100,1682,528,208,1411,46,1252
1667: 696,649,1390,1046,1156,302,161,1769
1668: 726,885,932,724,1065,284,1584
1669: 1732,314,95,1180,411,710,1328
1670: 1554,1049,509,448,1080,333,163
1671: 1042,1785,559,1804
1672: 1534,1871,1062,402,1120,1751,1474,806
1673: 395,1313,1993,1716,1223,1513,1823
1674: 993,1516,1166,548
1675: 181,923,84,1535,717,1887
1676: 1187,958,662,1781,954,1696,1634
1942: 176,428,1653,1763,1337,567
1678: 1685,356,1345,1540,1650,791,193,1736
1953: 1211,685,263,829,1941,1302,535
1680: 1982,106,1006,1895,104,2021,1749,1322,779
1681: 438,1844,1436,1698,653,1935,1945,1254,1795,1599
1682: 100,1731,528,137,1324,98,1666,208
1683: 1604,1598,1778,681,1066,1172
1684: 1962,1064,1789,45,115,450
1685: 1678,1345,1543,791,1697,1022,1304
1686: 1646,160,1401,1125,362,1200
1687: 891,472,558,606
1688: 228,756,1071,932,406,284,947,1584,599
1689: 1725,341,1407,889,1246,1013,311
1690: 751,722,577,172,1098,536
1691: 577,172,1538,967,43,467,477
1692: 1269,148,69,518,1105,1163,663
1693: 610,1879,812,1110,1892,213,1092,1800
1694: 478,1079,786,2016,1707,88,1278
2022: 8
1696: 756,1071,954,1187,1676,1781,1634,58,1240
1697: 1543,235,791,633,1266,1685,1699,1022,1178
1698: 214,1999,841,1952,1847,653,1091,1681,1028,438,1436
1699: 1247,711,1022,1178,1697,848,1304
1700: 1757,1915,702,1228,1174,74,739,691
1958: 584,1791,1851,1546,1164,854
1702: 656,1391,232,1664,678,248,918
1703: 647,687,34,1026,1790,1734,377
1704: 330,850,257,1214,491,1159,1649
1705: 465,963,340,1866,1303
1706: 1019,1101,978,776,894
1707: 542,786,1788,1848,2,1694,1079
1708: 221,1443,247,234,2013,1868,671,629
1709: 28,1537,1125,405,339,1984,516
1710: 1023,1829,1726,423,99,323,552,930
1711: 40,1105,1412,32,629,1432,69
1712: 1644,190,1170,2014,304,1060,1527,1179
1713: 1364,746,641,1090,602,601,53
1714: 1080,1400,1905,530,660,20
1715: 1803,634,1140,37,1484
1716: 1223,676,1513,825,1448,1663,1993,1673
1717: 93,470,1738,1099,597,921
1718: 228,1071,1240,1358,1720,1603,354
1719: 525,782,815,1903,906,2005,278
1720: 468,1168,1603,354,228,1071,1718,599
1721: 852,848,308,711,674,832,1989,1504
1722: 170,796,1920,1225,1444,1557
1723: 970,1420,1025,1473,342,1760,1588
1724: 284,947,413,1065,816,1547
1725: 1689,341,1407,941,1470,134,1841
1726: 1710,1023,423,323,1050,930,1616
1727: 663,1627,2002,1613,1105,1412,1555,459
1728: 1464,907,203,14,1290,744
1729: 1560,1373,1173,980,833,620
1730: 1356,1430,1577,1463,1144,144,1289
1731: 100,1682,528,1150,137,1324,694
1732: 314,1669,411,254,1185,710,1328
1733: 813,1741,991,1369,273,1883,149
1734: 436,1913,377,1109,592,1419,296,687,1703,1051,18
1955: 1423,1970,658,461,237,1267,1923
1736: 193,1324,1766,694,825,1678,356,1345,1448
1737: 1647,556,138,1621,763,1780,707
1738: 322,470,679,1099,484,1642,597,1717
1739: 903,789,38,1580,1460,1257,1639
1740: 1793,1329,181
1741: 991,1733,2018,149,1545,285,114
1938: 1894,445,378,1342,79,259
1743: 513,1036,1314
1744: 273,1070,452,1883,243,880,118,103
1745: 1051,18,1415,821,1881,500,1988
1746: 1081,1388,1755,1129,1779,1357,690,194,1340,1648,131
1747: 626,1306,1468,818,469,1219,1517
1748: 1060,529,1605,838,1527,1459,1029
1749: 2021,1390,1046,1387,453,1895,104,2000,1680,649,779
1750: 1519,374,1921,736,145,1493,1017,729,701
1751: 18,1415,821,1109,1062,643,1120,1672,1474
1752: 1024,1544,520,555,1096,1809,1362
1753: 1147,404,287,549,769,185
1754: 1585,1900,788,1367,1347,698,1981,1568
1755: 1081,1388,1746,194,1330,1648,252
1756: 61,446,895,1519,374,1921,701,1867,1659
1757: 1997,1915,1700,765,702,1502
1758: 1176,129,651,1551,1934,1563
1759: 505,363,904,706,619,364,1306,469
1760: 1881,500,1988,1588,647,34,1473,1723,1420
1761: 953,1325,575,547,682,1043,1455,1654
1762: 1057,1135,1163,1835,1555,518,663
1763: 54,1653,171,839,1591,176,428,1942,1337
1764: 1553,1656,202,1034,97,1030,108,1195
1765: 630,1499,1454,279,1078,545,1406
1766: 193,1324,1736,694,825,1424,466,1150,356,1345
1767: 1141,151,1617,225,1139,1435,1940,1431,2019,1271
1768: 139,388,81,1621,728,508,1349,1647
1769: 161,1103,1667,1376,1156,1225
1770: 42,337,1896,568,1305,1336,1528,753
1864: 1209,568,1305,367,1127,1336,1445
1772: 646,1349,1392,508,1647,556,558,1332,83
1773: 332,1408,897,175,693,607,307
1774: 1815,67,169,987,1992,515,319,238
1775: 1467,217,761,1381,1583,1480,900,1233,451
2014: 2020,1633,431,304,1518,71,190,1712,1060,1179
1777: 752,763,1780,1596,1510,1624,1872,1084
1778: 1598,1683,1172,637,1181,29
1779: 1357,690,194,223,1346,488,1799,1746
1780: 1777,752,763,1621,699,623,1737,138
1781: 1187,1676,662,1449,26,1696,1634,58,1421,302
1853: 1137,448,70,1172,637,201,1189
1783: 803,884,579,731,636,1842,386,1044
1784: 57,414,1243,1948,2004,1165,1167,1301
1785: 560,559,344,849,462,1804,1671
1786: 1578,266,591,563
1787: 37,627,1131,1351,983,1140
1788: 1093,615,79,2,542,1707
1789: 1962,1684,294,1064,1887,450,280
1790: 716,1026,1261,1212,210,592,1913,377,1703
1791: 1958,1851,1546,1263,336,854,1847,214
1792: 574,1214,491,80,534,441,827,537
1793: 1740,94,1329,312
1794: 159,82,1569,2006,688,12,1662,540
1795: 1834,1254,1599,1935,1681,1844,1945,2013
1796: 1330,1510,1624,1081,1479,180,1084,179
1797: 352,1950,58,1358,1478,1920,796,1341
1798: 1837,642,782,1830,278,343,1990
1799: 1340,1646,160,1779,1357,1346,488
1800: 306,1884,1092,665,1693,1110,1892
1801: 1370,1115,1207,197,446,1978,361,1148
1802: 1904,715,1874,1276,1986,1112
1803: 914,634,1715,678,1484,232,248
1804: 849,462,1785,1671
1805: 1041,975,132,1053,1077,1559
1806: 775,43,467,1533,219
1807: 1007,1342,2015,1573,445
1808: 933,989,1576,1284,893,1531
1809: 1362,1882,270,1138,1752,1238,1096,295
1810: 1561,1284,1609,800,716,1212
1909: 350,135,1318,361,1115,146,942
1812: 1489,1146,1461,580,1354,1323,1121,543
1813: 1040,926,1996,1279,56,1151,1960
1814: 755,1193,869,586,830,427,1398,396,1244
1815: 1111,169,1774,156,512,1992,515,238,1100
1990: 278,343,1222,642,1798,965,1891
1817: 41,972,1863,1994,392,1422,136
1818: 702,1506,202,409,1850,1500
1819: 657,1059,1572,803,1551,1291,1563
1820: 1032,719,703,141,562,1636,371
1821: 1024,261,1983,1269,1057,1163
1822: 1524,379,724,1043,1085,801
1823: 1861,1929,640,1993,395,1673,976,863
1824: 1218,1503,1833,170,754,1127,140,1171
1825: 1484,232,44,672,1567,489,983,1140
1867: 893,1570,1659,1756,446,1978
1827: 1191,103,1227,1153,1002,915,17
1828: 128,532,303,1116,826,656,65
1829: 1710,1023,999,142,99,552
1830: 301,443,2005,782,278,1837,642,1798
1831: 1119,781,68,857,673,17,200
1894: 1938,445,795,259
1833: 1218,1824,1503,140,1171,1015
1834: 1868,1471,1254,1795,1599,1844,708,239,901
1835: 1762,1057,1135,1163,1555,1544,993,224,1166
1983: 385,261,557,1344,1269,1024,1821,1163
1837: 814,642,1798,301,1830,1194
1838: 859,315,1933,1052,777,1490,531
1839: 849,945,462,630,1499,560,1858
1840: 435,203,1414,1910,1859,778,1102,744
1841: 554,861,1725,1407,941,109,1397
1842: 1577,386,1463,636,1783,884,1430,1044
1843: 1632,1246,508,1013,1392,558,311
1844: 1681,1028,438,1436,708,1558,1834,1795,1599
1925: 384,62,271,1878,1133,1939
1846: 355,1870,1235,1954,768,1995,1315,1937,625,410
1847: 1952,854,1791,214,1999,1698,1091
1848: 987,2,188,1707,319,1079
1849: 1143,862,1263,1337,336,1522,1653,1851
1850: 391,409,1617,490,1506,1818,1003
1851: 584,1791,1958,1546,421,1849,1143,1263