0: 2023
1: 1589,1947,1629,1142,71,1518
2: 1848,188,712,338,1788,615
3: 2025
4: 2024
5: 
6: 613,1136,596
1963: 1765,279,545
8: 2022
9: 1428,1073,408
10: 1036,271,1939,1314,365
11: 1524,379,1822,724,920,527,1417,317
12: 1569,533,688,168,1856,1602,82,1794,1203
13: 387,925,189,1295,1425,855,820,511
14: 1626,1635,1290,1728,494,126,1464
15: 1294,1514,1515,1919,1944,1072,1338
16: 1354,580,1016,1035,609,1989,426,648
17: 915,292,673,1002,1191,857,618,1831
18: 1751,1051,1415,1109,1745,1734,687,1120,1988,821
19: 449,282,482,524,619,946
20: 660,934,1019,1101,1714,1400
21: 1531,403,361,893,1978
1994: 144,1902,1144,1289,392,1817,41,1422
1997: 1757,1915,1157,1502,98,1360,1411,1252,1288,910
24: 1878,1410,1133,1249,992,898,1885
25: 1004,536,440,1058,1542,463
26: 696,147,662,1449,1781,1421,302
27: 624,1027,935,1234
28: 905,220,1537,1401,160,1709,1125
29: 1137,495,1778,637,1172,293,1181
30: 1132,794,812,312,94,324,213
1989: 1292,832,1504,1721,609,91,16,1014,426
32: 605,531,982,1432,1933,1052,40,1711
33: 1517,633,1266,1338,1468,1515,818
34: 1026,1703,933,989,1473,1760,647,1723
35: 1034,97,519,1574,1297,723
1946: 1470,583,1520,134,1981,665,306
37: 1787,1140,1351,1715,634
38: 1569,688,1580,168,1739,1460,713
39: 539,1600,1644,622,718,143
40: 1711,1412,1613,1432,32,605,982
41: 1817,1863,578,320,686,1994,1902
42: 337,1896,1770,1305,1409,1336,1372,1286
43: 1806,467,63,775,1691,1538
44: 1825,672,1567,489,130,1615
45: 1439,1535,1630,115,1684,1064,89,450
46: 1411,1331,1252,1666,1877,208,1260,165
47: 478,238,1278,67,1128,1862,1402,939
48: 1426,737,264,2009,790,747,1016,1035
49: 157,961,414,793,1462,969,1427
50: 1431,2019,1617,1767
51: 567,667,1251,862,1608,940,628
52: 276,1371,280,1962,450,1359,1886,192
53: 258,601,641,1090,838,1020
54: 1763,839,1320,1591,123,372,176
55: 1606,113,393,1917,1221,191,1498,481
56: 1279,798,808,1813,1960,695
57: 414,1784,1948,1165,793,1206
58: 1634,1240,1358,1421,1781,1478,302,1797
59: 851,992,117,576,898,510,951
60: 630,1765,1852,1454,1029,1605
61: 1756,446,1921,1446,229,895,1370,1148
62: 977,384,1880,1925,1876
63: 370,1651,1556,775,1491,1538,43
64: 716,1609,1261,1309,1253,210
65: 656,1335,1828,532,1873,1391
66: 216,1616,930,427,1038,396,1368
67: 169,1774,759,47,238,1862,1402,939,995
68: 1119,1831,781,1893,200,1192,196,618,1363
69: 1105,1711,1645,247,629,1692,148
70: 1066,475,637,1389,1172,1189,201,1853,1137
71: 1644,622,190,1589,1,1629,1518
72: 787,1128,1862,939,1620
73: 1331,1252,910,1009
74: 805,739,691,1157,1050,1985,1380,1038
75: 1457,424,1282,1857,1587,245,1339
76: 546,429,1165,1973,1224,1206
77: 1216,183,1210,963
78: 1638,877,464,1161,771,1319,1229,1541
79: 542,786,1012,378,1093,1788,867,259
80: 764,1087,969,534,1427,574,1792
81: 139,1768,881,96,1523,728
82: 159,540,1794,2006,1203,12
83: 1332,606,1593,558,1392,1772,646,1687
84: 1439,1217,1535,725,1343,121,1675
85: 1919,1147,1468,404,810,626
86: 1361,842,372,1452,1027,107,1202
87: 1540,1315,1937,1650,837,714,1365,791
88: 1073,786,2016,1694,1278,1128,1237
89: 291,450,1630,45,316,115,1684
90: 1966,1244,1368,198,1493,869,736,677,357,1525
91: 740,1296,1247,711,1292,832,1989,1037
92: 1059,1572,686,1811,884,1902,1044,1144,578
93: 1717,470,1652,551,921,1154
94: 1832,324,312,30,1793,1329
95: 2001,314,1180,1669,1283,485,1353,1328
96: 126,881,1464,1523,310,458,81
97: 35,1034,723,1141,1030,1553,1764
98: 250,1360,1666,528,853,1682,1997,1502,1411,1252
99: 323,1113,552,297,999,595,142,1932,1710,1829
100: 1682,1731,1324,825,1666,1877,208,1548
101: 1954,733,768,1995,1008,621,1298,389,2017
102: 1891,1858,343,847,1222,1406,1499
103: 1827,1191,122,857,1227,243,1744,880
104: 1895,106,896,835,1387,286,1749,1046,779,1680,2021
105: 219,1533,1004,440,477,1259
106: 1895,274,104,970,1420,1982,1680,1006
107: 727,1027,935,455,1452,842,86
108: 389,2017,119,709,1656,1764,1195,1374
109: 1972,1397,705,1470,583,1520,836,1841,941
110: 547,770,1875,952,1121,543,877,464,497
111: 212,564,817,1878,843,1410,1232
112: 873,351,931,309,948,1623,593,385
113: 1268,669,393,55,1917,481
114: 2018,1192,149,1741,1545,246,645,1469
115: 306,1884,316,1630,45,291,89
116: 1610,1926,1602,517,424,1048,720
117: 59,992,576,1410,1782,1232
118: 1662,218,1056,1070
119: 389,108,2017,709,1656,253,1888,1416,1374
120: 903,789,499,1377,1489,1146
121: 923,1675,1535,84,717,975,1887
122: 103,857,1883,243,880,1369,196,149,618
123: 1361,372,1508,1320,54,1763,176
124: 1804,1785,1839,849,462,1671
125: 772,411,254,295,1882,270,1571,230,1979
126: 1464,96,14,1728,494,748,966,1509,458
1945: 1350,234,949,653,1935,360,1681,1795,1254,1599,2013
128: 548,303,1828,231,1116,826
129: 1758,1176,1564,1934,541,1563,997,1551
130: 734,1615,826,44,1567,1116
131: 846,1592,380,1129,1340,780,1472
132: 1067,164,1826,975,1389,1805,1077
133: 1906,623,951,699,576,425
134: 1470,1946,1981,1568,1585,341,1725
135: 350,1318,1025,403,361,342,1909,456
136: 1422,783,1817,972,2006
137: 1682,1731,1888,1150,1416,853,694,528
138: 763,556,1737,707,325,1872
139: 388,81,1768,1523,1494,1326,870
140: 1171,746,602,170,1557,1824,1833
141: 562,876,195,1636,1271,955,1118,1820,719,371,1701
142: 595,1383,588,1932,1890,501,418,1829,99,297
143: 960,718,1600,39,1644,529,1170
144: 1994,1144,1730,1463,1289,392
145: 1288,809,910,1382,1157,1985,1380,1017,729,1907,1750
146: 1177,1115,1909,350,942,1486
147: 696,26,806,1134,1449,649,2000,302
148: 1269,1692,518,557,1623,1645,247,69
149: 2018,196,114,122,1369,1741,1545
150: 690,194,223,840,318,476,823,1648
151: 723,1141,1030,225,1297,398,1435,1617,1767
152: 175,1359,192,1104,985,994,693
153: 998,769,1496,1495,524,289,1242,946
154: 1238,957,415,1096,1975,742,1486,347,1180
1991: 937,938,502,1039,878,764,1087
156: 1815,1111,512,515,468,1168,1100
157: 703,961,49,414,1539,1427
158: 1385,1483,1100,1011,1209,568
159: 82,540,2006,926,1996
160: 28,220,1401,1346,1799,1646,1686
161: 1103,638,1769,1074,1667,1225,1390,585
162: 697,405,339,1403,1186,206
163: 1429,333,509,1670,1554,1080,1905
164: 1067,132,454,444,1826,975
165: 1021,800,46,1331,1293,1260,1009
166: 773,731,1321,241,660,934,700
167: 797,1008,621,912,866,236,1566,460
168: 1569,38,533,688,1580,1856,12,903
169: 1815,67,1111,1774,759,515,238
170: 754,1722,796,1341,1444,1557,1218,1824,140
171: 1653,1763,839,257,1704,1143,421
172: 577,1691,1690,967,940,722
2005: 301,443,906,417,782,1719,278,1837,1830
174: 1215,680,305,1208,550,288,1197,2012
175: 802,152,1359,192,332,994,693
176: 1942,1230,428,123,1508,54,1653,1763,839
2009: 589,264,875,1426,737,48,790,747
178: 249,1510,1624,1330,1081,180,1796,179
179: 1297,398,1987,252,178,1388,1081,180,1796
180: 1479,1574,1796,178,1297,179,398
181: 1675,1481,1740,1329,1343
182: 1494,226,811,262,1326,326,889,639
183: 1216,77,1210,1234,624,842,1607,376
184: 1777,763,1624,650,1872,1796,1084
185: 1964,994,399,549,1753,769,1496,404
186: 1032,719,1047,1256,1118,1930
187: 506,1601,999,1526,195,490,1614
188: 987,1848,2,774,1547,338,1597
189: 516,362,1908,13,925,1425
190: 1644,71,1712,431,2014,1518,1060,1170,1179
191: 1114,2008,1498,334,1606,393,55,1917
192: 152,175,1359,1886,1371,52,1104,985
193: 1736,1766,694,1650,1424,466,1678,356,1345
194: 1779,1357,690,223,150,823,1648,249,1330,1746,1755
195: 141,562,876,1271,1431,1033,2019,1701,1526,506,187
196: 200,2018,1192,149,618,122,857,68
197: 1188,1148,573,1801,1370,1207
198: 1966,1368,90,1493,1380,1017,1038,736
199: 447,1204,777,1152,1277,886
200: 2018,1192,196,618,1363,857,1831,781,68
201: 1053,1805,1189,1077,70,475,1389,1853
202: 1553,1656,1764,409,479,604,1374,1818,1500
203: 1549,435,1840,1414,1290,412
204: 1626,1290,919,382,346,1549
1940: 1317,1118,1139,1435,2019,1701,1767
206: 1961,900,1186,405,162,905
207: 948,617,1922,755,1193,869,949
208: 1877,1548,100,1682,1666,1411,46,1260
1968: 657,1059,1819,686,1433,614,750,578
210: 863,592,493,395,1309,1790,1261,64,1913
2017: 389,108,119,709,871,1298,101,1195
212: 111,564,1440,817,439,1348,977,843
213: 1485,324,812,30,1693,1879,1892,1092
214: 1999,1698,1791,1263,336,854,1847
215: 1446,229,1631,1231,357,948,617,351
216: 1050,66,1616,930,805,1038,1368
217: 668,1467,761,840,1775,1233,1965,451
218: 1662,118,1031,1056,1153,713,1227
219: 1533,105,1806
220: 905,28,1537,1401,160,1346,668,488
221: 1623,1443,593,1645,247,1270,234,309,1708
222: 1112,1874,1802,1277,1904,715,1152
223: 1779,690,194,150,451,488,1467,840,318
224: 1619,993,1674,1138,1544,1835,1362,1979
225: 1297,398,1987,1139,1435,151,1767
226: 1494,182,870,908,1102,566,1394,326,639
227: 1825,1484,672,232,1803,1715,678
228: 756,1688,1071,1718,599,947,1720,1168
229: 1446,895,1631,215,1921,677,1231,357,701,61,351
230: 1107,1571,685,1516,1979,1619,125
231: 128,548,303,1828,826,1211,1107,1516
232: 672,1567,227,1803,988,678,1664,1702,248
233: 1640,1333,603,943,1285,1184,1097,692,1562
234: 1270,1350,1945,2013,309,221,1443,593,247,1708
235: 1543,791,1697,1944,1365,1266,1338
236: 738,707,325,1566,917,460,797,167,621,912,866
237: 1955,1927,658,461,563,251
238: 319,478,47,67,169,1774
239: 590,901,1262,1834,1471,859
240: 1565,433,904,996,1587,245,505
241: 166,1321,1916,660,934,978,1375
242: 276,1371,280,1396,553,612,1010,655,1104
243: 273,1352,1883,1744,880,103,122,1369
244: 1897,1310,712,1475,1488,1482,615
245: 240,1565,996,1587,75,1857
246: 1054,666,799,1545,114,645,1469
247: 221,1443,593,1645,234,671,629,1708,148,69
248: 918,232,914,1803,988,678,1702
249: 178,1510,1624,1596,823,1648,194,1330
250: 98,1360,1666,528,479,853,765,1502
251: 563,1241,1927,237
252: 179,398,1987,1388,1755,1081,1592,1139,2003
253: 1424,625,1954,733,389,119,709,1150,1416
254: 125,772,411,295,1732,864,1185
255: 1188,1148,573,1446,1631,873,1924
256: 1507,1528,902,753,792,1385
257: 171,839,1591,1159,1704,850,1214
258: 53,601,602,1505,565
259: 1938,1894,867,542,795,1012,79
260: 499,790,747,264,1339,1926,397,903
261: 385,1983,1924,1344,1024,555,1821
262: 1494,811,182,1326,639,388,1013,1843,1632,508
263: 1953,1941,1302,772,1211,1571,685,864
264: 589,2009,1339,875,1282,48,260,790
265: 1618,833,968,1264,1974,1190
266: 321,1465,591,684,1786,1578
267: 1550,269,745,636,522,386,1430,492
268: 1936,976,496,1205,1319,974,1229,1419
269: 1550,267,745,700,636,530,773,386
270: 1809,1362,1882,1238,957,415,1096,314,125,411,295
271: 486,10,1036,1939,1925,1314,384,365
1974: 1054,799,1190,285,833,265,968,1264,1245
273: 1070,1352,1883,243,1744,349,452,813
274: 1895,106,1588,970,1420,286,1982
275: 1200,473,1243,1425,855,2004
276: 242,1371,280,52,294,1396,1559
277: 878,927,598,916,831,938
278: 343,1366,782,1719,815,2005,1990,1798,1830
279: 525,815,1078,1213,1765,1963,1454,545,1366
280: 242,276,1371,52,1962,294,1789,1559,1886
281: 1098,708,1558,1236,751,1542
282: 19,449,364,619,946,433,904
283: 344,1000,1530,560,1029,1980,1852
284: 1724,947,1584,1065,1668,932,816,1688
285: 1741,991,1545,1655,968,1054,1974
286: 896,1387,1881,1588,1420,1895,274,104
287: 307,549,1582,1753,1919,1147,1512
288: 406,1197,954,2012,174,305,550,726,1187,958
289: 407,524,1242,1201,1495,399,1496,153
1969: 390,512,1992,515,1597,413,987
291: 89,450,741,1250,316,115,836,1972,705
292: 915,1521,673,17,860,1183,1455,1085,1119,1831
293: 894,1931,1181,495,29,1101,1400
294: 1962,1064,1789,1887,1041,1559,276,280
295: 125,411,254,1809,1882,270,314,1979
296: 1229,1898,496,436,1734,1913,1419,1109
297: 1113,552,99,595,142,418,1164,1355
298: 554,861,891,950,1184,1333
299: 1581,830,427,323,1113,552,930
300: 400,1375,978
301: 1198,443,2005,782,1447,1837,1830
302: 1478,1156,1781,696,147,26,58,1421,1667
303: 128,1828,231,1211,829,1005,532
304: 2020,1633,431,2014,1536,1213,1179
305: 174,1215,680,1641,1182,1208,726,288,2012
306: 1884,316,115,1800,1110,665,583,1946,836
307: 607,287,549,693,1773,897,1155,1582,1512
308: 416,1219,852,1721,674,737,1504
309: 112,351,948,1270,234,949,221,1443,593
310: 1782,966,458,881,96,1611,425,728
311: 891,1689,1246,1265,861,1407
312: 1132,30,1793,94
2020: 1095,1633,431,2014,304,600,1328,1536,1179,1903
314: 95,1180,1669,1732,1238,957,415,270,411,295
315: 1912,1838,590,1262,704,1490,777,715
316: 306,1884,115,583,1520,836,291,89,705
317: 774,1089,1417,11,379,527
318: 476,760,1965,451,840,223,150
319: 478,1079,238,987,1848,1992,515,1774
320: 41,1863,1196,578,561,750,1151
321: 266,591,684,1477,1267,1923,785
322: 1015,679,1099,484,1642,597,470,1738
323: 1113,552,99,1710,1726,930,299
324: 1485,94,1832,213,812,30,1892
325: 738,707,236,1566,556,138,582,917,912
326: 1347,1900,639,908,566,1394,226,182
327: 1951,856,522,544,1977,996
328: 608,1998,1447,616,1082,1941,1302,535,1198
329: 1891,1222,1990,965
330: 1704,850,418,1649,1214,595,584,1164,1355,421
1959: 1043,1085,801,1524,1822,724
332: 1408,834,1773,802,175,693
333: 1075,1258,1429,163,1670,1554,758
334: 401,1606,349,191,2008
335: 605,531,982,447,944,1131,627
336: 1849,1143,1522,1263,1791,1851,862,214,1999,480
337: 42,1896,1770,1409,762,1286,819
338: 774,1089,1897,712,2,188
339: 697,405,162,1984,1537,1709
340: 465,963,587,483,1303,1230,735,1594
341: 1689,1585,1725,1013,889,134
342: 1723,989,1473,1531,403,135,1025
343: 278,545,847,1222,1366,815,1990,1798,102
344: 283,1785,559,1000,1530,560,353,462
345: 645,1469,1475,1488,2018,1192,1363,1310,981
346: 382,1899,654,1626,204,1635
347: 742,154,415,485,1384,1180
348: 727,455,878,927,1378,831,784,937,938
349: 2008,452,334,273,1070
350: 135,1318,146,1909,456,1061,942
351: 112,873,309,948,229,1631,215
352: 1797,504,1950,754,1341,1445,1127
353: 559,344,1530,979,1274,471,824,1042,1671
354: 1720,1603,1718,1240,1358,504,1950
355: 1018,1846,1235,1088,1008,866,828,1995
356: 1678,1345,1540,1650,1424,466,193,1736,1766
357: 677,1231,1525,1244,90,948,617,1922,229,215
358: 1579,879,1586,1062,402,888,643,1215,680,1871
359: 546,1316,732,1295,820,511,721
360: 653,1145,1935,1193,1350,949,1945
361: 21,403,1801,1978,135,1115,1909
362: 516,1125,189,1401,1686,1200,1425
363: 505,1759,875,416,469,737
364: 619,1248,282,433,904,505,1759
365: 928,1381,10,1036,271,1939,1314,503,1480
1964: 185,985,994,399,549,769,1496
367: 1864,1445,1127,1336,1218,1503,1305
1948: 855,2004,820,721,1165,57,1784
369: 407,524,1242,1075,1258,487,482
370: 1404,63,1651,1556,775
371: 703,961,1820,1032,141,1636,1735,827
372: 1361,842,123,86,1508,1202,1320,54
373: 1608,1594,1491,483,1303,1651,1556
374: 1519,1750,1921,736,729,701,1659,1756
375: 1456,919,382
376: 842,1607,183,1234
377: 1026,687,1703,592,1790,436,1734,1913
378: 1869,1342,2015,1482,1093,867,79
379: 11,1822,724,1065,1417,317,816
380: 131,846,780,434,1256,1472
1947: 1589,1,1434,1982,635,1006,1142
382: 1899,346,375,919,204
383: 1855,1578,631,659
384: 62,486,271,1939,1925
385: 261,1983,1924,112,873,931,1623,1188,1344,557
386: 1842,1577,1430,492,267,269,636,1783
387: 13,925,689,1295,511
388: 139,1768,262,1326,508,1349
389: 108,2017,119,709,1298,101,733,768,253,1416
390: 512,1969,515,1597,947,413,599,1168
391: 409,1850,1141,1030,1617,1553,490
392: 517,1289,1552,144,1994,1817,1422
393: 1268,1606,669,113,55,1917,1221,1453,191
394: 653,1145,1091,1952,1398,586
395: 1673,1309,1513,1313,1823,640,210,863
396: 1966,1244,1368,66,427,1814,755,869
397: 1610,1926,260,499,533,903
398: 225,1297,179,1987,252,180,1139,151
399: 1201,655,1495,185,1964,985,994,289,1496
400: 997,300,1375,1916,541
401: 1960,1221,695,1453,334,1606
402: 1062,888,643,1120,358,1579,1215,1871
403: 1531,21,361,989,342,135,1025
404: 1753,998,769,185,85,1147,810,626
405: 162,339,206,905,1537,1709
406: 288,1197,954,726,932,1584,756,1688
407: 289,369,1242,758,1201,655,1495,1258
408: 9,1073,1894,2016,795
409: 391,1850,1030,1553,202,1506,1818,1500
410: 1424,466,625,1846,1870,1954,1315,1937,1650
411: 125,254,295,270,314,1669,1732
412: 744,203,1840,1290,1728,907
413: 1724,947,1547,599,390,1969,1597
414: 57,1784,1167,1539,793,157,49
415: 1238,154,957,347,270,314,1180
416: 308,469,1219,363,674,737
417: 1082,1273,767,1771,1312,443,2005,906
418: 330,1704,850,1649,1214,537,595,1383,142,297,1355
1981: 1175,1568,807,665,1470,583,134,1946,1585
2006: 159,82,1203,972,783,136,1602,1996
421: 1143,1263,330,1704,1653,171,584,1851
422: 911,463,1276,1300,440,1259,1845
423: 1710,1023,1726,1601,1228,1220,1050
424: 75,1457,1282,1857,1048,517,1339,720,1926,116
425: 1611,804,310,1782,133,699
426: 1014,648,1292,1989,580,16
427: 299,830,66,930,396,1368,1814,869
428: 176,1942,1230,735,1763,567,667,1337
429: 546,1316,76,632,526,1973
430: 1952,854,1398,1546,1581,830
431: 2020,1095,1633,2014,1518,304,1629,190,1179
2013: 1868,1254,1270,1350,234,1945,1708
433: 240,904,996,449,282,1977,364
434: 1301,1047,1256,990,1472,473,380,1167
435: 1549,203,1840,1855,1456,1414,659
436: 1734,1913,1419,496,296,1898,377,1051,1109
437: 695,1453,808,596,571
438: 1681,1028,1844,1436,841,1698
439: 1348,757,959,654,1635,212,1440
440: 1004,25,1058,105,422,463,1259
441: 1735,1890,827,537,1792,595,1383,588,1649
1995: 101,1954,768,1088,1008,866,355,1846
443: 301,1198,2005,906,1082,417
444: 923,1481,454,164,717,975
445: 1938,867,892,1573,1342,1807
446: 61,1756,1867,1659,1801,1370,1978
447: 199,1204,944,777,335,531,982
448: 1853,1137,509,1189,1670,1554,1049
449: 19,282,1977,482,544,487,433,996
450: 291,89,741,45,1962,1684,1789,52,1886
451: 1233,1965,1467,217,840,1775,318,223
452: 349,1114,2008,273,1070,1352,1883,813
453: 1474,1134,821,896,835,1387,2000
454: 1481,444,164
455: 727,107,348,927,1378,937,938,1452
456: 1434,1982,1061,970,350,135,1318,1025,942
457: 520,1612,1207,1188,573,1344,555
458: 310,966,1509,748,126,881,1464,96
459: 489,983,1131,627,1613,605,1727,2002
460: 1088,1063,1593,236,1566,797,1008,167,866
461: 1955,658,237,563,591,1267
462: 1839,849,945,1852,1785,344,560,124
463: 422,911,1300,25,440,1058,1126
464: 1638,877,78,543,887,110,1586,497
465: 963,587,340,483,1303,1866,1705,1594
466: 1424,625,410,1315,1650,356,193
467: 1806,43,577,1691,1538,477,1533
468: 1720,1168,1603,512,156,1100,1011
469: 416,1219,1306,1747,1759,363
470: 93,1717,1738,322,652,1099,921,1154
471: 1106,551,824,1154,979,353,1042
472: 1687,891,950,558,606,1889,603
473: 275,1399,1200,1243,434,990,1472,1167
2012: 288,1197,1182,1208,174,305,726
475: 70,1066,637,1389,1172,1067,1189,1077,201,1853
476: 318,823,749,1386,760,1906,150
477: 1004,536,577,1691,467,1533,105
478: 319,1694,1079,47,238,1278
479: 604,1374,853,202,1888,765,1500,250
480: 1999,841,1522,336,1251,628,956,1918
481: 980,1268,113,55,1917
482: 19,449,524,369,1242,487,946
483: 465,340,1303,1866,1705,1594,373,1651,1556
484: 1492,1642,322,1015,679,1738
485: 1142,1353,1384,347,95,1180,1283
486: 1036,271,384
487: 1441,1199,544,1075,369,449,482
488: 668,1467,840,220,1346,1779,690,223
489: 983,459,2002,1825,1484,44
490: 1614,1431,1617,1526,391,1850,187,1003
491: 574,986,537,1792,1159,1214
492: 1577,386,1430,267,745,522,1951
493: 210,863,592,1936,496,1913,1419
494: 564,1440,748,817,1635,14,126
495: 1137,509,29,293,1181,1101,1400
496: 268,1936,1319,493,1229,296,436,1419
497: 879,1586,543,1638,464,770,110,1875,952
498: 608,858,1998,1447,1418,1108,1194
499: 260,790,747,397,1377,1016,903,120,1489
500: 1760,1881,1988,1588,647,687,1051,1745
501: 506,999,562,955,1890,142,588,1932
502: 937,1991,683,764,1087,1239
503: 1480,1961,1314,513,1381,365
504: 352,1950,1603,354,1011,1209,1445
505: 1759,363,875,364,240,904,1587,589
506: 501,999,187,562,195,955
507: 1285,1437,897,607,1097,1155,1582
508: 1843,1632,558,262,1326,388,1768,1392,1349,1772
509: 448,1137,495,1670,1080,1400,163
510: 1885,1965,851,59,992,898,1386,760
511: 855,820,721,13,387,1295,359
512: 390,1969,1992,515,599,468,1168,1815,156
513: 1743,1314,503,1961,1186
514: 1949,1487,594,762,1286
515: 390,512,1969,1992,987,319,1815,169,156,1774
516: 362,1125,189,1908,1984,1709
517: 1289,392,1552,1457,424,1857,1048,1422,720,783,116
518: 1269,1692,148,1105,663,1163,1450
519: 35,1034,650,1976,1479,1574,871,1307
520: 457,1612,1752,555,957,1096,1975
521: 1438,995,1507,902,664
522: 1441,544,267,745,1430,492,1951,327
1950: 1797,352,504,1358,1603,354,1341,1445
524: 289,369,1242,998,153,19,482,946
525: 1903,279,1719,815,1536,1078,1213
526: 632,732,429,1316
527: 1897,1310,920,781,1893,11,1089,317
528: 250,98,1666,1888,853,1682,1731,137
529: 1281,1748,1060,1170,838,960,143,1459
530: 1714,1905,660,1550,269,1628,700
531: 32,335,982,1912,1052,777,447
532: 661,1005,303,1828,65,1873
533: 688,1580,168,1856,12,1610,1926,397,1602,903
534: 80,1427,961,827,574,1792
535: 829,1953,1302,1160,581,616,328
536: 1004,25,1542,477,577,1690,1098
537: 491,1792,441,595,1383,850,418,1649,1214
538: 979,565,1274,1967,652,824,1154
539: 1600,39,585,1322,779,1589,1074,622
540: 159,82,1794,1662,1031,1287
541: 129,1934,400,997,1916,579
542: 786,1012,79,1707,1093,1788,259
543: 1323,1121,887,877,464,110,952,497
544: 1441,1199,522,487,449,1977,327
545: 343,847,1366,1406,1078,279,815,1765,1963
546: 429,1316,76,1165,359,721
547: 770,110,1875,952,682,1461,1121,575,1761
548: 128,231,1674,826,1107,1516
549: 307,287,693,185,1964,994,1753,769,1147
550: 1534,1871,174,1215,288,1187,958
551: 1106,1652,471,921,824,1154,979,93
552: 323,1113,99,297,1710,1164,299
553: 845,1049,1396,1001,242,612,1010,655
554: 298,1841,861,2007,1437,1184,1333
555: 1024,1752,573,1344,261,520,457,1612
556: 1647,1737,1772,646,138,1332,738,707,325
557: 1269,148,931,1623,385,1983
558: 1843,1265,508,1392,1772,1687,891,472,83,606
559: 1785,344,1530,353,1042,1671
560: 283,1785,344,1852,462,945
561: 614,750,1226,1196,320,1169,1151
562: 141,876,195,1636,1271,955,1033,506,501
563: 251,1465,591,237,461
564: 111,212,494,1440,748,817,1635
565: 538,1274,1505,258,1967
566: 1102,744,1394,778,908,1347,326,639,1494,226
567: 667,51,1251,862,1337,1942,428
568: 1209,1864,1385,1483,158,1528,1770,1305
569: 1311,1373,1729,620
570: 671,629,1432,1868,1471,859,1933
571: 1453,437,669
2000: 649,1749,1134,453,835,1387,696,147
573: 1188,1148,197,1344,255,457,1612,1207,555
574: 986,491,1792,80,1087,534,1239
575: 953,1325,1761,1461,547,952
576: 851,59,992,117,951,133
577: 1691,172,1690,467,536,477
578: 41,1863,320,92,686,1968,1902,750
579: 803,1783,731,1916,1934,541
580: 1354,1016,16,426,648,1812,1323
581: 1160,1123,829,1302,535,616,1971
582: 650,1872,1976,917,325,1413
583: 1470,1520,1946,836,1981,665,306,316,109
584: 1791,1958,1851,1164,1355,330,1704,421
585: 539,1600,1046,1390,1322,779,2021,161,1074
586: 1814,755,1193,1398,1145,394
587: 465,963,340,1210,1230,735
588: 595,1383,142,1932,441,1890,501,1649
589: 264,2009,1339,1587,505,875,1282
590: 1126,901,239,1262,1300,704,315
591: 321,1465,266,563,461,1267
592: 210,493,1790,1261,1734,1913,1419,1026,377
593: 221,1623,1443,1645,247,1270,234,112,931,309
594: 1372,1492,1642,1409,1286,1949,514
595: 1383,142,588,441,537,330,850,418,1649,99,297,1355
596: 613,6,808,437
597: 1949,1487,1642,322,1717,1738
598: 277,1039,878,1973,916,1224
599: 228,1688,947,413,390,512,1720,1168
600: 1771,1328,1312,2020,1095,1536,1903
601: 53,258,1713,641,1090,746,602
602: 140,1171,746,1658,1505,1713,258,601
603: 1640,1333,233,943,472,950,1889,1928,1063,1562
604: 479,1374,1656,202,1500
605: 32,335,982,40,1412,1613,459,1131,627
606: 83,1593,1889,558,1687,472,1063
607: 307,1408,1773,507,897,1155,1582
608: 858,1998,1447,498,616,328,1971
609: 1426,674,832,1989,1504,16,1035
610: 1693,1879,1110,1423,698,1175,807
1949: 514,1487,597,1642,594,1286
612: 1201,1010,655,242,845,1554,758,553
613: 1136,6,743,798,808,596
614: 561,750,1226,657,1968,1334,1433
615: 1093,1788,244,712,1482,2
616: 608,1998,328,1302,535,581,1971
617: 207,948,1922,1244,755,357,1525,949,215
618: 200,196,1191,122,857,673,17,1119,1831,781,68
619: 364,706,1248,946,998,19,282,904
620: 1618,833,1729,1311,1373,569
621: 797,1008,167,912,866,236,917,1298,1413,101
622: 1644,71,1322,1589,539,39
623: 1906,951,133,699,749,752,1780
624: 27,1216,183,1234
625: 1424,466,253,410,1846,1954,733
626: 1747,818,404,85,1468,810,1306
627: 983,459,1131,605,335,944,1787,1140
628: 956,751,722,1522,51,1251,940,480
629: 671,1432,570,247,69,1105,1711
630: 1765,1852,1454,60,1406,1839,1499,945
631: 1910,659,1578,383,684
632: 526,1973,916,429
633: 1517,33,1266,1338,818,1697,852,848,1178
634: 914,1803,1715,37
635: 742,942,1434,1061,1947,1142,1384
636: 267,269,700,773,731,1783,1842,386
637: 70,475,1172,1778,1853,1137,29
638: 161,1103,1769,1074
639: 1347,1900,326,889,566,1494,226,811,182,262
640: 1861,1823,395,1936,976,863
641: 960,1090,838,53,601,1020
642: 1327,1837,1990,1798,1830,1194
643: 1062,402,888,1120,1541,1898,358,1751,1109
1982: 1434,456,970,106,274,1006,1947
645: 1469,345,2018,1192,114,1363,246,981
646: 1349,1772,556,1647,1332,83
647: 1760,1881,500,1988,1588,687,1703,34,1051
648: 1014,426,580,16,822,1323,887
649: 1749,2000,1046,1390,835,696,147,1667
650: 582,1872,1976,917,184,1479,1574,1796,1084,1307,519
651: 1532,1758,1563
652: 1967,679,1099,538,470,1738,921,824,1154
653: 1145,394,1935,360,1091,1698,1681,1436,1945
654: 1899,346,439,959,1635,1440
655: 1201,612,1010,1495,399,1104,242,553,985,407
656: 1335,1664,65,1567,1828,1116
657: 1059,1819,1968,1291,730,1433,614
658: 1955,1423,1970,1927,237,461
659: 1414,631,1910,383,1855,435
660: 934,1019,20,1714,530,773,166,1321,241,700
661: 1160,1123,1005,532,1873,1865
662: 1187,1676,958,1449,1781,26,1634
663: 1105,1412,1692,518,1163,1555,1727,1450
664: 521,1438,1620
665: 1981,1175,1800,1110,306,583,1946
666: 1054,799,246,1469,1622,1245,1637
667: 567,51,428,735,1608,1594,940
668: 488,1467,217,761,840,905,220,1346
669: 1268,113,393,571,1221,1453
2018: 200,1192,196,149,114,1363,645,345
671: 629,1432,570,1708,1868,1471,247
672: 1825,1484,44,1567,227,232,678,1664,1702
673: 915,292,1521,17,1191,857,618,1119,1831
674: 609,1426,737,308,416,1721,1504
1941: 1953,1302,263,1082,1273,864,328
676: 1716,1223,1877,1548,1513,1313,1272
677: 1231,357,1525,701,1493,90,1519,1921,736,229
678: 914,1803,988,1715,672,227,232,1702,248
679: 322,1967,1015,652,1099,1658,1505,484,1738
680: 174,1215,305,1875,358,879,1208
681: 1067,1604,1683,1066
682: 547,770,1875,952,1761,1641,1208,1654
683: 937,502,1452,1239,924,1202
684: 321,266,1578,631,1910,1477,785
685: 1211,1107,1571,230,772,1953,263
686: 1059,92,1811,1968,1902,750,41,578
687: 1703,377,1734,1051,18,500,1988,647
688: 1569,38,533,1580,168,1856,12,1794,713
689: 387,925,1908
690: 1779,1357,194,223,150,488,1648,1746
691: 74,739,1757,1915,1700,1157,1985
692: 837,1068,828,1562,1640,233,943,1097,1393
693: 307,549,152,175,332,1773,994
694: 193,1324,1736,1766,825,1424,1150,1731,137
695: 1960,1221,1453,401,437,808,56
696: 147,26,1134,649,2000,1156,302,1667
697: 162,339,1403
698: 1175,807,1423,1923,788,610
699: 623,133,804,425,1083,1780
700: 1550,269,636,660,530,773,166,1321
701: 677,1231,1519,374,1921,736,1756,229,895
702: 1506,1818,765,1500,1003,1174,1757,1700
703: 371,157,961,1047,1539,1820,1032,1427
704: 911,1300,1126,590,1262,315,1490,715
705: 109,1972,316,1520,836,291,1250
706: 619,1248,810,1306,946,998
707: 738,325,236,556,1737,138
708: 281,1558,1236,1028,1844
709: 389,108,2017,119,733,253,1416
710: 1328,1312,2001,1669,1732,767,1185
711: 1699,1247,1721,848,832,91
712: 1897,1310,244,1089,338,1482,615,2
713: 1076,1460,1153,1794,1569,38,688,1031,218
714: 1944,1072,1365,837,1068,1514,1937,87
715: 1490,1904,1152,911,1276,704,315,1802,222
716: 1609,1790,1261,64,1561,1810,1212,1026
717: 1041,1826,975,121,923,444,1887
718: 960,1090,143,1600,39,984,1364
719: 1820,186,1032,1118,1930,1701,141,876,1271
720: 1422,783,517,424,1048,1610,116,1602,1203
721: 1948,855,820,511,546,1165,359
722: 628,956,751,940,172,1690,1098
723: 1141,1030,151,1297,35,97
724: 11,1524,379,1822,1065,1959,801,1668,885
725: 1439,1217,1630,84,1343,1485,1832,1092
726: 1668,885,932,1182,305,406,288,1197,2012,1584
727: 107,935,455,348,1378,784
728: 1621,1611,804,881,310,81,1768
729: 929,1907,1382,145,1750,374,1659
730: 1291,909,1532,657,1458,1433
731: 773,166,1321,1916,636,1783,579
732: 1295,1316,359,526
733: 101,1954,768,389,709,253,625
734: 130,1615,826,1166,1135,1627,936,993,1674
735: 1230,428,587,340,667,1594
736: 1519,1750,374,1921,1493,1017,90,198,677,1231,701
737: 1426,674,48,363,875,308,416,2009
738: 707,325,236,1566,556,1332
739: 805,74,691,1228,1700,1050
740: 91,1296,1247,1861,1929,974
741: 291,450,1250,1962,802,1359,1886
742: 942,635,1486,347,1061,154,1384
743: 613,1136,868,1334,1226,1169,798
744: 1102,412,566,1394,1840,907,870
745: 1550,267,269,1628,1441,522,492
746: 140,602,1713,1557,601
747: 260,499,790,2009,48,1354,1377,1016,1035
748: 494,564,817,126,1232,966,1509,458
749: 476,823,1386,1906,623,1777,752,1510,1596
750: 614,561,1226,686,1968,578,320
751: 628,956,722,1918,1690,1098,281,1558
752: 1777,763,1780,1906,623,749,1596
753: 256,1507,1528,1896,1770,819
754: 170,796,1341,352,1127,1218,1824
755: 1814,1193,869,586,396,1244,1525,207,617,1922,949
756: 228,1688,1071,406,1197,954,1584,1696
757: 439,1348,959,1880,1643,1665
758: 845,1554,1201,612,1258,333,407,1242
759: 67,1111,169,1402,995,902,792
760: 318,476,1386,851,510,1965
761: 668,1467,217,1775,900,905
762: 1286,819,337,514
763: 1777,752,1780,184,138,1737,1872
764: 80,1087,969,1462,1039,1991,502
765: 702,1500,479,853,250,1757,1502
1954: 101,733,768,1995,1846,1870,253,625,410
767: 417,1273,1185,710,1771,1312,906
768: 101,1954,733,1995,1008,1846,389
769: 1753,998,1496,153,404,185,1964,549,810,946
770: 547,110,1875,952,682,879,497
771: 1205,1319,1037,974,822,1296,1014,887,877,78,1161
772: 125,254,1571,685,1979,864,1185,263
773: 731,166,1321,1916,660,269,700,636
774: 1089,1417,317,1547,338,816,188
775: 370,63,43
776: 894,1931,1706
777: 1490,1904,1152,1912,315,531,199,447
778: 922,1859,908,1840,1102,566
779: 1322,1680,2021,104,1046,539,585
780: 1340,1646,1399,131,380,1472
781: 920,1119,1831,68,1893,200,618,1363,527
782: 1719,815,301,2005,906,278,1798,1830
783: 1422,720,136,517,1602,2006,1203
784: 1442,1378,727,935,348
785: 922,1859,321,684,1910,1477
786: 542,2016,795,1012,79,1707,1694,88
787: 72,1128,1237,1428
788: 1477,1923,1367,698,807,1754
789: 903,120,1739,1580,1489,1146,1257,1639,1325
790: 260,499,747,264,2009,1339,48
791: 1543,235,1697,1365,1540,87,1685,1678,1022
792: 256,902,1111,759,1385,1483,995
793: 1206,1462,57,414,49,969
794: 1132,1241,812,30,1970,1927
795: 786,2016,1012,1894,259,408
796: 170,754,1722,1341,1920,1225,1797
797: 1008,167,621,912,866,236,460,1413
798: 1279,1169,808,56,1226,613,1136,743
799: 1054,1974,666,246,1190,1245,1637
800: 165,1021,1293,1609,1561,1476,1810
801: 1641,1182,1654,1043,1959,1822,724,885
802: 175,1359,1886,741,1250,332,834
803: 1783,884,579,1551,1934,1819,1572,1811
804: 1621,1611,425,728,699,1083
805: 74,739,1050,216,1616,1380,1038
806: 1474,1134,1534,1672,958,1449,147
807: 698,1981,1175,1568,1754,788,610
808: 798,56,613,596,695,437
809: 1288,910,1382,145,1157,1985
810: 706,1248,1306,946,998,769,404,85,626
811: 182,262,889,639,1013,1632,1246
812: 794,30,1970,1927,324,213,1879
813: 1560,1655,1114,452,273,1352,1883,991,1733
814: 1108,1194,1327
815: 525,782,279,1719,278,545,343,1366
816: 774,1417,1547,379,1065,1668,284,1724
817: 111,212,494,564,748,1410,1232,966
818: 626,1747,1468,1515,1517,33,633,1338,1219
819: 762,753,337,1896
820: 1948,855,2004,511,721,13,1165,359
821: 1474,453,18,1415,1745,1881,1988,896,835
822: 1205,771,1319,1037,1292,1014,648,887,877,1161
823: 476,1648,749,1386,194,150,249,1510,1596,1330
824: 1106,1652,551,471,921,1154,652,979,538,353
825: 1324,1736,1766,694,100,1448,1716,1223,1548
826: 130,734,1615,1166,1674,1516,128,548,231,1116
827: 1735,441,371,961,534,1427,1792
828: 837,692,1068,1562,1640,355,1018,1235,1937
829: 1953,1302,535,1211,303,1160,1005,581
830: 1581,299,427,430,1398,1814
831: 1442,1378,277,927,348
832: 1292,1989,1504,1721,848,711,609,91
833: 1618,620,265,968,1264,1655,1373,1974
834: 332,1408,1595,1773,1250,1972,1397,802
835: 896,1387,1134,453,821,104,649,1749,2000
836: 583,1520,306,316,291,109,705
837: 692,1068,828,1235,714,1937,87
838: 1281,529,1748,960,641,53,1020,1459
839: 54,1653,171,1763,257,1591,176,1942
840: 668,488,1467,217,1233,1965,451,318,223,150
841: 1999,1698,480,1918,1028,438
842: 1361,86,372,1607,376,1027,107,183,1234
843: 1878,1410,1876,977,111,212
2023: 0
845: 1554,1049,758,553,1001,1201,612,1010
846: 131,1592,380,1256,1317,1930,2003
847: 545,343,1222,1366,1406,1499,1891,102
848: 852,1721,633,1699,1178,711,832
849: 1839,462,945,1858,124
850: 330,1704,418,1649,1214,537,595,257
851: 59,576,510,1906,951,1386,760
852: 1721,848,1517,633,308,1219
853: 479,1374,1888,765,137,250,98,528
854: 1952,430,1847,1791,1958,1546,1581,214
855: 1948,2004,820,511,721,13,925,275,1200,1243,1425
856: 1356,1124,1951,327,1977,1430,1565,996,1289,1857
857: 1191,103,122,673,17,200,196,618
858: 608,498,1971,1108
859: 1933,1838,1471,239,1262,570
860: 1257,1183,1460,1002,915,292,1521
861: 298,1841,554,2007,1407,891,311
862: 567,51,1251,1337,1653,1849,1522,336
863: 210,493,1823,640,395,1309,1936
864: 1273,1185,772,254,1941,263
1971: 1123,581,608,858,616
866: 797,1008,167,621,236,1088,460,1063,355,1995
867: 1938,1894,445,259,378,1342,1093,1012,79
868: 1458,1334,1226,1136,743
869: 1814,755,427,1966,396,1244,1368,90,1525,207,1922
870: 1494,226,1326,744,1394,907,1523,139
871: 1307,1298,1413,1976,1034,519,2017,1195
2007: 1841,554,861,1397,1595,1437,1184
873: 112,351,931,1446,1631,1188,255,385,1924
1973: 632,916,429,76,1224,598
875: 505,363,1587,589,264,2009,737
876: 141,562,195,1271,1118,1820,719,1033,2019,1701
877: 1638,464,78,1161,771,1319,822,543,887,110
878: 277,1039,927,598,1991,938,348
879: 358,1579,1586,497,770,1875,1208,1215,680
880: 243,1744,1056,1227,1827,103,122
881: 96,1523,310,458,81,1611,728
2008: 349,1114,191,452,334,1606
2025: 3
884: 803,1783,1842,92,1572,1811,1044
885: 726,1668,932,1182,801,724,1065
886: 1045,1874,1277,199,1204
887: 1323,543,1014,648,771,822,877,464,1161
888: 1062,402,643,1120,1541,1898,358,1579
889: 1900,639,811,182,1585,341,1013
1970: 1423,1927,658,794,812,1879
891: 1687,472,950,311,1265,558,298,861
892: 1007,1573,1342,2015,1807,445
893: 1570,1867,1576,1531,21,1808,1978
894: 293,1931,776,1706,1019,1101
895: 1446,229,1519,1921,1231,701,61,1756
896: 835,1387,286,1881,1588,453,821,1895,104,1749
897: 1285,1437,507,1408,1595,1773,607,307,1155
898: 59,992,24,1249,510,1885
1976: 650,582,1872,917,1479,871,1307,1413,519
900: 1480,1961,206,761,1775,905
901: 1126,590,239,1262,1236,1058,1834
902: 256,1507,792,759,521,1438,995
903: 789,120,1739,397,260,499,533,1580,168
904: 240,433,996,1587,282,364,619,505,1759
905: 28,220,1537,900,206,405,668,761
906: 443,2005,1771,1312,417,767,782,1903,1719
907: 1464,1523,1728,412,744,870
908: 922,1859,778,1367,1102,566,1347,326,226
909: 1532,730,1458,1433
910: 1288,809,1382,145,1997,1157,1331,1252,73,1907,1009
911: 422,463,1276,1300,704,715
912: 797,167,621,325,236,917,1413
1975: 154,957,1096,1177,520,1612,1486
914: 1803,678,634,248
915: 292,1521,673,17,1002,860,1183,1191
916: 632,1973,277,598
917: 650,582,1976,325,236,621,912,1307,1413
918: 248,1335,1702,1391
919: 1456,375,382,1549,204
920: 1119,1831,781,1893,11,1524,1822,527
921: 1652,551,824,1154,652,93,1717,470
922: 1859,778,1367,908,785,1477,1347
923: 121,1675,1481,444,717,975
924: 1239,1202,1320,1591,1159,683,986
925: 13,387,689,189,1908,1425,855
926: 1040,1996,1813,159
927: 277,878,1378,831,938,455,348
928: 1381,365,1249,1583,1939,1925,1133
929: 729,1907,1021,1476,1570,1867,1659
930: 66,216,1616,1710,1726,323,299,427
931: 112,873,1623,593,385,557
932: 726,1668,885,406,1197,284,1584
933: 989,1473,1284,1212,1026,34,1808
934: 660,1019,20,978,1375,166,1321,241
935: 727,1027,107,784,27
936: 1555,1117,1627,1762,1135,993,734,1615,1166
937: 1991,938,502,1452,683,455,348
938: 937,1991,277,878,927,455,348
939: 1402,1438,995,1620,47,67,72,1128,1862
940: 1608,667,51,1251,628,722,172,967
941: 1841,1407,1470,1689,1725,109,1397
942: 742,635,1486,350,146,1177,1909,456,1061
943: 1640,1333,603,233,950,1285,1928,692,1562,1018
944: 447,1204,335,1131,627,1787,1351
945: 1839,849,1499,462,630,1852,560
946: 706,619,1248,810,524,998,769,153,19,282,482
947: 284,1724,413,1584,228,1688,599,390
948: 207,617,357,949,215,112,351,309
949: 1270,1350,1945,755,1193,1145,360,207,948,617,309
950: 891,472,298,1889,1184,1333,603,943
951: 1906,623,133,851,59,576,1386
952: 547,770,110,682,1461,1121,543,575,497
953: 1325,575,1761,1183,1639,1455
954: 406,288,1197,1187,1676,756,1071,1696
955: 141,562,1636,1735,1890,506,501
956: 628,751,722,1918,1251,480,1558
957: 1238,154,415,1096,1975,520,1486,270,314
958: 1187,1676,662,1449,1534,550,806,288
959: 439,1348,757,1643,1899,1665,654
960: 641,718,1090,143,529,1170,838
961: 371,703,157,49,534,1427,827
1996: 1040,926,1813,972,1863,1196,1151,159,2006
963: 465,587,340,77,1210,1705
1967: 652,679,1099,1658,1505,565,538
965: 1222,1327,1990,1891,329
966: 310,1782,1232,1509,458,748,817,126
967: 1691,172,1538,1608,1491,940
968: 833,265,1655,1373,285,1054,1974
969: 764,80,1087,1427,793,1462,49
970: 1723,1420,1318,1025,106,274,456,1982
1993: 1861,1929,1823,1663,1716,1673
972: 1817,1863,1196,136,1996,2006
1965: 510,1885,1233,451,217,840,318,760
974: 1205,771,1037,740,1296,1861,268,976
975: 717,1041,1826,121,923,444,132,164
976: 268,1936,1861,640,1205,1319,974
977: 62,1348,1880,212,843,1876
978: 934,1019,1706,300,1375,241
979: 538,1274,1530,353,551,471,824,1154,1042
980: 481,1729,1173,1917
981: 1310,1192,1363,1893,645,1469,345,1488
982: 32,605,335,531,1052,40,447
983: 489,459,1131,627,1787,1140,1825,1484
984: 1600,1103,1074,1444,1364,718
985: 1964,994,152,192,655,399,1104
986: 574,491,1792,1239,924,1159,1214
987: 1848,188,1969,1992,515,1597,319,1079,1774
988: 678,232,1702,248
989: 933,1473,1284,34,1531,403,1808,1723,342
990: 1301,434,1047,1472,1399,473,1243,1167
991: 1369,1741,1733,285,1545,1352,813,1655
992: 59,117,576,898,1878,1410,24,1232,510
993: 1619,224,1674,1835,1135,1117,936,734,1166
994: 185,1964,985,152,175,399,549,693
995: 521,1402,939,1438,67,759,902,792
996: 240,1565,433,904,245,449,1977,1124,327,856
997: 400,1176,129,541
998: 769,1496,153,404,524,706,619,810,946
999: 506,1601,501,187,1932,1023,1829,99
1000: 283,344,1530,1980,1274
1001: 1053,1396,1189,845,1049,553
1002: 1076,1460,860,1257,1827,1191,915,17
1003: 1228,1220,1174,1850,490,1614,1601,702,1506
1004: 25,536,440,477,1533,105
1005: 661,1160,532,1211,303,829
1006: 1322,1680,106,1434,1982,1589,1947
1007: 1245,1637,892,1573,2015
1008: 797,167,621,866,460,1298,355,101,768,1995
1009: 1907,1331,1252,73,910,1382,165,1021
1010: 1201,612,655,1104,242,1371,845,553
1011: 1483,158,1100,468,1603,504,1209
1012: 542,786,2016,795,79,867,259
1013: 1689,341,889,811,262,1632,1246
1014: 426,648,1292,1989,1296,771,1037,822,887
1015: 322,679,1833,1171,1658,484,1299
1016: 1354,580,1377,16,1035,48,499,747,1489
1017: 1985,1493,1380,145,198,1750,736
1018: 355,1235,1640,943,1928,1088,1063,828,1562
1019: 660,934,20,1101,978,894,1706
1020: 1459,1980,641,838,53
1021: 165,800,1293,929,1907,1009,1561,1476
1022: 1699,1304,1178,1543,791,1697,1685
1023: 1710,423,1726,1829,1601,999,1220
1024: 1752,555,261,1983,1544,1821
1025: 135,1318,403,1723,970,342,456
1026: 1703,377,34,592,716,1790,1261,1212,933
1027: 107,935,27,842,86,1234
1028: 1681,438,1844,841,1918,708,1558
1029: 1459,1980,1605,1852,60,283
1030: 723,1141,151,97,1617,1553,1764,391,409
1031: 1662,218,1287,540,1794,1569,1153,713
1032: 1820,186,719,1047,1539,371,703
1033: 1431,2019,1701,1526,562,876,195,1271
1034: 35,97,519,871,1307,1764,1195
1035: 1016,16,609,1426,48,747
1036: 486,10,271,1939,1314,1743,365
1037: 1205,771,974,822,1292,91,1296,1014,1161
1038: 1985,1493,1380,805,74,66,216,1966,1368,198
1039: 878,598,1224,1462,764,1991
1040: 926,1996,1813,1196,1279,1151
1041: 717,1826,975,294,1887,1805,1559
1042: 1671,979,559,353,1106,471
1043: 1455,1085,1959,1761,801,1654
1044: 1902,1144,1463,1783,884,1842,1577,1059,92,1572,1811
1045: 886,1204,1351
1046: 649,1749,1390,104,779,2021,585
1047: 1301,434,1256,990,1167,1539,1930,186,1032,703
1048: 1457,424,517,720,1926,116,1602
1049: 1670,845,1554,553,1189,1001,1853,448
1050: 216,1616,1228,423,1726,805,74,739
1051: 18,1415,1109,1745,436,1734,687,1120,500,1988,647
1052: 1912,1933,1838,1432,32,531,982
1053: 1396,1805,1189,1559,1001,1077,201
1054: 1974,666,799,246,1190,285,1545,968
1966: 396,1244,1368,90,198,1493,1038,869,1525
1056: 118,218,1153,1227,1070,1744,880
1057: 1762,1544,1163,1835,1821,1269
1058: 25,440,1542,1236,1126,901,463,1300
1059: 657,1819,92,1572,686,1811,1968,1044
1060: 529,1748,1170,190,1712,2014,1527,1179,1605
1061: 1434,456,350,742,942,635
1062: 402,888,643,1120,358,1751,1534,1871,1672,1474
1063: 1928,1088,460,606,1593,1889,1566,1640,603,866,1018
1064: 1962,1684,294,1789,1887,1535,45
1065: 379,1822,724,1668,885,1417,816,284
1066: 70,475,1389,1172,681,1067,1683,1778
1067: 132,164,681,1066,475,1389,1077
1068: 837,692,828,1562,1393,1514,1072,714
1069: 1393,1155,1582,1512,1294,1514
1070: 273,1744,118,1056,349,452
1071: 228,756,1688,1718,954,1634,1240,1696,1358,1720
1072: 1944,714,1365,1393,1068,15,1514
1073: 9,1428,408,88,2016,1237
1074: 161,1103,638,1390,539,1600,585,984
1075: 1258,1429,333,369,1199,487
1076: 1460,1153,713,1227,1002,1827
1077: 1053,1805,201,1067,132,1826,475,1389
1078: 1527,1213,525,279,1765,1454,545
1079: 319,478,1694,987,1848,1707
1080: 1714,1905,1400,509,1670,1429,163
1081: 1330,1388,1755,178,179,252
1082: 417,1273,1941,1302,1198,443,328
1083: 1647,1737,1621,804,699,1780
1084: 1479,1796,184,1624,650,1872
1085: 1043,1455,1959,292,1119,1524
2004: 1948,855,820,275,1243,1784,1167
1087: 764,80,969,1991,502,574,1239
1088: 1928,460,1063,1640,866,355,1018,1995
1089: 774,1417,317,338,1897,527,712
1090: 960,641,718,1364,1713,53,601
1091: 653,394,1952,1847,1698,1436
1092: 1884,1485,213,1800,1892,1439,725,1630
1093: 1788,615,378,1482,867,542,79
1998: 608,1447,498,616,328,1198
1095: 2020,1633,431,1353,2001,1283,600,1328,1312
1096: 1238,154,957,1975,520,1752,1809,1362,270
1097: 1393,1155,1285,507,233,692,1562
1098: 281,1558,751,722,1690,536,1542
1099: 322,1967,652,679,1717,470,1738,1154
1100: 1483,158,1011,468,1815,1111,156
1101: 1019,20,293,894,495,1400
1102: 566,744,1394,1840,1859,778,908,226
1103: 161,638,1769,1074,1225,1600,984,1444,1364
1104: 1010,655,242,1371,152,192,985
1105: 69,1711,1412,663,629,1692,518
1106: 1652,551,471,824,1042
1107: 1211,1571,230,685,1516,548,231
1108: 814,1194,858,498
1109: 1751,1051,18,296,1898,436,1734,643,1120
1110: 1693,610,1879,1800,1892,1175,665,306
1111: 1815,169,156,759,1483,1100,792
1112: 1874,1802,222,1986
1113: 323,552,99,297,1546,1164,1581,299
1114: 191,2008,452,1498,1352,1560,813
1115: 146,1177,1909,361,1801,1207
1116: 128,1828,130,826,1567,656,1664
1117: 1555,1627,1450,936,1762,1835,1135,993,1166
1118: 1317,1930,1940,1139,186,719,2019,1701,141,876,1271
1119: 920,1831,781,68,292,673,1085,618,1524
1120: 1062,402,888,643,1898,1751,1051,18,1415,1109,1672
1121: 1323,543,1812,1461,547,110,952
1979: 1571,230,1516,1882,1619,224,1138,125,772,295
1123: 661,1160,581,1865,1971
1124: 1356,856,1565,996,1289,1552,1857
1125: 516,362,28,1537,1401,1709,1686
1126: 590,901,1236,1058,463,1300,704
1127: 1864,1445,367,352,754,1341,1218,1824
1128: 787,72,1237,1862,47,1278,88,939
1129: 131,1592,1357,1340,1388,1746,1755
1988: 1760,1881,500,1588,647,687,1051,18,1415,1745,821
1131: 983,459,627,1613,605,335,944
1132: 1241,794,30,312
1133: 1878,1876,24,1939,1925,928,1249
1134: 1474,806,453,835,1449,696,147,2000
1135: 1762,1835,1555,1117,1627,936,993,1674,734,1166
1136: 613,6,743,868,798
1137: 1853,448,509,495,29,70,637
1138: 1619,224,1544,1362,1882,1979
1139: 1317,1118,1940,2003,1435,225,398,1987,252,1767
1140: 37,1787,983,627,1484,1715
1141: 723,1030,151,97,1617,1767,391
1142: 1629,485,1353,1384,635,1,1947
1143: 1849,1263,421,336,1653,171,1851,1337
1144: 144,1994,1902,1044,1730,1463,92
1145: 653,394,1935,360,1193,586,949
1146: 1489,1812,1461,789,120,1639,1325
1147: 85,1919,1512,1468,287,549,1753,404
1148: 1188,197,573,255,61,1446,1801,1370
1985: 1380,1017,1038,1157,74,691,1288,809,145
1150: 1888,1416,1424,253,694,1731,137
1151: 1279,1169,561,1226,1196,320,1040,1996
1152: 1490,777,1904,715,1874,1802,222,1277,199
1153: 1076,713,1227,1569,1662,1031,218,1056,1827
1154: 1652,551,471,921,824,652,1099,979,538,93,470
1155: 1097,1393,1069,1582,1285,507,897,607,307,1512,1514
1156: 1376,1478,302,696,1421,1769,1667,1920
1157: 1997,1915,74,691,1288,809,910,145,1985
2003: 1317,1139,1388,846,1592,1987,252
1159: 924,1591,986,491,1214,257
1160: 661,1123,1005,581,829,535
1161: 1638,877,78,1205,771,1319,1037,822,887
1987: 225,1297,179,398,252,1388,1139,2003,1435
1163: 1762,1057,1835,1821,1983,1269,1692,518,663,1450
1164: 584,1958,1546,1355,330,1113,552,297,1581
1165: 546,76,1948,820,721,57,1206
1166: 734,1615,826,1135,1117,936,993,1674
1167: 414,1784,473,1243,2004,1301,434,1047,990
1168: 1720,468,1603,228,599,390,512,156
1169: 1279,1151,798,561,1226,743
1170: 529,1060,1644,190,1712,960,143
1171: 140,602,1658,1824,1833,1015
1172: 70,1066,475,637,1389,1683,1778,1853,29
1173: 980,1729,1917,1498,1560,1311
1174: 1228,1003,1220,702,1506,1700
1175: 698,1981,807,665,610,1110
1176: 1758,129,997
1177: 146,1115,1612,1207,942,1486,1975
1178: 1699,1022,633,1266,1697,848
1179: 1527,1536,1213,190,1712,2020,431,2014,304,1060
1180: 2001,314,95,1669,1283,347,1238,154,415,485,1384
1181: 293,1931,1598,1778,495,29
1182: 1641,1208,801,305,726,885,2012
1183: 860,1257,1639,953,1325,915,292,1521,1455
1184: 1285,1437,298,554,2007,950,1333,233
1185: 1273,767,864,1732,772,254,710
1186: 1961,206,513,1403,162
1187: 1676,958,662,550,288,954,1696
1188: 1148,197,573,1344,255,1446,873,385,1924,457
1189: 1053,1001,201,70,475,1853,448,1049
1190: 1054,1974,799,265,1264,1245
1191: 1827,103,857,1002,915,673,17,618
1192: 200,2018,196,114,1363,68,1893,645,1469,345,981
1193: 1814,755,586,1145,360,207,949
1194: 814,1108,1447,498,1327,1837,642,1418
1195: 1656,1764,871,1034,108,2017
1196: 972,1863,320,561,1151,1040,1996
1197: 406,288,954,2012,174,726,932,756
1198: 301,443,1082,1998,1447,328
1199: 1441,544,487,1075,1429,1628
1200: 275,1399,1686,473,1425,362,855
1201: 612,1010,655,1495,399,845,758,407,289,1242
1202: 924,1320,1452,683,86,372
1203: 82,1794,2006,720,783,1602,1856,12
1204: 199,447,944,1045,886,1351
1205: 771,1319,1037,974,822,1296,268,976,1161
1206: 793,1224,1462,76,1165,57
1207: 457,1612,1801,197,573,1177,1115
1208: 1641,1182,1875,682,879,174,1215,680,305,2012
1209: 1864,568,1445,504,158,1011
1210: 77,183,1607,963,587
1211: 1107,685,303,231,829,1953,263,1005
1212: 1561,1284,1810,716,1609,1790,1026,933
1213: 1527,1536,1078,1179,304,525,279
1214: 330,1704,850,418,1649,986,537,491,1792,1159,1383,257
1215: 174,680,305,358,879,402,1208,1871,550
1216: 77,183,624
1217: 725,84,1343,1832
1218: 1824,1503,1833,170,754,367,1127
1219: 308,416,469,1747,818,1517,852
1220: 1228,1003,1174,1614,1601,1023,423
1221: 695,1453,401,1606,669,393,55
1222: 343,847,1366,1990,1891,102,329,965
1223: 1716,676,825,1448,1548,1673,1513
1224: 1206,1462,76,1973,1039,598
1225: 161,1103,1769,1376,1722,796,1920,1444,1557
1226: 614,561,750,868,1334,743,1169,1151,798
1227: 1076,1153,218,1056,880,1827,103
1228: 1003,1220,1174,423,1700,739,1050
1229: 1541,296,1898,1319,268,496,78
1230: 176,428,735,1508,587,340
1231: 677,357,1525,701,1519,1921,736,229,895,215
1232: 1782,966,111,748,817,1410,992,117
1233: 1885,1965,451,1583,217,840,1775
1234: 183,1027,624,27,842,1607,376
1235: 355,1018,1846,1870,837,828,1937
1236: 708,281,1058,1542,1126,901
1237: 787,1128,1278,1428,1073,88
1238: 154,957,415,1096,1809,270,314,1180
1239: 924,1087,502,683,574,986
1240: 1634,58,1696,1358,1071,1718,354
1241: 1132,794,251,1927
1242: 407,524,289,369,758,1201,1495,1258,153,482
1243: 275,473,855,2004,1301,990,1784,1167
1244: 1966,396,1368,90,1814,755,869,357,1525,617,1922
1245: 1007,1637,1974,666,799,1190
1246: 1843,1632,1265,811,1689,1013,1407,311
1247: 1699,1304,711,91,740,1929
1248: 364,706,619,810,1306,946,1759
1249: 928,1583,1878,24,1133,898,1885
1250: 291,741,1972,705,802,834
1251: 567,51,862,1522,940,480,628,956
1252: 1411,46,1331,73,98,1360,1666,1997,1502,1288,910,1009
1253: 1272,1293,1260,1309,1313,1609,64
1254: 1868,1795,1834,1599,2013,1935,1681,1945
1962: 1684,294,1064,1789,450,741,280,52,1886
1256: 1301,434,1047,1472,846,380,1930,186
1257: 860,1183,1639,789,1739,1460,1002
1258: 1075,1429,333,1554,758,407,369,1242
1259: 1845,440,105,422
1260: 1272,1253,1293,1877,208,46,165
1261: 716,1609,1790,64,1309,210,592,1026
1262: 590,901,239,704,859,1838,315
1263: 1849,1143,1522,421,336,1653,1791,1851,214
1264: 1618,833,265,1974,1190
1265: 1843,1632,1246,558,1687,891,311
1266: 33,633,1338,1944,1543,235,1697,1178
1267: 1477,1923,321,591,1955,461
1268: 669,113,393,481
1269: 1692,148,518,557,1983,1057,1163,1821
1270: 1350,234,949,2013,309,221,1443,593
1271: 141,562,876,195,1118,719,1431,1033,2019,1701,1526
1272: 1253,1293,1260,676,1877,1513,1313
1273: 1082,417,767,864,1185,1941
1274: 979,565,538,1000,1530,353
2016: 786,795,1012,1694,1073,408,88
1276: 422,911,1845,1986,715,1802
1277: 1874,222,1904,1152,199,886
1278: 478,1694,47,88,1128,1237,1862
1279: 1169,1151,798,56,1040,1813
1978: 1801,1370,893,1867,446,21,361
1281: 529,1748,838,1459
1282: 75,424,1587,589,264,1339
1283: 2001,95,1180,485,1353,1095,1633,1328
1284: 1576,1561,1476,1810,1212,933,989,1808
1285: 1437,507,1184,897,1333,233,943,1097,1155
1286: 762,42,337,1409,1492,594,1949,514
1287: 1662,1031,540,1794
1288: 809,910,1382,145,1360,1997,1915,1157,1252,1985
1289: 517,392,1552,1430,1356,1124,856,144,1994,1730,1857
1290: 1626,204,14,1728,1549,203,412
1291: 1532,730,1563,1551,657,1819,1572
1292: 832,1989,91,1296,1014,426,1037,822
1293: 1272,1253,1260,165,1021,800,1609
1294: 15,1514,1515,1393,1069,1582,1919,1512
1295: 732,13,387,511,359
1296: 91,740,1292,1014,1205,771,1037,974
1297: 225,179,398,1987,1574,180,35,723,151
1298: 871,1307,1413,1008,621,101,389,2017
1299: 1833,1015
1300: 422,911,463,704,1058,1126,590
1301: 434,1047,1256,990,1243,1784,1167,1539
1302: 829,1953,1941,535,263,1082,581,616,328
1303: 465,340,483,1866,1705,373,1404,1651,1556
1304: 1699,1247,1022,1685,1663,1929
1305: 42,1896,1770,1864,568,367,1336,1528,1372
1306: 706,1248,810,626,1747,1759,469
1307: 871,1298,1413,650,1976,917,1034,519
1952: 854,430,1847,1398,1698,394,1091
1309: 395,1313,1253,210,863,1261,64
1310: 1897,244,527,712,981,1893,345,1488
1311: 1560,1655,1373,569,1498,1729,1173,620
1312: 710,1771,600,1328,2001,1095,417,767,1903,906
1313: 395,1673,1309,1513,676,1272,1253
1314: 10,1036,271,1939,1743,513,365,503
1315: 1540,1937,1650,87,1870,466,410
1316: 546,429,359,732,526
1317: 1118,1930,1940,1139,2003,846,1592
1318: 350,135,1025,970,456
1319: 1205,771,822,268,976,496,877,78,1161,1229
1320: 924,1202,1591,123,372,54
1321: 773,731,166,241,1916,660,934,1375,700
1322: 779,1680,1006,1589,539,585,622
1323: 1121,543,887,1354,580,648,1812,1461
1324: 1736,1766,694,825,100,1682,1731,1548
1325: 953,575,1761,789,1146,1461,1183,1639
1326: 1494,182,262,870,139,388,508
1327: 642,814,1194,965
1328: 710,600,1312,2001,95,1283,2020,1095,1633,1903
1329: 1793,1740,1343,94,1832,181
1330: 1388,1746,1755,1081,823,1648,194,249,178
1331: 1411,46,1252,73,910,165,1009
1332: 83,1593,1772,646,556,738,1566
1333: 1640,603,233,943,298,554,950,1285,1437,1184,1562
1334: 1458,868,1433,614,1226,743
1335: 656,1664,65,1702,918,1391
1336: 1864,367,1503,42,1770,1305,1409,1372
1337: 567,862,1653,1763,1942,428,1849,1143
1338: 33,633,1266,15,1515,1944,818,235
1339: 589,264,75,424,1282,1926,260,790
1340: 1799,780,1646,1779,1357,1746,131,1129
1341: 170,754,796,1797,352,1950,1127
1342: 1869,378,2015,892,1938,445,867
1343: 1740,1329,1832,181,1675,1217,725,84
1344: 1188,573,385,261,1983,1924,457,555
1345: 1685,1678,356,193,1736,1766,1448
1346: 220,160,668,488,1467,1779,1799
1347: 1900,326,639,922,1367,908,566,1754
1348: 439,757,959,1880,977,212,1440
1349: 1392,1772,646,388,1768,508,1647
1350: 1270,234,949,1945,1935,360,2013
1351: 37,1787,1204,944,1045
1352: 273,1883,243,1744,1114,452,813,1369,991,1733
1353: 1629,485,1142,95,1283,1095,1633
1354: 580,1377,1016,16,747,1489,1812,1323
1355: 584,1164,595,330,418,297
1356: 1124,1951,856,1430,1730,1289
1357: 1779,690,194,1799,1340,1746,1129
1358: 1634,58,1240,1071,1718,354,1797,1950
1359: 802,152,175,1886,192,741,1371,52
1360: 250,98,1666,1997,1915,1502,1411,1252,1288
1361: 842,123,86,372,1607,1508
1362: 1809,1882,270,1752,1544,1096,224,1138
1363: 200,2018,1192,781,68,1893,645,345,981
1364: 1444,1713,1103,984,718,1090
1365: 1944,1072,714,1540,87,1543,235,791
1366: 278,545,343,847,1222,1406,279,815,1798
1367: 922,908,1477,1923,788,1754,1347
1368: 1966,396,1244,90,198,66,216,427,1380,1038,869
1369: 1741,991,1733,1352,1883,243,122,149
1370: 1801,1978,61,446,1446,1148,197
1371: 242,276,280,52,1359,192,1010,1104
1372: 1492,594,1336,1503,42,1305,1409
1373: 1311,1655,569,1729,833,620,968
1374: 479,604,853,108,119,1656,202,1888,1416
1375: 400,300,934,978,1321,241,1916
1376: 1478,1156,1769,1667,1225,1920
1377: 1354,1016,499,747,120,1489
1378: 1442,831,784,927,727,455,348
1980: 1020,1459,1029,283,1000
1380: 1985,1493,1017,1038,805,74,145,1368,198
1381: 928,365,1583,1939,503,1480,1961,1775
1382: 1288,809,910,145,729,1907,1009
1383: 595,142,588,441,1890,537,418,1649,1214
1384: 485,1142,742,635,347,1180
1385: 1483,158,568,256,1528,792
1386: 476,823,749,760,851,510,1906,951
1387: 896,835,286,453,1895,104,1749,2000,2021
1388: 1330,1746,1755,1081,1592,1129,179,1987,252,2003
1389: 70,1066,475,1172,1067,132,1077,201
1390: 649,1749,1046,2021,161,1769,1074,1667,585
1391: 1873,1335,65,918
1392: 1349,1772,1843,1632,508,558,83
1393: 1097,1155,1069,1582,692,1068,1294,1514,1072
1394: 1102,566,744,326,1494,226,870
1986: 1276,1112,1802
1396: 1053,1559,1001,242,276,553
1397: 109,1972,1841,2007,941,1595,834
1398: 1952,430,830,1814,586,394
1399: 1686,1200,473,780,1646,990,1472
1400: 1080,1714,293,509,495,20,1101
1401: 28,220,160,362,1125,1646,1686
1402: 939,1438,995,47,67,759,1862
1403: 1186,697,162
1404: 370,1651,1556,1303,1866
1951: 1356,327,856,522,1430,492
1406: 545,847,1366,630,1765,1499,102
1407: 1841,861,941,1689,1725,1246,311
1408: 332,1595,834,1773,1437,897,607
1409: 42,337,1896,1336,1372,1492,594,1286
1410: 1878,843,24,111,817,1232,992,117
1411: 46,1331,1252,98,1360,1666,1997,208
1412: 40,1105,1711,663,1613,605,1727
1413: 871,1307,1298,582,1976,917,797,621,912
1414: 1910,659,435,203,1840,1859
1415: 1751,1051,18,1745,1120,1881,1988,1474,821
1416: 1888,1150,389,119,709,253,1374,137
1417: 774,1089,317,1547,816,11,379,1065
1418: 1837,1447,498,1194
1419: 436,1734,1913,268,1936,496,592,493,296
1420: 1723,970,1760,1588,286,1895,106,274
1421: 1634,58,1676,1781,26,1478,1156,302
1422: 720,783,136,1994,517,392,1817
1423: 1955,1970,658,1693,610,1879,698
1424: 466,253,625,410,1150,356,193,1766,694
1425: 275,1200,362,189,13,925,855
1426: 609,674,737,48,2009,1035
1427: 80,969,534,703,157,961,49,827
1428: 9,1073,787,1237
1429: 1075,1258,333,163,1670,1080,1905,1628,1441,1199
1430: 1842,1577,386,492,267,522,1356,1951,856,1730,1463,1289
1431: 1033,2019,50,1701,1617,1767,1526,195,1271,490
1432: 671,629,570,1933,1052,40,1711,32
1433: 1458,1334,909,730,657,1968,614
1434: 456,1982,1061,635,1006,1947
1435: 1940,1139,225,1987,151,2019,1767
1436: 1681,438,1844,1698,653,1935,1091,1795
1437: 1285,507,1184,897,554,2007,1408,1595,1333
1438: 521,1402,939,995,1620,902,664
1439: 1535,725,1630,45,84,1092
1440: 212,494,564,654,439,1348,1635
1441: 1199,522,544,487,1429,1628,745
1442: 1378,831,784
1443: 221,593,1645,247,1270,234,309,1708
1444: 1364,1713,1557,1103,1225,984,170,1722
1445: 1209,1864,367,1127,352,504,1950
1446: 229,895,1631,215,61,873,1370,1188,1148,255
1447: 608,1998,498,328,301,1198,1837,1418,1194
1448: 1663,1345,1736,1766,825,1716,1223
1449: 958,662,1781,1534,806,1134,147,26
1450: 1555,1727,1117,518,663,1762,1163
1984: 339,1709,516,1908
1452: 937,683,107,455,1202,86
1453: 1221,695,401,437,571,669,393
1454: 630,1765,60,1527,1078,279,1605
1455: 1043,1085,1183,953,1761,292,1521
1456: 375,919,1855,1549,435
1457: 75,424,1857,1048,517,1552
1458: 868,1334,1433,909,730
1459: 1020,1029,1980,1605,1281,529,1748,838
1460: 1076,713,1002,38,1739,860,1257,1827
1461: 1146,1812,1323,1121,1325,575,547,952
1462: 793,1224,1206,1039,49,764,969
1463: 144,1044,1144,1730,1842,1577,1430
1464: 126,907,96,1523,14,1728,458
1465: 266,591,1786,563
2021: 779,1680,1387,104,1749,1046,1390,585
1467: 668,488,217,761,840,1775,451,1346,223
1468: 85,1919,1147,1515,626,1747,818,33
1469: 645,345,1475,1488,1622,1192,114,666,246,981,1869
1470: 583,1520,134,1946,1981,1725,109,941
1471: 1868,1834,239,671,570,859
1472: 434,1256,990,780,1399,473,131,380
1473: 933,989,34,1760,1723,342
1474: 806,1134,453,821,1062,1751,1415,1672
1475: 1469,345,1488,1622,244,1869,1482
1476: 1576,1561,1284,1021,800,929,1570
1477: 1267,1923,788,321,684,922,1367,785
1478: 1376,1156,302,58,1421,1797,1920
1479: 1574,180,1796,1084,1624,650,1872,1976,519
1480: 503,1961,900,1381,365,1583,1775
1481: 181,923,1675,444,454
1482: 1869,378,1475,1488,244,712,1093,615
1483: 1385,158,1100,1011,1111,568,792
1484: 1825,672,227,489,983,1140,1803,1715
1485: 1832,324,213,1892,725,1092
1486: 742,942,146,1177,1612,154,957,1975
1487: 1949,514,597
1488: 1469,345,1475,1310,244,981,1482
1489: 1146,1812,499,1354,1377,1016,789,120
1490: 777,1904,715,1152,704,1912,315
1491: 1608,373,63,1651,1556,1691,1538,967
1492: 484,1372,1642,594,1409,1286
1493: 1380,1017,1038,1966,90,198,1519,1750,736,677
1494: 226,182,262,1326,870,566,1394,639,139
1495: 1201,655,399,407,289,1242,1496,153
1496: 998,769,153,1495,399,185,1964,289
2024: 4
1498: 1114,191,55,1917,1173,1560,1311
1499: 1839,945,630,1765,847,1406,1858,102
1500: 702,1506,1818,765,202,409,479,604
1999: 214,841,1698,480,1522,336,1847,1918
1502: 1757,1997,1915,765,250,98,1360,1252
1503: 1218,1824,1833,367,1336,1372
1504: 832,1989,308,1721,609,674
1505: 602,1658,258,1967,679,565
1506: 702,1818,1500,409,1850,1003,1174
1507: 256,1528,902,753,521
1508: 1361,123,372,1607,176,1230
1509: 966,458,748,126
1510: 249,178,1624,1596,823,749,1777,1796
2002: 1555,1727,1627,1613,489,459,1615
1512: 1919,1147,307,287,1155,1069,1582,1294,1514,1515
1513: 395,1673,1313,1716,1223,676,1272
1514: 15,1294,1393,1155,1069,1068,1512,1944,1072,714
1515: 15,1294,1919,1512,1468,818,33,1338
1516: 1107,230,1979,1619,1674,826,548,231
1517: 33,633,1747,818,1219,852
1518: 1633,431,2014,1,1629,71,190
1519: 1750,374,1921,736,1493,677,1231,701,1756,895
1520: 1470,583,1946,836,316,109,705
1521: 915,292,673,860,1183,1455
1522: 1849,1263,336,1251,862,1999,480,628
1523: 881,907,1464,96,870,139,81
1524: 11,1822,724,1085,1959,920,1119
1525: 677,1231,357,1966,1244,90,755,869,617,1922
1526: 1431,1033,2019,1617,195,1271,490,1614,187
1527: 1078,1213,1179,1748,1060,1605,1454
1528: 256,1507,753,1385,568,1896,1770,1305
1977: 449,544,327,856,433,996
1530: 283,559,344,1000,353,979,1274
1531: 21,403,1808,893,989,342
1532: 1291,909,730,651,1563
1533: 219,105,1806,467,1004,477
1534: 1871,1672,550,1062,806,958,1449
1535: 1439,45,84,121,1064,1887
1536: 1213,1179,2020,304,600,525,1903
1537: 905,28,220,1709,405,339,1125
1538: 1691,967,1491,63,1651,467,43
1539: 414,1301,1047,1032,703,157
1540: 1315,1937,1650,87,1365,791,1678,356
1541: 1229,1898,1638,78,1579,1586,888,643
1542: 25,536,1058,1690,1098,281,1236
1543: 235,791,1697,1365,1266,1685,1022
1544: 1057,1835,1024,1752,1362,224,1138
1545: 1741,991,285,149,114,1054,246
1546: 1791,1958,1164,1113,1581,854,430
1547: 774,1417,816,1724,413,188,1597
1548: 1877,208,1324,825,100,1223,676
1549: 435,203,1456,919,204,1290
1550: 267,269,1628,745,700,530,1905
1551: 803,129,1934,1563,1291,1819,1572
1552: 517,1289,392,1124,1457,1857
1553: 1656,1764,202,97,1030,391,409
1554: 1670,845,1049,758,448,612,1258,333,163
1555: 1727,1117,1627,2002,1450,936,663,1762,1135
1556: 1404,370,63,1651,483,1303,1866,373,1491
1557: 1444,1713,1225,170,1722,140,746
1558: 1098,708,281,956,751,1918,1028,1844
1559: 1053,1396,1805,1041,294,276,280
1560: 813,1311,1655,1114,1498,1173
1561: 1576,1476,1284,1810,1212,1021,800,716,1609
1562: 692,1068,828,1640,1333,603,233,943,1928,1097,1018
1563: 1758,1564,129,1934,1551,1291,1532,651,1819
1564: 1758,129,1934,1563
1565: 240,996,245,1124,856,1857
1566: 738,325,236,1332,1593,460,1063,167
1567: 1825,44,672,232,130,1116,656,1664
1568: 1981,807,1754,1900,134,1585
1569: 38,688,168,12,1794,1031,1153,713
1570: 893,1867,1659,929,1576,1476
1571: 1107,230,685,1979,125,772,263
1572: 1059,1819,92,1811,803,884,1551,1291,1044
1573: 1007,892,1807,445
1574: 1479,180,1796,650,1297,35,519
1960: 695,401,56,1813
1576: 1561,1476,1284,893,1570,1808
1577: 1842,386,1430,492,1044,1730,1463
1578: 1786,383,266,684,631
1579: 358,879,1586,1638,1541,402,888
1580: 38,533,688,168,903,789,1739
1581: 299,830,1113,1546,1164,854,430
1582: 1393,1155,1069,507,607,307,287,1512,1294
1583: 928,1381,1249,1480,1885,1233,1775
1584: 284,947,726,1668,932,406,756,1688
1585: 341,1725,1981,1568,1900,889,134
1586: 358,1579,879,497,1638,464,1541
1587: 240,904,245,505,875,75,1282,589
1588: 1760,1881,500,1988,647,1723,1420,896,286,1895,274
1589: 1,1947,1322,1006,539,622,71
1961: 503,1480,900,1186,206,513,1381
1591: 924,1320,1159,54,1763,839,257
1592: 131,846,1129,1388,252,1317,2003
1593: 1332,83,606,1889,1566,1928,460,1063
1594: 1608,373,735,465,340,483,667
1595: 1408,834,1972,1397,2007,1437,897
1596: 249,1510,1624,1906,823,749,1777,752
1597: 390,1969,1992,1547,413,987,188
1598: 1604,1683,1778,1181
1599: 1795,1834,1254,1681,1844,1945
1600: 539,39,585,984,1103,1074,718,143
1601: 999,187,1614,1003,1220,1023,423
1602: 1610,116,1048,720,783,2006,1203,533,1856,12
1603: 1720,468,1168,354,1718,504,1950,1011
1604: 1598,1683,681
1605: 1459,1029,1748,1060,1527,1454,60
1606: 393,55,1221,401,334,191,2008
1607: 1361,842,1508,376,183,1210,1234
1608: 1594,373,1491,940,667,51,967
1609: 716,1261,64,1253,1293,800,1561,1810,1212
1610: 1926,397,116,1602,720,533,1856
1611: 804,425,728,881,310,1782
1612: 520,457,1207,573,1177,555,1486,1975
1613: 40,1412,605,1727,2002,459,1131
1614: 490,1526,1850,1601,187,1003,1220
1615: 130,734,826,1166,1627,2002,936,44
1616: 1050,66,216,930,1726,805
1617: 1431,2019,50,1767,1526,1141,1030,151,391,1850,490
1618: 833,620,265,1264
1619: 993,224,1674,1138,230,1516,1979
1620: 939,1438,72,664
1621: 804,728,1768,1647,1083
1622: 1469,1475,666,1637,1869,2015
1623: 221,593,1645,112,931,385,148,557
1624: 249,178,1510,1596,1777,184,1872,1479,1796,1084
2015: 1869,378,1342,1622,1007,1637,892
1626: 204,1635,14,1290,1728,346
1627: 1555,1727,1117,2002,936,1135,734,1615
1628: 1550,745,530,1905,1429,1441,1199
1629: 1142,1353,1,71,1633,431,1518
1630: 1439,725,45,1884,115,1092,89
1631: 1446,229,215,873,351,255
1632: 1843,1246,1265,508,811,262,1013,1392
1633: 2020,1095,431,2014,1518,304,1629,1353,1283,1328
1634: 58,1240,1696,1358,1421,1676,662,1781,1071
1635: 1626,14,346,654,439,494,564,1440
1636: 141,562,955,1820,371,1735,1890
1637: 1245,1007,666,799,1622,1869,2015
1638: 877,464,78,1161,1541,1579,1586,497
1639: 1257,1183,789,1739,1146,953,1325
1640: 1333,603,233,943,1928,1088,1063,692,828,1562,1018
1641: 1182,1208,801,1654,1875,682,305
1642: 484,1492,594,322,1949,597,1738
1643: 1665,757,959
1644: 622,71,190,1712,39,143,1170
1645: 221,1623,1443,593,247,148,69
1646: 1799,1340,780,1401,160,1399,1686
1647: 556,1737,1083,1768,1621,1349,1772,646
1648: 823,690,194,150,249,1330,1755
1649: 330,850,418,1214,441,537,595,1383,588
1650: 1540,1315,1937,87,466,410,1678,356,193
1651: 1404,370,63,1556,483,1303,373,1491,1538
1652: 1106,551,921,824,1154,93
1653: 171,1763,839,176,1942,1849,1143,1263,421,862,1337
1654: 1641,801,1761,682,1043
1655: 1560,813,1311,1373,991,285,833,968
1656: 1553,1764,202,1195,108,119,604,1374
2001: 95,1180,1669,1732,1283,1095,710,1328,1312
1658: 1171,602,1505,1967,1015,679
1659: 1570,1867,729,929,374,1921,1756,446
1939: 10,1036,271,1925,1314,384,1133,928,1381,365
1992: 512,1969,515,1597,987,319,1815,1774
1662: 118,1031,218,1287,540,1794,1153
1663: 1448,1304,1716,1993,1673
1664: 656,1335,1702,672,1567,232,1116
1665: 1899,1643,757,959
1666: 250,98,1360,528,100,1682,208,1411,46,1252
1667: 161,1769,696,649,1390,1376,1156,302
1668: 726,885,932,724,1065,816,284,1584
1669: 2001,314,95,1180,1732,411,710
1670: 1554,1049,448,509,1080,1429,333,163
1671: 1042,1785,559,353,1804,124
1672: 1534,1871,1062,1120,1751,1474,806
1673: 395,1513,1313,1663,1716,1223,1823,1993
1674: 1619,993,224,1135,734,826,1166,1516,548
1675: 181,121,923,1481,1343,84
1676: 1187,958,662,1781,954,1634,1696,1421
1942: 176,428,1653,1763,839,567,1337
1678: 1685,356,1345,1540,1650,791,193,1736
1953: 829,1941,1302,535,263,1211,685
1680: 1322,779,1006,2021,1895,106,104
1681: 1028,438,1844,1436,1698,653,1935,1945,1795,1254,1599
1682: 100,1731,137,1324,98,1666,528,208
1683: 1604,1598,1778,681,1066,1172
1684: 1962,1064,1789,45,89,450
1685: 1678,1345,1543,791,1697,1304,1022
1686: 1399,1200,1401,160,362,1125,1646
1687: 891,472,1265,558,83,606
1688: 228,756,1071,599,406,284,947,1584
1689: 341,1725,1013,1246,1407,941,311
1690: 577,172,751,722,1098,536,1542
1691: 577,172,1538,967,1491,467,43,477
1692: 1269,148,518,69,1105,663,1163
1693: 610,1879,1800,1110,1892,1423,213
1694: 478,1079,1278,786,2016,1707,88
2022: 8
1696: 1634,1240,954,1187,1676,756,1071
1697: 1543,235,791,633,1266,1685,1699,1022,1178
1698: 214,1999,841,1952,1847,653,1091,1681,438,1436
1699: 1304,1247,1022,1178,711,1697,848
1700: 1757,1915,702,1228,1174,739,691
1701: 1431,1033,2019,1118,1940,719,141,876,195,1271
1702: 1335,1664,672,232,988,678,918,248
1703: 1026,687,377,34,1790,1734,647
1704: 330,850,418,1214,171,257,584,421
1705: 1866,465,963,483,1303
1706: 776,894,1019,978
1707: 542,786,1788,1848,1694,1079
1708: 671,234,1868,2013,221,1443,247
1709: 28,1537,405,339,1984,516,1125
1710: 1023,423,1726,1829,323,552,99,930
1711: 40,69,1105,1412,629,1432,32
1712: 1644,190,2014,1060,1170,1179
1713: 1444,1364,1557,1090,746,602,601
1714: 1080,530,1905,1400,660,20
1715: 1803,678,634,37,1140,1484,227
1716: 1223,676,825,1448,1663,1993,1673,1513
1717: 93,470,1738,1099,597,921
1718: 228,1071,1240,1358,1720,1603,354
1719: 525,782,1903,815,1771,2005,906,278
1720: 468,1168,1603,354,228,1071,1718,599
1721: 852,848,308,711,674,832,1989,1504
1722: 170,796,1920,1225,1444,1557
1723: 970,1420,342,34,989,1473,1760,1588,1025
1724: 284,947,413,1547,816
1725: 1689,1585,341,1470,134,1407,941
1726: 1710,1023,423,323,1050,1616,930
1727: 1555,1627,2002,1450,1412,663,1613,459
1728: 1626,14,1290,412,126,907,1464
1729: 980,1173,1311,1373,569,620
1730: 144,1144,1463,1577,1430,1356,1289
1731: 100,1682,137,1150,1324,694,528
1732: 2001,314,1669,411,254,710,1185
1733: 1369,1741,991,1352,1883,813
1734: 436,1913,1419,592,296,687,1703,377,1051,18,1109
1735: 441,1890,827,371,1636,955,1792
1736: 193,1324,1766,694,825,1678,356,1345,1448
1737: 556,1647,1083,763,1780,138,707
1738: 1717,470,484,1642,322,652,679,1099,597
1739: 903,789,38,1580,1460,1257,1639
1740: 1793,1329,1343,181
1741: 1369,991,1733,285,1545,149,114
1938: 1894,445,867,259,1342
1743: 513,1036,1314
1744: 273,1070,1352,1883,243,880,1056,103
1745: 1051,18,1415,1881,500,1988,821
1746: 1330,1388,1755,1779,1357,690,194,1340,1129
1747: 626,818,1468,1306,1517,469,1219
1748: 1281,529,1060,838,1527,1459,1605
1749: 649,2000,1046,1390,896,835,1387,1895,104,2021
1750: 1519,374,1921,736,145,1493,1017,729
1751: 18,1415,1109,1062,643,1120,1672,1474
1752: 1024,555,520,1544,1096,1809,1362
1753: 769,404,185,287,549,1147
1754: 1568,807,788,1367,1347,1900
1755: 1330,1388,1746,1081,1648,194,1129,252
1756: 61,446,1519,374,1921,701,1867,1659,895
1757: 1997,1915,1700,1502,702,765,691
1758: 1176,1564,129,1934,1563,651
1759: 505,363,364,1248,1306,904,469
1760: 1881,500,1988,1588,647,34,1473,1723,1420
1761: 953,1325,575,547,682,1043,1455,1654
1762: 1057,1163,1835,1135,1555,1117,1450,936
1763: 54,1653,171,839,1591,123,176,1942,428,1337
1764: 1553,1656,202,1195,1034,97,1030,108
1765: 630,1963,1454,60,1078,279,545,1406,1499
1766: 193,1324,1736,694,825,1424,356,1345,1448
1767: 1431,2019,50,1617,225,1940,1139,1435,1141,151
1768: 139,388,81,1621,728,508,1349,1647
1769: 161,1103,638,1667,1225,1390,1376,1156
1770: 42,337,1896,1305,568,1336,1528,753
1771: 600,1312,417,767,1903,1719,906
1772: 1392,1349,646,508,558,556,1647,1332,83
1773: 332,1408,834,897,607,307,693
1774: 1815,67,169,987,1992,515,319,238
1775: 1467,217,761,1381,1583,1480,900,1233,451
2014: 2020,1633,431,1518,304,190,1712,1060,1179
1777: 752,763,1780,184,749,1510,1624,1596,1872
1778: 1598,1683,1066,637,1172,1181,29
1779: 1357,690,194,223,488,1346,1799,1340,1746
1780: 1777,752,763,623,699,1737,1083
1781: 1676,662,1449,26,1634,58,1421,302
1782: 310,1232,966,117,1611,425
1783: 803,884,579,731,636,1842,386,1044
1784: 57,414,1167,1243,1948,2004,1301
1785: 559,344,560,462,1671,1804,124
1786: 1578,1465,266
1787: 37,1140,1351,944,983,627
1788: 1093,615,1848,2,542,79,1707
1789: 1962,1684,294,1064,1887,450,280
1790: 716,1261,210,592,1212,1913,1026,1703,377
1791: 584,1958,1851,1546,1263,336,854,1847,214
1792: 574,986,537,491,80,534,1735,441,827,1214
1793: 1740,1329,312,94
1794: 82,540,1203,1569,688,12,1662,1031,1287,713
1795: 1834,1254,1599,1935,1681,1844,1436,1945
1796: 1479,1574,180,1084,184,178,1510,1624,650,179
1797: 352,1950,58,1358,1478,796,1341
1798: 1837,642,1990,1830,782,278,343,1366
1799: 1340,1646,160,1346,1779,1357
1800: 1693,1110,1892,665,306,1884,1092
1801: 1370,1978,446,361,1148,197,1115,1207
1802: 1112,1874,222,1276,1986,1904,715,1152
1803: 914,1715,678,634,1484,227,232,248
1804: 124,1785,1671
1805: 1053,1559,1077,201,132,1041,1826
1806: 467,43,219,1533
1807: 892,1573,445
1808: 1531,1576,1284,893,933,989
1809: 1362,1882,270,1752,1238,1096,295
1810: 1561,1284,1212,800,716,1609
1811: 1059,1819,92,1572,686,803,884,1044
1812: 1489,1146,1461,1354,580,1323,1121
1813: 1040,926,1996,1279,56,1960
1814: 755,1193,869,586,830,427,1398,396,1244
1815: 1111,169,156,1774,512,1992,515,1100
1990: 642,1798,278,343,1222,1891,329,965
1817: 41,972,1863,1994,392,1422,136
1818: 702,1506,1500,202,409,1850
1819: 657,1059,1572,1811,1968,1563,803,1551,1291
1820: 1032,719,371,703,141,876,1636
1821: 1057,1163,261,1983,1269,1024
1822: 11,1524,379,724,1065,1959,801,920
1823: 1861,1929,1993,640,395,1673,863
1824: 1218,1503,1833,170,754,1127,140,1171
1825: 1484,44,672,1567,227,489,983
1826: 717,1041,975,132,164,1805,1077
1827: 1191,103,1076,1460,1153,1227,1002,880
1828: 128,303,231,1116,656,65,532
1829: 1710,1023,999,142,1932,99
1830: 1837,642,1798,782,301,2005,278
1831: 920,1119,781,68,292,673,17,200,618
1832: 1485,94,324,1329,1343,1217,725
1833: 1218,1824,1503,140,1171,1299,1015
1834: 1868,1795,1254,1599,1471,1844,901,239
1835: 1762,1057,1544,1163,1135,1117,993,224
1983: 385,261,1924,1344,1269,557,1024,1163,1821
1837: 642,1798,1830,1418,301,2005,1447,1194
1838: 859,1912,1933,1052,315,1262
1839: 849,1499,462,945,630,1858,124
1840: 435,203,1414,1910,1859,778,1102,412,744
1841: 554,861,2007,1407,941,109,1397
1842: 1577,386,1430,636,1783,884,1044,1463
1843: 1632,1246,1265,508,558,262,1392
1844: 1681,1028,438,1436,708,1558,1795,1834,1599
1845: 1259,422,1276
1846: 355,1235,1870,1954,768,1995,1937,625,410
1847: 1952,854,1791,214,1999,1698,1091
1848: 987,2,188,1788,1707,319,1079
1849: 1143,1522,1263,336,1653,862,1337
1850: 391,409,1617,490,1614,1506,1818,1003
1851: 584,1791,1958,1143,1263,421,336
1852: 630,60,1029,283,560,462,945
1853: 448,1137,70,475,637,1172,1189,201,1049
1972: 109,1397,705,291,1250,1595,834
1855: 383,1456,659,435
1856: 533,688,168,12,1610,1602,1203
1857: 75,1457,424,1124,856,1565,245,517,1289,1552
1858: 1891,102,1839,849,1499
1859: 922,778,908,785,1414,1910,1840,1102
1958: 584,1791,1851,1546,1164,854
1861: 1929,1823,1993,640,740,974,976
1862: 72,1128,47,1278,67,1402,939
1863: 1817,41,972,1196,578,320,1996
1864: 1209,568,1445,367,1127,1336,1305
1865: 1873,661,1123
1866: 1705,465,483,1303,1404,1556
1867: 893,1570,1659,929,1756,446,1978
1868: 1834,1254,1471,2013,671,570,1708
1869: 378,1342,2015,1482,1469,1475,1622,1637
1870: 1846,1235,1954,1315,1937,410
1871: 1534,1672,550,358,1062,402,1215
1872: 650,582,1976,1777,763,184,138,1624,1479,1084
1873: 1865,1391,65,661,532
1874: 1112,1802,222,1277,1152,886
1875: 547,770,110,682,879,497,1641,1208,680
1876: 1878,843,1133,977,62,1925
1877: 208,1548,100,676,46,1272,1260
1878: 843,1410,1876,24,1133,111,1249,992
1879: 1693,610,1110,1892,812,1423,1970,213
1880: 1348,757,977,62
1881: 1760,500,1988,1588,647,1415,1745,821,896,286
1882: 1809,1362,270,1138,125,295,1979
1883: 273,1352,243,1744,452,122,813,1369,1733
1884: 306,316,115,1092,1800,1892,1630
1885: 510,1233,1965,24,1249,1583,898
1886: 802,1359,192,1962,450,741,280,52
1887: 294,1064,1789,121,1535,717,1041
1888: 1150,1416,119,479,1374,853,137,528
1889: 606,1593,472,950,603,1928,1063
1890: 1735,441,1636,955,501,1383,142,588
1891: 1858,102,329,847,1222,1990,965
1892: 1693,1879,1800,1110,1485,324,213,1884,1092
1893: 920,781,68,1192,1363,1310,527,981
1894: 1938,867,259,795,408
1895: 106,274,104,1588,1420,896,1387,286,1749,1680
1896: 42,337,1770,1305,1409,1528,753,819
1897: 1310,244,527,712,1089,338
1898: 1229,1541,296,436,888,643,1120,1109
1899: 382,1665,346,654,959
1900: 1347,326,889,639,1568,1754,1585
1955: 1423,658,237,461,1267,1923
1902: 1994,1044,1144,92,686,41,578
1903: 525,1719,2020,1771,600,1328,1312,1536,906
1904: 1490,777,715,1152,1802,222,1277
1905: 1080,1714,530,1429,163,1550,1628
1906: 623,951,133,851,476,749,1386,752,1596
1907: 729,929,1009,910,1382,145,1021
1908: 516,189,1984,925,689
1909: 146,1115,361,350,135,942
1910: 1414,631,659,684,1840,1859,785
1944: 1072,714,1365,15,1514,1266,1338,235
1912: 1933,1052,1838,315,1490,777,531
1913: 436,1734,1419,210,592,493,1790,296,377
2019: 1431,1033,50,1701,1617,1767,1526,1118,1940,1435,876,195,1271
1915: 1757,1997,1700,1157,1502,1360,691,1288
1916: 773,731,1321,241,400,1375,541,579
1917: 113,393,55,191,1498,980,481,1173
1918: 956,751,1999,841,480,1028,1558
1919: 85,1147,1512,1468,287,15,1294,1515
1920: 1722,796,1376,1478,1156,1225
1921: 1519,1750,374,736,677,1231,701,1659,61,1756,229,895
1922: 207,617,1244,755,869,357,1525
1923: 1477,1267,788,321,1955,1367,698
1924: 385,261,1983,873,1188,1344,255
1925: 271,1939,62,384,1876,1133,928
1926: 1610,397,116,424,1048,1339,260,533
1927: 1970,658,237,251,1241,794,812
1928: 1088,1063,1593,1889,1640,603,943,1562,1018
1929: 1861,1823,1993,1304,1247,740
1930: 1317,1118,846,1047,1256,186,719
1931: 293,894,1181,776
1932: 142,588,501,999,1829,99
1933: 859,1912,1052,1838,1432,570,32
1934: 1758,1564,129,541,1563,803,579,1551
1935: 653,1145,360,1681,1436,1350,1945,1795,1254
1936: 268,976,496,640,863,493,1419
1937: 1540,1315,1650,87,837,828,1846,1235,1870,714,410