0: 2023
1: 1589,1947,1629,1142,71,1518
2: 987,1848,188,712,338,1788,615
3: 2025
4: 2024
5: 
6: 613,1136,596
1930: 1317,1118,846,1047,1256,186,719
8: 2022
9: 1428,1073,408
1929: 1861,1823,1993,1247,1304,740
11: 1524,379,1822,724,1065,920,527,1417,317
12: 1856,533,688,168,1610,1602,82,1794,1203,1569
13: 387,925,189,1425,1295,855,820,511
14: 1626,1635,1290,494,126,1464,1728
15: 1294,1514,1515,1919,1944,1072,1338
16: 1354,580,1016,1035,609,1989,426,648
17: 915,292,1521,673,1002,1191,857,618,1831
18: 1751,1051,1415,1109,1745,1734,687,1120,1988,1474,821
19: 449,282,482,524,946,619,433,364
20: 660,934,1019,1101,1714,1400
1910: 1414,631,659,684,1840,1859,785
1994: 144,1902,1144,1289,392,1817,41,1422
1997: 1757,1915,1157,1360,1502,1411,1252,1288,910
24: 1878,1133,1410,1249,992,898,1885
25: 1004,536,440,1058,1542,463
26: 696,147,662,1781,1449,1421,302
27: 624,1027,935,1234
28: 905,220,1537,1401,160,1709,1125
29: 1137,495,1778,637,1172,293,1181
30: 1132,794,312,324,94,812
1989: 1292,832,1504,1721,609,91,16,1014,426
32: 605,982,1432,1933,1052,40,1711
33: 1338,633,1517,1515,1468,818,1266
34: 1026,1703,647,933,1473,1760,1723
35: 1034,97,519,1574,1297,723
1946: 1470,583,1520,134,665,1981,1175,306
37: 1787,1140,1484,634,1715
38: 533,688,1580,168,1460,713,1569,1739
39: 539,1600,143,1644,622,1170
40: 1613,1711,1412,32,605,982,1727
41: 1817,1863,578,686,1994,1902
42: 337,1896,1770,1305,1409,1336,1372,1286
43: 1806,467,775,1651,63,1691,1538
44: 1825,672,1567,489,130,734,1615
45: 1439,1535,115,1630,1684,1064,89,450
46: 1411,1331,1666,1877,208,1260,165
47: 478,238,67,1128,1862,1278,1402,939
48: 609,1426,737,2009,790,1016,1035,747
49: 1427,157,414,793,1462,969
1924: 385,1188,1344
51: 567,667,1251,940,862,1608,628
52: 276,1371,280,1962,450,1359,1886,192
53: 258,601,1020,641,1090,838
54: 1763,839,1320,1591,123,372,176
55: 1606,113,393,1917,1221,191,481,1498
56: 1279,798,808,1813,1960,695
57: 414,1784,1948,1165,793,1206
58: 1634,1240,1696,1421,1781,1478,302,1797,1358
59: 851,992,117,576,898,510
60: 630,1765,1454,1605,1029,1852
61: 1756,446,1921,1446,229,895,1370,1148
62: 977,1925,384,1880,1876
63: 1404,1556,1651,43,775
64: 716,1609,1261,1309,1253,210
65: 656,1391,1828,532,1873
66: 930,216,1616,1038,427,396,1368
67: 169,1774,759,238,47,1862,1402,939,995
68: 1119,1831,781,1893,200,1192,196,1363,618,981
69: 1105,1711,1645,247,629,1692,148
70: 1066,475,637,1172,1189,201,1853
71: 1644,622,190,1589,1,1629,2014,1518
72: 787,1128,1862,939,1620
1922: 755,869,1244,357,1525,207,617
74: 805,739,691,1038,1700,1157,216,1050,1985,1380
75: 1457,424,1282,1857,1565,1587,245,589,1339
76: 546,429,1165,1973,1224,1206
77: 1216,183,1210,963,587
78: 1638,877,464,1161,771,1319,1229,1541
79: 542,786,1012,378,1093,1788,867,259
80: 1087,969,534,1427,574,1792
81: 139,1768,1523,96,881,728
82: 159,1794,1203,2006,12,540
83: 1332,1593,1392,1772,1687,558,606
84: 1439,1535,725,1832,1343,181,121,1675
85: 1919,1147,404,810,626,1468
86: 1361,842,372,1452,1027,107,1202
87: 1540,1315,1937,1650,837,714,1365,791
88: 1073,786,2016,1694,1128,1237,1278
89: 291,450,45,316,115,1684,836
90: 1966,1244,1368,198,1493,869,736,677,357,1525
91: 740,1296,1247,711,1292,832,1989,1037
92: 1059,1968,1572,686,884,1902,1044,1144
93: 1717,470,1154,1652,551,921
94: 324,1832,312,30,1793,1329
95: 2001,314,1180,1669,485,1353,1283,1328
96: 126,1523,1464,310,458,881,81
97: 35,1034,723,1141,1030,1553,1764
98: 250,1360,1502,853,1682,528,208,1411,1252,1666
99: 595,142,999,1710,1829,552,297
100: 1682,1731,1324,694,825,1877,208,1548,1666
101: 1954,733,768,1995,1008,621,1298,389,2017
102: 1891,847,1222,1858
103: 1827,1191,857,1227,243,880,122
104: 1895,106,896,1387,286,1749,1046,2021,779,1680
105: 1533,1004,440,422,1259
106: 1895,274,104,970,286,1982,1680,1006
107: 727,1027,935,348,1452,455,842,86
108: 389,2017,119,709,1656,1764,1195,1374
109: 1972,1397,705,836,1470,583,1520,941,1841
110: 547,770,952,1121,543,877,464,497
111: 212,564,817,1878,843,1410,1232
112: 873,351,931,309,215,948,1623,1443,593,385
113: 1268,1606,669,393,55,1917,481
114: 645,1469,1741,2018,1192,149,1545,246
115: 306,1884,316,1630,45,1684,291,89
116: 1610,1926,1602,1048,517,424,720
117: 59,992,576,1410,1782,1232
118: 1662,1056,218,540,1070
119: 389,108,2017,709,1656,253,1888,1416,1374
120: 903,789,499,1377,1489,1146
121: 923,1675,84,1535,717,975,1887
122: 196,149,1883,243,880,103,857,1369
123: 1361,372,1320,54,1763,176,1508
124: 1839,849,462,1785,1671,1804
125: 772,411,254,1882,270,1979,295,1571,230
126: 1464,96,1728,14,494,966,458,748
1945: 1350,949,2013,653,1935,360,1681,1599,1795,1254
128: 231,303,1828,1116,826,548
129: 1758,1176,541,997,1934
130: 734,1116,826,1615,44,1567
131: 846,1592,380,1129,1340,780
132: 1067,164,1826,975,475,1805,1077
133: 1906,623,951,699,576,804,425
134: 1470,1946,1981,1568,1585,341,1725,941
135: 350,1318,1025,403,361,342,1909,456
136: 1422,783,1817,972,2006
137: 1888,1150,1416,853,694,1682,1731,528
138: 582,1872,1737,763,707,325
139: 388,81,1768,1523,870,1326
140: 1171,602,746,170,1557,1824,1833
141: 562,1271,1636,195,955,876,1118,1820,719,1033,1701,371
142: 595,1383,99,588,501,999,1649,297
143: 1600,39,1644,960,718,529,1170
144: 1994,1144,1730,1463,1289,392
145: 1288,809,1382,1017,729,1907,1750
146: 1177,1486,1909,1115,350,942
147: 696,26,1667,806,1134,1449,649,2000
148: 1269,1692,518,1623,1645,247,557,1105,69
149: 2018,196,122,1369,1741,1545,114
150: 318,476,823,690,194,223,1648
151: 723,1141,1767,1030,225,1297,398,1435,1617
152: 802,175,1359,192,1104,985,994,693
153: 998,769,1496,524,289,1242,1495,946
154: 1238,957,415,1096,1486,1975,742,347,1180
1991: 937,938,502,878
156: 1815,1111,512,515,468,1168,1100
157: 1427,703,961,49,414,1539
158: 1385,1483,1100,1011,1209,568
159: 82,1794,2006,926,1996,540
160: 28,220,1401,1346,1799,1646,1686
161: 1103,1769,1074,1225,1667,1390,585
162: 697,405,339,1403,1186,206
163: 1429,333,509,1670,1554,1080,1905
164: 132,454,444,1826,975
165: 1021,800,1009,46,1331,1293,1260
166: 773,731,1321,241,660,934,700
167: 797,1008,621,912,866,1566,236,460
168: 1856,38,533,688,1580,12,1610,903,1569
169: 1815,67,1111,1774,759,515,238
170: 754,1722,796,1920,1444,1557,1824,140
171: 1653,1763,839,257,1704,421,1143
172: 577,1691,1690,1538,940,967,722
2005: 301,443,417,782,1719,906,278,1830,1837
174: 1215,680,305,1208,550,288,1197,2012
175: 802,152,1359,332,1773,994,693
176: 1942,1230,428,1508,123,54,1653,1763,839
2009: 589,264,875,1426,737,48,790,747
178: 249,1510,1624,1330,1081,1796,179
179: 1297,398,1987,252,178,1388,1081,180,1796
180: 1479,1574,1796,1297,179,398
181: 1675,1481,1740,1329,1343,84
182: 1494,226,262,1326,811,326,889,639
183: 1216,77,624,1361,842,1607,1210,1234
184: 1777,763,1624,1596,650,1872,1796,1084
185: 769,1496,1753,399,1964,994,549,404
186: 1032,719,434,1047,1256,1539,1930
187: 1601,501,999,1526,506,195,490,1614
188: 987,1848,2,774,1547,338,1597
189: 516,362,1908,1425,13,925,855
190: 1644,71,1712,431,2014,1518,1060,1170,1179
191: 1114,2008,1606,393,55,1917,1498
192: 152,1359,1886,1371,52,1104,985,994
193: 1736,1766,694,1650,1424,466,1678,356,1345
194: 1779,1357,690,223,1648,150,249,1330,1388,1746,1755
195: 141,562,506,1271,876,1431,1033,2019,1526,1701,187
196: 200,2018,1192,618,149,122,857,68
197: 1188,1148,573,1207,1801,1370
198: 1966,1368,90,1038,1493,1380,1017,736
199: 1204,886,531,777,1904,1152,1277,447
200: 2018,1192,196,1363,618,857,1831,781,68
201: 1053,1805,1189,1077,70,475,1853
202: 1553,1656,1764,409,479,604,1374,1818,1500
203: 1549,435,1840,1414,1290,412
204: 1626,1290,919,382,346,1549
1940: 1317,1118,1139,1435,1767,1033,2019,1701
206: 1961,900,1186,405,162,905
207: 948,617,755,1193,869,1922,949
208: 1877,1548,100,1682,98,1411,46,1666,1260
1968: 657,1059,686,92,1433,614,750,578
210: 863,592,493,1309,1790,1261,64,1913
2017: 389,108,119,709,871,1298,101,733,1195
212: 111,564,1440,817,439,1348,977,843
213: 1693,1879,1970,324,1892,812,1092
214: 1999,1698,1791,1263,336,854,1847
215: 1231,357,948,617,229,1631,112,351
216: 930,66,1616,1050,805,74,1038,1368
217: 668,1467,761,840,1775,1233,1965,451
218: 1662,118,1056,540,1153,1569,1227,880
219: 1806,467,477,1533
220: 905,28,1537,1401,160,1346,668,488
221: 1623,1443,593,1645,247,1708,1270,234,309
222: 1904,715,1152,1277,1802,1112,1874
223: 1779,690,194,451,488,1467,840,318,150
224: 1619,993,1674,1544,1135,1835,1362,1138
225: 1297,398,1987,1139,1435,151,1767
226: 1494,870,182,908,1102,1394,566,326,639
227: 1825,232,672,1484,1803,1715,678
228: 756,1688,1071,1718,947,599,1720,1168,1603
229: 1446,895,1631,1921,677,1231,357,701,215,61,351
230: 1107,1571,685,1979,1619,1516,125
231: 128,303,1828,1516,826,548,1211,1107
232: 672,1567,227,1803,678,1664,1702,248
233: 1640,1333,603,943,1285,507,1097,692,1562
234: 1270,1350,2013,309,221,1443,593,247,1708
235: 1543,791,1697,1266,1944,1365,1338
236: 738,707,325,1566,917,460,797,167,621,912,866
237: 1955,1927,658,461,563,251
238: 319,478,47,1815,67,169,1774
239: 590,901,1262,1471,1834,859,315
240: 1565,433,904,996,1587,245,505
241: 166,1321,1916,1375,660,934,978
242: 276,1371,280,1396,1010,655,553,1104
243: 273,1352,1883,1744,880,103,1369,122
244: 1310,712,981,1475,1488,1482,615
245: 240,1565,996,1587,75,1857
246: 1054,1545,666,799,645,1469,114
247: 221,1443,593,1645,1708,234,671,629,148,69
248: 918,232,914,1803,678,1702
249: 178,1510,1624,1596,823,194,1648,1330,1081
250: 98,1360,1502,479,853,765,528
251: 563,1241,1927,237
252: 179,398,1987,2003,1139,1388,1755,1081,1592
253: 1424,625,1954,733,389,119,709,1150,1416
254: 125,772,411,295,1669,1732,864,1185
255: 1446,1631,873,1188,1148,573
256: 1507,1528,902,753,792,1385
257: 171,839,1159,1591,1704,850,1214
258: 53,601,1505,602,565
259: 1938,1894,867,795,1012,79
260: 499,790,1339,1610,1926,397,747,903
261: 385,1983,1188,1344,1024,555,1821
262: 1494,182,1326,811,639,388,1843,1632,508
263: 1953,1941,1302,772,1211,1571,685,864
264: 589,2009,1339,875,1282,790
265: 1618,833,620,968,1974,1190,1264
266: 321,1465,591,684,1578,1786
267: 1550,269,745,636,522,386,1430,492
268: 1936,976,1205,1319,974,1419,1229,496
269: 1550,267,745,700,636,773,386
270: 1809,1362,1882,295,1238,957,415,1096,314,125,411
271: 486,1036,1925,384,1314,365,1939
1974: 1054,799,1190,285,833,265,968,1264
273: 1070,1352,1883,243,1744,349,452,813
274: 1895,106,1588,970,1420,286,1982
275: 1399,1200,473,1243,1425,855,2004
276: 242,1371,280,52,294,1396,1559
277: 598,878,927,916,831,938,348
278: 343,1366,1990,782,815,1719,2005,1830,1798
279: 1078,1213,525,815,1765,1454,545
280: 242,276,1371,52,1962,294,1789,1559,1886
281: 1098,708,1558,1236,751,1028,1542
282: 19,449,946,619,1248,433,904,364
283: 344,1000,1530,560,1029,1980,1852
284: 1724,947,1584,1065,1668,932,816,1688
285: 1054,1545,1974,1655,1741,991,968
286: 896,1387,1881,1588,1420,1895,106,274,104
287: 307,549,1582,1753,1919,1147,1512
288: 1197,954,2012,174,305,550,726,1187
289: 407,524,369,1242,1495,1201,399,1496,153
1969: 390,512,1992,515,1597,413,987
291: 89,450,741,316,115,1972,705,836,1250
292: 915,1521,673,17,860,1183,1085,1455,1119,1831
293: 894,1931,1181,29,495,1101,1400
294: 1962,1064,1789,1887,1041,1559,276,280
295: 1809,1882,270,1979,314,125,411,254
296: 1229,496,1419,436,1734,1913,1898,1109
297: 1113,552,595,142,99,418,1355,1164
298: 554,861,891,1184,1333,950
299: 1581,830,427,323,1113,552,930
300: 400,978,1375
301: 1198,443,2005,1447,1830,1837,1194
302: 1376,1478,1156,1781,696,26,1667,58,1421
303: 128,231,1828,532,1211,829,1005
304: 2020,1633,431,2014,1536,1213,1179
305: 174,1215,680,1182,1208,726,288,2012
306: 1884,316,115,1800,583,1946,665
307: 607,287,693,549,1773,1155,1582,1512
308: 416,1219,1517,852,1721,674,1504
309: 112,351,948,1270,234,949,221,1443,593
310: 1782,966,458,881,96,1611,425,728
311: 861,1407,1689,1246,1265,1687,891
312: 1132,30,1793,94
2020: 1095,1633,431,2014,304,600,1328,1536,1179,1903
314: 95,1180,1669,1732,1238,957,415,270,295,411
315: 859,1933,1838,590,239,1262,704,1490,777
316: 306,1884,115,583,1520,291,89,836
317: 774,1417,1547,11,379,527,1089
318: 476,150,760,1965,451,840,223
319: 478,1079,238,987,1848,1992,515,1774
320: 1863,1196,578,561,750,1151,1040
321: 266,591,684,1477,1267,1923,785
322: 1015,679,1099,484,1642,1492,597,470,1738
323: 1113,552,1710,1726,1829,930,299
324: 94,1832,1892,812,30,213
325: 738,707,236,1566,582,138,917,912
326: 639,1347,778,908,1394,566,226,182
327: 1951,856,522,544,1977,996
328: 608,1998,616,1447,1082,1941,1302,535,1198
1923: 1477,1267,788,321,1955,698
330: 1704,850,418,1214,1649,1355,595,584,1164,421
1959: 1043,1654,1085,801,1524,1822,724
332: 1408,1773,834,1250,802,175,1359,693
333: 1075,1258,1429,163,1670,1554,758
334: 401,1606,349,2008
335: 605,982,447,531,944,627,1131
336: 1849,1143,1522,1263,862,1791,214,1999
337: 42,1896,1770,1409,762,1286,819
338: 774,712,1089,615,2,188
339: 697,405,162,1984,1537,1709
340: 465,963,587,1705,1230,735,1594,483
341: 1689,1585,1725,1013,1900,889,134
342: 1723,970,989,1473,1531,403,135,1025
343: 278,545,1366,1222,1990,815,1798,847
344: 283,1785,559,1000,1530,560,462
345: 645,1469,1475,1488,2018,1192,1363,981
346: 382,1899,654,1626,204,1635
347: 742,1384,154,415,485,1180
348: 727,107,277,878,927,1378,831,784,937,938,455
349: 2008,452,334,273,1070
350: 135,1318,146,1909,456,1061,942
351: 112,873,931,309,215,948,229,1631
352: 1797,1950,504,1341,754,1445,1127
353: 979,1274,824,559,1530,1106,551,471,1042
354: 1720,1603,1718,1240,1950,504,1358
355: 1018,1846,1235,1088,1008,866,828,1995
356: 1678,1345,1540,1650,1424,466,193,1736,1766
357: 677,1231,1525,701,215,1244,90,1922,948,617,229
358: 1579,879,1586,402,888,643,1062,1215,680,1871
359: 546,1316,732,1295,820,511,721
360: 653,1145,1935,1193,586,1350,949,1945
361: 1531,1978,403,1801,1115,135,1909
362: 516,1125,189,1425,1401,1686,1200
363: 505,1759,416,469,875,737
364: 505,1759,19,282,619,1248,433,904
365: 928,1381,1939,271,1036,1314,503,1480
1964: 399,985,994,655,549,185,769,1496
367: 1864,1445,1127,1336,1218,1503,1305
1948: 855,2004,820,721,1243,1165,57,1784
369: 524,289,1242,1075,1258,487,449,482
1916: 773,731,1321,241,1375,400,541
371: 1890,827,1820,703,961,141,1636,955
372: 1361,842,123,86,1202,1320,54,1508
1913: 436,1734,377,210,592,493,1419,1790,496,296
374: 1519,1750,1921,736,729,701,1659,1756,895
375: 1456,919,382
1928: 1640,603,943,472,1889,1593,1063,1088,1562,1018
377: 436,1734,1913,592,1790,1026,687,1703
378: 1869,1342,1482,1093,867,79
379: 11,1524,1822,724,1065,816,1417,317
380: 131,846,780,434,1256,990,1472
1947: 1589,1,1434,635,1006,1142
382: 1899,346,375,919,204
383: 1855,1578,631,659
384: 62,1925,486,271,1939
385: 261,1983,1924,557,112,873,931,1188,1344
386: 1842,1577,1430,492,267,269,636,1783
387: 13,925,689,1295,511
388: 139,1768,262,1326,508,1349
389: 108,2017,119,709,1298,101,733,768,253,1416
390: 512,1969,515,599,1597,947,413,1168
391: 409,1850,1141,1030,1617,1553,490
392: 517,1289,1552,144,1994,1817,1422
393: 1268,1606,669,113,55,1917,1221,1453,191
394: 653,1145,1398,1952,1091,586
395: 1673,1309,1513,1313,1823,640,863
396: 1966,1244,1368,66,427,1814,755,869
397: 1610,1926,260,499,533,903
398: 225,1297,179,1987,252,1139,180,151
399: 1964,985,994,1201,655,289,1495,185,769,1496
400: 300,997,1916,1375,541
401: 1960,1221,695,1453,334,1606
402: 888,643,1120,1062,358,1579,1215,1534,1871,1672
403: 1531,361,989,342,135,1025
404: 85,1147,185,998,769,1753,810,626
405: 162,339,206,905,1537,1709
406: 1197,954,726,932,1584,756,1688
407: 289,1242,1495,1201,612,655,758,1258
408: 9,1073,1894,2016,795
409: 391,1850,1030,1553,202,1506,1818,1500
410: 1424,466,625,1846,1870,1954,1315,1937,1650
411: 125,254,270,295,314,1669,1732
412: 1102,744,203,1840,1290,907,1728
413: 1724,947,1547,390,1969,599,1597
414: 57,1784,1539,1301,1167,793,157,49
415: 1238,154,957,347,270,314,1180
416: 308,469,1219,363,674,737
417: 1082,1273,767,1771,1312,906,443,2005
418: 330,1704,850,1214,1649,1355,537,595,1383,297
1981: 1175,1568,807,1754,1470,134,1946,665,1585
2006: 159,82,1203,972,136,783,1602,1996
421: 584,1851,330,1704,1653,171,1143,1263
422: 911,463,1276,1300,440,105,1259
423: 1710,1023,1726,1601,1228,1220,1050
424: 75,1457,1282,517,1339,720,1610,1926,116,1048
425: 1611,804,310,1782,576,133,699
426: 1014,648,1292,1989,580,16
427: 299,830,930,66,396,1368,1814,869
428: 176,1942,1230,735,1763,1337,567,667
429: 546,1316,76,1973,632,526
430: 1952,854,1546,1581,830,1398
431: 2020,1095,1633,2014,1518,304,190,1179
2013: 1270,1350,234,1945,1868,1254,1708
433: 240,904,996,19,449,282,1977,364
434: 1301,1047,1256,990,1472,1167,473,380,186
435: 1549,203,1840,1855,1456,1414,659
436: 1734,1913,377,493,1419,496,296,1898,1051,1109
437: 695,1453,808,596,571
438: 1681,1028,1844,1436,841,1698,1918
439: 1348,757,959,654,1635,212,1440
440: 1004,25,1058,105,422,463,1259
441: 1735,1890,827,588,537,491,1792,1383,1214,1649
1995: 101,1954,768,1088,1008,866,355,1846,1235
443: 301,1198,2005,1082,417,906,1447
444: 923,1481,454,164,717,975
445: 1938,867,892,1573,1342,2015,1807
446: 61,1756,1867,1659,1978,1801,1370
447: 335,982,531,199,1204,944
448: 1853,1137,509,1189,1670,1049
449: 19,282,482,1977,369,544,433,996
450: 291,89,741,45,1962,1684,1064,1789,52,1886
451: 1233,1965,1467,217,840,1775,318,223
452: 349,1114,2008,273,1070,1352,1883,813
453: 896,835,1387,821,1474,1134,1749,2000
454: 1481,444,164
455: 937,938,1452,927,1378,727,107,348
456: 1434,1982,1061,970,350,135,1318,1025,942
457: 520,1612,1188,573,1344,1207,1177,555
458: 310,966,748,881,126,1464,96
459: 489,983,627,1131,1613,605,1727,2002
460: 1063,1088,1593,1566,236,797,167,866
461: 1955,658,237,563,591,1267
462: 1839,849,945,124,1852,1785,344,560
463: 422,911,1300,25,440,1058,1126
464: 1638,877,78,543,887,110,1586,497
465: 963,587,340,1705,735,1866,1594,1556,483,1303
466: 1424,625,410,1315,1650,356,193,1766
467: 1806,43,219,577,1691,1538,477,1533
468: 1720,1168,1603,512,156,1100,1011
469: 416,1219,1747,1306,1759,363
470: 93,1717,1738,322,652,1099,1154,921
471: 1106,551,979,353,824
472: 1687,891,606,1889,603,950,1928
473: 275,1399,1200,1243,780,434,990,1472,1167
2012: 288,1197,1182,1208,174,305,726
475: 70,1066,1172,1067,132,201,1077
476: 318,823,1386,749,150,760,1906
477: 577,1691,467,219,1004,536,1533
478: 319,1694,1079,238,47,1278
479: 604,1374,853,765,202,1888,1500,250
480: 1999,841,1522,1251,628,956,1918
481: 980,1268,113,55,1917
482: 19,449,524,369,1242,946
483: 1608,1594,1556,1491,1651,1303,465,340
484: 1642,1492,322,1015,679,1099,1738
485: 1142,1353,1283,347,1384,95,1180
486: 271,1036,384
487: 1441,544,1075,1429,369
488: 668,1467,840,220,1346,1779,690,223
489: 983,459,1484,2002,1615,1825,44
490: 1614,1431,1617,1526,391,1850,187,1003
491: 574,986,537,1792,1159,441,1214
492: 1577,386,1430,267,745,522,1951
493: 210,863,592,1419,1936,496,436,1913
494: 564,1440,817,1635,14,126,748
495: 29,1137,509,637,293,1101,1400
496: 1229,296,1319,268,1936,976,493,1419,436,1913
497: 879,1586,543,1638,464,770,110,1875,952
498: 608,858,1998,1447,1194,1108
499: 260,790,397,1377,1016,747,903,120,1489
500: 1760,1881,1988,1588,687,647,1051,1745
501: 187,999,562,506,955,1890,588,142
502: 937,1991,938,683,878,764,1087,1239
503: 1480,1961,513,1314,1381,365
504: 352,1950,1603,354,1011,1209,1445
505: 1759,363,364,240,904,1587,589,875
506: 562,1271,195,955,187,501,999
507: 1285,1437,897,233,607,1097,1155,1582
508: 1843,1632,262,1326,388,1768,1392,1349,1772,558
509: 1137,495,448,1670,1080,1400,163
510: 1885,1965,851,59,992,898,1386,760
511: 855,820,721,13,387,1295,359
512: 390,1969,1992,515,599,468,1168,1815,156
513: 1743,1314,503,1961,1186
514: 1949,594,762,1286
515: 390,512,1969,1992,987,319,1815,169,156,1774
516: 362,1125,189,1908,1984,1709
517: 1289,392,1552,1457,424,1857,1422,783,720,116,1048
518: 1269,1692,148,1105,1412,663,1163,1450
519: 35,1034,650,1976,1479,1574,871,1307
520: 457,1612,1975,1752,555,957,1096
521: 1438,995,1507,902,664
522: 1441,544,267,745,492,1951,327
1950: 1797,352,504,1341,1358,1603,354,1445
524: 289,369,1242,998,1496,153,19,482,946
525: 1903,815,1719,1536,1078,1213,279
526: 632,732,429,1316
527: 1310,1089,981,920,781,1893,11,317
528: 1682,1731,1888,137,853,250,98,1666
529: 1060,1748,1170,143,960,838,1459
530: 1714,1905,660,1550,1628,700
531: 1052,1838,777,335,982,447,199
532: 303,1828,65,661,1005,1873
533: 1856,38,688,1580,168,12,1610,1926,1602,397,903
534: 80,1427,961,827,574,1792
535: 829,1953,1302,581,1160,328,616
536: 1004,25,1542,577,1690,477,1098
537: 491,1792,441,595,1383,850,418,1214,1649
538: 979,565,1274,1154,824,1967,652,921
539: 1600,39,1322,779,585,1589,622
540: 1662,118,218,159,82,1794
541: 129,400,997,731,1916,579,1934
542: 786,1012,79,1707,1093,1788
543: 1323,1121,887,877,464,110,952,497
544: 1441,487,522,449,1977,1951,327,996
545: 343,1366,1078,279,815,1765,1406
546: 429,1316,76,1165,359,721
547: 770,110,1875,952,682,1121,1325,575,1761,1461
548: 826,1166,1674,1516,1107,128,231
549: 307,287,693,1964,994,185,769,1753,1147
550: 1534,1871,174,1215,288,1187,958
551: 1106,1652,471,921,979,1154,353,824,93
552: 323,1113,297,99,1710,1829,1164,299
553: 612,1010,1396,242,845,1049,1001
554: 2007,1841,861,298,1397,891,1285,1437,1184,1333
555: 1024,1752,573,1344,261,520,457,1612
556: 1647,1737,1772,646,1332,738,707
557: 385,1983,931,1623,593,1269,148
558: 1687,891,606,1843,1246,508,1265,1392,1772,83
559: 1785,344,1530,353,1042,1671
560: 283,1785,344,1852,462,945
561: 614,750,1226,1196,320,1169,1151
562: 141,506,1271,1636,195,955,876,1033,501
563: 251,1465,591,237,461
564: 111,212,494,1440,817,1635,748
565: 538,1274,1505,258,1967
566: 1102,1394,744,778,908,326,639,1347,226
567: 667,51,1251,1942,428,1337,862
568: 1209,1864,1385,1483,158,1528,1770,1305
1933: 859,1052,1838,315,1471,1432,570,32
570: 671,629,1432,1868,1471,859,1933
571: 1453,437,669
2000: 649,1749,1046,1134,835,1387,453,147
573: 1188,1148,197,1344,1207,255,457,1612,555
574: 986,491,1792,80,1087,534,1239
575: 953,1325,1761,1461,547
576: 851,59,992,117,1782,425,951,133,1386
577: 1691,172,1690,477,467,1098,536
578: 41,1863,320,1968,686,1902,750
579: 803,1783,1934,731,636,541
580: 1354,1016,16,1035,426,648,1812,1323
581: 829,1302,535,1160,1123,608,616,1971
582: 650,1872,1976,138,917,325,1413
583: 1470,1520,1946,665,306,316,109,836
584: 1958,1851,1164,421,330,1355
585: 1322,779,1046,1390,2021,161,1074,539,1600
586: 1814,755,1193,1398,1145,394,360
587: 465,963,340,1210,77,1230,735
588: 441,1890,955,501,595,1383,142
589: 264,2009,1339,875,1587,505,75,1282
590: 1126,901,239,1262,1300,704,859,315
591: 321,1465,266,563,461,1267
592: 210,493,1419,1790,1261,1734,1913,377
593: 221,1623,1443,1645,247,234,112,931,309,557
594: 1642,1492,1409,1286,1949,514,597
595: 1383,142,99,588,537,330,850,418,1649,1355,297
596: 613,6,808,437
597: 1949,1487,1642,594,322,1717,1738
598: 277,878,916,1973,1224,1039
599: 390,512,947,413,228,1688,1720,1168
600: 1771,1328,1312,2020,1095,1536,1903
601: 53,258,1713,641,1090,602,746
602: 140,1171,1505,1658,746,1713,258,601
603: 1640,1333,233,943,950,1928,472,606,1889,1063,1562
604: 479,1374,1656,202,1500
605: 32,335,982,40,1613,1412,459,627,1131
606: 1687,472,558,1889,83,1593,603,1063
607: 307,1408,1773,507,897,1155,1582
608: 858,1998,328,498,616,1447,581,1971
609: 1426,674,48,832,1989,1504,16,1035
610: 1693,1879,1110,1423,698,1175,807
1949: 514,1487,597,1642,594,1286
612: 1201,1010,655,553,758,845,1554,407
613: 1136,6,743,798,808,596
614: 561,750,1226,1968,1334,1433
615: 1093,1788,244,712,338,1482,2
616: 608,1998,328,1302,535,581,1971
617: 207,948,1244,755,1922,357,1525,215
618: 200,196,857,673,17,1119,1831,781,68
619: 946,706,1248,998,19,282,364
620: 1618,833,265,1729,1373
621: 797,1008,167,912,866,236,917,871,1298,1413,101
622: 1644,71,1322,1589,539,39
623: 1906,951,133,699,749,1777,752,1780
624: 27,1234,1216,183
625: 1424,466,253,410,1954,733
626: 1747,1306,1468,818,85,404,810
627: 983,459,1131,605,335,944,1787,1140
628: 956,722,1522,51,1251,940,480
629: 671,1432,570,247,1708,1105,1711,69
630: 1765,60,1406,1454,1852,1839,1499,945
631: 1910,659,383,684,1578
632: 526,429,1973,916
633: 1338,33,1517,818,1697,1266,852,848,1178
634: 914,1803,1715,37
635: 742,1384,942,1434,1061,1947,1142
636: 267,269,700,773,731,1783,579,1842,386
637: 70,1172,1778,29,1853,1137,495
1927: 1970,658,237,251,1241,794
639: 1900,326,889,1347,566,1494,226,182,262,811
640: 1861,1823,395,1936,976,863
641: 960,1090,838,53,601,1020
642: 1830,1837,1798,814,1990,965
643: 1898,402,888,1120,1062,1541,358,1751,1109,1672
1982: 1434,456,970,106,274,1006
645: 1469,345,114,2018,1192,1363,246,981
646: 1349,1772,556,1647,1332
647: 687,1703,34,1051,1760,1881,500,1988,1588
648: 1014,426,580,16,822,1323,887
649: 1749,2000,1046,1390,1134,696,147,1667
650: 582,1872,1976,184,1479,1574,1796,1084,1307,519
651: 1758,1176,1532,1563
652: 1967,679,1099,538,1154,824,470,1738,921
653: 1145,394,1935,360,1091,1698,1681,1436,1945
654: 1899,346,439,959,1635,1440
655: 1201,612,1010,1104,242,399,1964,985,407,1495
656: 1391,1664,65,1116,1567,1828
657: 1059,1819,1968,1572,686,1291,730,1433
658: 1955,1423,1970,1927,237,461
659: 1414,631,1910,383,1855,435
660: 934,1019,20,1714,530,773,166,1321,241,700
661: 1160,1123,1005,1865,532,1873
662: 1187,1676,958,1781,1449,26,1634
663: 1105,1412,1692,518,1163,1450,1555,1727,1117
664: 521,1438,1620
665: 583,1946,1110,1981,1175,306,1800
666: 1054,799,246,1469,1245,1637,1622
667: 567,51,940,428,735,1608,1594
668: 488,1467,217,761,840,905,220,1346
669: 1268,113,393,571,1221,1453
2018: 200,1192,196,1363,149,645,345,114
671: 629,1432,570,1868,1471,247,1708
672: 1825,232,44,1567,227,1484,678,1664
673: 915,292,17,857,618,1119,1831
674: 609,1426,737,308,416,1721,1504
1941: 1953,1302,263,1082,1273,864,328
676: 1716,1223,1877,1548,1513,1313,1272
677: 1231,357,1525,701,1493,90,1519,1921,736,229
678: 914,1803,1715,232,672,227,1702,248
679: 322,1967,1015,652,1099,1658,484,1738
680: 174,1215,305,1875,358,879,1208
681: 1067,1604,1683,1066
682: 547,770,1875,952,1761,1654,1641,1208
683: 937,502,1452,1087,1239,924,1202
684: 321,266,1578,631,1910,1477,785
685: 1211,1107,1571,230,772,1953,263
686: 657,1059,1968,92,1902,750,41,578
687: 1703,647,1734,377,1051,18,500,1988
688: 1856,38,533,168,12,1794,713,1569
689: 387,925,1908
690: 1779,1357,194,223,1648,488,150,1746
691: 74,739,1915,1700,1157,1985
692: 837,1068,828,1562,1640,233,943,1097,1393
693: 307,549,152,175,332,1773,994
694: 193,1324,1736,1766,825,1424,1150,137,100,1731
695: 1960,1221,1453,401,437,808,56
696: 147,26,1667,1449,649,1156,302
697: 162,339,1403
698: 1175,807,1423,1923,788,610,1754
699: 623,133,804,425,1780
700: 1550,269,636,660,530,773,166,1321
701: 677,1231,357,1519,1750,374,1921,736,1756,229,895
702: 1506,1818,1500,765,1174,1757,1700
703: 1427,157,961,1539,1820,1032,827,371
704: 911,1300,1126,590,315,1490,715
705: 109,1972,836,1250,1520,291
706: 946,619,1248,810,998,1306
707: 738,325,236,556,1737,138
708: 281,1558,1236,1028,1844,1599,901
709: 389,108,2017,119,733,253,1416
710: 1328,1312,2001,1669,1732,767,1185
711: 1699,1247,1721,848,832,91
712: 1897,1310,244,1089,338,1482,615,2
713: 1076,1460,1153,1569,38,688,1662
714: 1944,1072,1365,837,1068,1514,1937,87
715: 1490,1904,1152,222,1802,911,1276,704
716: 1609,1790,1261,64,1561,1810,1212,1026
717: 1041,1826,975,121,923,444,1887
718: 960,1090,984,1600,143,1364
719: 1820,186,1032,1118,1930,1701,141,1271,876
720: 1422,783,517,424,1610,1602,116,1048
721: 1948,855,820,511,546,1165,359
722: 628,956,751,940,172,1690
723: 1141,151,1030,1297,35,97
724: 11,1524,379,1822,1065,1959,801,1668,885
725: 1439,84,1832,1892,1092,1630
726: 1668,885,932,1182,305,406,288,1197,2012,1584
727: 107,935,348,1378,784,455
728: 1621,1611,804,310,881,81,1768
729: 929,1907,1382,145,1750,374,1659
730: 1291,909,1532,657,1458,1433
731: 773,166,1321,1916,636,541,579
732: 1295,1316,359,526
733: 101,1954,768,389,2017,709,253,625
734: 130,826,1166,1615,1135,1627,936,1674,44
735: 1230,428,465,587,340,667,1594
736: 1519,1750,374,1921,1493,1017,90,198,677,1231,701
737: 1426,674,48,363,416,2009,875
738: 707,325,236,556,1332,1566
739: 805,74,691,1228,1174,1700,1050
740: 91,1296,1247,1861,1929,974
741: 291,450,1962,1250,802,1359,1886
742: 347,635,1384,942,1486,1061,154
743: 613,1136,868,1334,1226,1169,798
744: 1102,1394,566,412,1840,907,870
745: 1550,267,269,1628,1441,522,492
746: 140,602,1557,1713,601
747: 1354,1377,1016,1035,2009,48,260,499,790
748: 1232,966,458,494,564,817,126
749: 476,823,1386,1906,623,1777,752,1510,1596
750: 614,561,1968,686,578,320
751: 956,722,1918,1690,1098,281,1558
752: 1777,763,1780,1906,623,749,1596
753: 256,1507,1528,1896,1770,819
754: 170,796,352,1341,1127,1218,1824
755: 1814,1193,869,586,1922,396,1244,1525,207,617,949
756: 228,1688,1071,406,1197,954,1584,1696
757: 439,1348,959,1880,1643,1665
758: 1201,612,845,1554,1258,333,407,1242
759: 67,1111,169,1402,995,902,792
760: 318,476,1386,851,510,1965
761: 668,1467,217,1775,900,905
762: 1286,819,337,514
763: 1777,752,1780,184,1737,1872,138
764: 1087,969,1462,1039,878,938,502
765: 479,853,702,1500,250,1502,1757
1954: 101,733,768,1995,1846,1870,253,625,410
767: 417,1273,1185,710,1771,1312
768: 101,1954,733,1995,1008,1846,389
769: 185,998,1496,153,1753,399,1964,549,1147,404,946,810
770: 547,110,1875,952,682,879,497
771: 1205,1319,1037,974,822,1296,1014,887,877,78,1161
772: 125,254,1979,1571,685,864,1185,263
773: 731,166,1321,1916,660,269,700,636
774: 1417,317,1547,338,1089,188
775: 1806,43,63
776: 894,1931,1706
777: 1490,1904,1152,531,1838,315,199
778: 922,1859,908,1840,1102,566,326
779: 1322,1680,585,104,1046,2021,539
780: 1340,1646,1399,473,131,380,1472
781: 920,1119,1831,68,1893,200,1363,618,527
782: 815,1719,906,2005,278,1830,1798
783: 1422,136,720,517,1602,1203,2006
784: 1442,1378,727,935,348
785: 922,1859,321,684,1910,1477
786: 542,2016,795,1012,79,1707,1694,88
787: 72,1128,1237,1428
788: 1477,1923,1367,698,807,1754
789: 903,120,1580,1489,1146,1257,1639,1739,1325
790: 260,499,264,2009,1339,48,747
791: 1543,235,1697,1365,1540,87,1685,1678,1022
792: 256,902,1111,759,1385,1483,995
793: 1224,1206,1462,57,414,49
794: 1132,1241,30,1970,1927,812
795: 786,2016,1012,1894,259,1073,408
796: 170,754,1722,1920,1797,1341
797: 1008,167,621,912,866,236,460
798: 1279,1169,808,56,1226,613,1136,743
799: 1054,666,246,1974,1190,1245,1637
800: 165,1021,1293,1609,1561,1476,1810
801: 1641,1182,1043,1654,1959,1822,724,885
802: 152,175,1359,1886,741,1250,332,834
803: 1783,884,579,1551,1934,1819,1572,1044
804: 1621,1611,425,728,1083,133,699
805: 74,739,1038,216,1616,1050,1380,1368
806: 1474,1134,1534,1672,958,1449,147
807: 698,1981,1175,1568,788,610,1754
808: 798,56,613,596,695,437
809: 1288,910,1382,145,1157,1985,1017
810: 946,706,1248,998,769,85,404,626,1306,1468
811: 182,262,889,639,1013,1632,1246
812: 324,1892,794,30,1970,1879,213
813: 1560,1655,1114,452,273,1352,1883,991,1733
814: 1837,642,1194,1108
815: 525,782,1719,279,278,545,343,1366
816: 1417,1547,379,1065,1668,284,1724
817: 111,212,494,564,1410,1232,966,748
818: 626,1747,1468,1515,1338,33,633,1517,1219
819: 762,753,337,1896
820: 1948,855,2004,511,721,13,1165,359
821: 896,1387,453,18,1415,1745,1881,1988,1474,1134
822: 1205,771,1319,1037,1292,1014,648,887,877,1161
823: 476,749,150,1906,1648,249,1510,1596,1330
824: 979,538,1154,353,652,1106,1652,551,471,921
825: 1324,1736,1766,694,1345,100,1448,1716,1223,1548
826: 130,734,1116,1166,548,1674,1516,128,231
827: 1735,441,1890,371,703,961,534,1792
828: 837,692,1068,1562,1640,355,1018,1235,1937
829: 1953,1302,535,581,1211,303,1160,1005
830: 1581,299,427,1398,430,1814
831: 1442,1378,277,927,916,348
832: 1292,1989,1504,1721,848,711,609,91
833: 1618,620,265,968,1729,1655,1373,1974
834: 332,1408,1972,1397,1250,802,1437,897
835: 1387,453,1749,2000
836: 109,705,316,583,1520,291,89
837: 692,1068,828,1235,1072,714,1937,87
838: 960,641,529,1748,53,1020,1459
839: 54,1653,171,1763,257,1591,176
840: 668,488,1467,217,1233,1965,451,318,223
841: 1999,1698,480,1918,1028,438
842: 1361,86,372,1234,1027,107,183
843: 1878,1876,1410,977,111,212
2023: 0
845: 1554,1049,1001,1201,612,1010,553,758
846: 131,1592,380,1129,1256,2003,1317,1118,1930
847: 1891,102,1406,343,1366,1222,1499,1858
848: 852,1721,633,1697,1699,1178,711,832
849: 1839,462,124,1858
850: 330,1704,418,1214,1649,1355,537,595,257
851: 59,576,510,1906,951,1386,760
852: 1721,848,633,1517,308,1219
853: 479,1374,765,1888,137,528,250,98
854: 1952,430,1847,1791,1958,1546,1581,214
855: 1948,2004,820,511,721,189,1425,13,925,275,1200,1243
856: 1356,1124,1951,327,1977,1430,1565,996,1289,1857
857: 1827,1191,103,915,673,17,200,196,618,122,1831
858: 608,498,1971,1108
859: 1933,1838,315,1471,590,239,1262,570
860: 1257,1183,1460,1002,1191,915,292,1521
861: 1841,554,298,1407,311,891
862: 1849,1522,1337,336,1653,567,51,1251
863: 210,493,1419,1823,640,395,1309,1936
864: 1273,1185,772,254,1571,1941,263
1971: 581,1123,608,858,616
866: 797,1008,167,621,1566,236,1063,1088,460,355,1995
867: 1938,1894,445,259,378,1342,1093,1012,79
868: 1458,1334,1226,1136,743
869: 1814,755,1922,427,1966,396,1244,1368,90,1525,207
870: 1494,226,1326,1394,744,1523,907,139
871: 1307,1298,1413,1976,621,1034,519,2017,1195
2007: 554,1397,1437
873: 112,351,931,1446,1631,255,1188,385
1973: 429,76,632,1224,598,916
875: 589,264,2009,1587,505,363,737
876: 141,562,1271,195,1118,719,1033,2019,1701
877: 1638,464,78,1161,771,1319,822,543,887,110
878: 277,598,927,1039,764,937,1991,938,502,348
879: 358,1579,1586,497,770,1875,1208,1215,680
880: 243,1744,1056,218,1227,1827,103,122
881: 310,458,1523,96,81,1611,728
2008: 349,1114,191,452,334,1606
2025: 3
884: 803,1783,1842,1463,1572,92,1044
885: 726,1668,932,1182,801,724,1065
886: 199,1351,1204,1277,1874,1045
887: 1323,543,1014,648,771,822,877,464,1161
888: 1898,402,643,1120,1062,1638,1541,358,1579
889: 1900,639,182,811,1585,341,1013
1970: 1423,1927,658,794,812,1879,213
891: 1687,472,558,1265,554,861,298,311,950
892: 1007,1637,1573,1342,2015,1807,445
893: 1570,1867,1576,1808,1531,1978
894: 293,1931,776,1019,1101,1706
895: 1446,229,1519,374,1921,1231,701,61,1756
896: 1387,453,286,821,1881,1588,1420,1895,104,1749
897: 1285,1437,507,1184,1408,1773,834,607,1155
898: 59,992,24,1249,510,1885,1965
1976: 650,582,1872,917,871,1307,1413,519
900: 1480,1961,206,761,1775,905
901: 1126,590,239,708,1236,1058,1834
902: 256,1507,792,759,521,1438,995
903: 789,120,397,260,499,533,1580,168,1739
904: 240,433,996,1587,282,505,1759,364
905: 28,220,1537,900,206,405,668,761
906: 782,1903,1719,1771,1312,417,443,2005
907: 1523,1464,1728,744,412,870
908: 922,1859,778,1367,1102,566,326,1347,226
909: 1532,730,1458
910: 1288,809,1382,1997,1411,1331,1252,1009,1907
911: 422,463,1276,1300,704,715
912: 797,167,621,325,236,917,1413
1975: 520,1612,1177,1486,154,957,1096
914: 1803,634,678,248
915: 292,1521,673,17,1002,860,1183,1191,857
916: 277,598,1973,632,831
917: 582,1976,325,236,621,912,1413
918: 248,1391,1702
919: 1456,375,382,1549,204
920: 1119,1831,781,1893,11,1524,527
921: 1652,551,652,538,1154,824,93,1717,470
922: 1859,778,1367,908,785,1477,1347
923: 121,1675,1481,444,717,975
924: 1239,1202,1320,1591,683,986,1159
925: 13,387,689,189,1908,1425,855
926: 1040,1996,1813,159
927: 277,878,1378,831,938,455,348
928: 1381,365,1249,1583,1939,1133
929: 729,1907,1021,1009,1476,1570,1659
930: 66,216,1616,1710,1726,323,299,427
931: 112,873,351,1623,593,385,557
932: 726,1668,885,1065,406,1197,284,1584,1688
933: 989,1473,1808,1284,1212,1026,34
934: 660,1019,20,978,166,1321,241,1375
935: 727,1027,107,784,27
936: 1555,1117,1627,1762,1135,993,734,1166,1615
937: 1991,938,502,1452,683,455,878,348,1202
938: 937,1991,502,1452,455,277,878,927,764,348
939: 1402,1438,995,1620,47,67,72,1128,1862
940: 667,51,1608,967,628,722,172
941: 1689,1725,1470,1520,134,109,1841,1407
942: 742,635,350,146,1177,1486,456,1061
943: 1640,1333,603,233,950,1928,1285,692,1562,1018
944: 1351,1204,335,447,627,1131,1787
945: 1839,1499,462,1852,630,560
946: 706,619,1248,810,524,998,769,153,19,282,482
947: 284,1724,1584,413,228,1688,390,599
948: 207,617,357,215,949,112,351,309
949: 1270,1350,1945,755,1193,1145,360,207,948,309
950: 1333,603,943,298,891,472,1889
951: 1906,623,133,851,576,1386
952: 547,770,110,682,1121,543,1461,497
953: 1325,575,1761,1183,1639,1455
954: 406,288,1197,1187,1676,756,1071,1696
955: 141,562,506,1636,1890,371,588,501
956: 628,751,722,1918,1251,480,1558
957: 1238,154,415,1096,1486,520,1975,270,314
958: 1187,1676,662,1449,1534,1871,550,806
959: 439,1348,757,1643,1899,1665,654
960: 641,718,1090,838,143,529,1170
961: 1427,703,157,534,827,371
1996: 1040,926,972,1863,1196,1151,159,2006
963: 465,587,340,1705,77
1967: 652,679,1099,1505,1658,565,538
965: 1222,1990,642,1891
966: 310,1782,1232,458,748,817,126
967: 1608,1491,1651,940,1691,172,1538
968: 833,265,1655,1373,991,1054,1974,285
969: 764,80,1087,1462,1039,1427,49
970: 1723,1420,342,1318,1025,106,274,456,1982
1993: 1861,1929,1823,1663,1304,1716,1673
972: 1817,1863,1196,136,1996,2006
1965: 510,1885,1233,451,898,217,840,318,760
974: 1205,771,1037,740,1296,1861,268,976
975: 717,1041,1826,121,923,444,132,164
976: 268,1936,1861,640,1205,1319,974,496
977: 62,1348,1880,212,843,1876
978: 934,1019,1706,300,241,1375
979: 538,1274,1154,353,824,1530,1106,551,471
980: 1173,1729,481,1917
981: 1310,244,527,1192,1363,68,1893,645,1469,345,1488
982: 32,605,335,447,531,1052,40
983: 489,459,627,1484,1131,1787,1140,1825
984: 1103,1074,1600,1444,1364,718
985: 399,1964,994,152,1359,192,655,1104
986: 574,491,1792,1159,1239,924,1214
987: 1848,2,188,1969,1992,515,1597,319,1079,1774
1936: 268,976,640,863,493,1419,496
989: 933,1473,1808,1284,1531,403,1723,342
990: 1301,434,1047,1472,1167,473,1243,380
991: 1369,1741,1733,1352,813,1655,968,1545,285
992: 59,117,576,898,1878,24,1410,1232,510
993: 1619,224,1674,1762,1135,1835,1117,936,1166
994: 399,1964,985,152,175,192,693,549,185
995: 521,1402,939,1438,67,759,902,792
996: 240,1565,433,904,245,544,449,1977,1124,1951,327,856
997: 400,1176,541,129
998: 769,1496,153,524,404,946,706,619,810
999: 187,1601,501,506,142,99,1023,1829
1000: 283,344,1530,1980,1274
1001: 845,1049,1053,1396,1189,553
1002: 1076,1460,860,1257,1827,1191,915,1521,17
1003: 1228,1174,1220,1850,490,1614,1601,1506
1004: 25,536,440,477,105,1533
1005: 661,1160,1211,303,532,829
1006: 1322,1680,106,1434,1982,1589,1947
1007: 1245,1637,892,1573,2015
1008: 797,167,621,866,1298,355,101,768,1995
1009: 165,1021,1331,910,1382,929,1907
1010: 1201,612,655,553,1104,242,1371,845
1011: 158,1100,468,1603,504,1209
1012: 542,786,2016,795,79,867,259
1013: 1689,341,889,811,1843,1632,1246
1014: 426,648,1292,1989,1296,771,1037,822,887
1015: 322,679,1833,1171,1658,484
1016: 1354,580,1377,16,1035,747,48,499,1489
1017: 1985,1493,1380,809,1382,145,198,1750,736
1018: 355,1235,1640,943,1928,1063,1088,828,1562
1019: 660,934,20,1101,978,1706,894
1020: 53,641,838,1459,1980
1021: 165,800,1009,929,1907,1561,1476
1022: 1699,1178,1543,791,1697,1685,1304
1023: 1710,423,1726,1829,1601,999,1220
1024: 1752,555,1544,1821,261,1983,1057
1025: 135,1318,403,1723,970,342,456
1026: 1703,34,716,1790,1261,1212,377,933
1027: 107,935,27,842,86,1234
1028: 1681,438,1844,841,1918,708,281,1558
1029: 1605,1459,1980,1852,60,283
1030: 723,1141,151,97,1617,1553,1764,391,409
1918: 956,751,1999,841,480,1028,438,1558
1032: 1820,186,719,1047,1539,703
1033: 1431,2019,1526,1701,1118,1940,1767,141,562,1271,195,876
1034: 35,97,519,871,1307,1764,1195
1035: 580,1016,16,747,609,1426,48
1036: 486,271,1743,1314,365
1037: 1205,771,974,822,1292,91,1296,1014,1161
1038: 805,74,66,216,1985,1493,1380,1966,1368,198
1039: 1224,1462,598,878,764,969
1040: 926,1996,1813,1196,320,1279,1151
1041: 717,1826,975,294,1887,1805,1559
1042: 1671,353,559,1106
1043: 1654,1085,1959,1455,1761,801
1044: 1902,1144,803,1783,884,1842,1577,1463,1059,1572,92
1045: 1351,1204,886
1046: 649,1749,2000,1390,2021,104,779,585
1047: 1301,434,1256,990,1167,1539,1930,186,1032
1048: 1602,116,517,1457,424,720
1049: 1670,845,1554,1001,1189,448,553
1050: 216,1616,1228,423,1726,805,74,739
1051: 18,1415,1109,1745,436,1734,687,647,1120,500,1988
1052: 531,1933,1838,1432,32,982
1053: 1396,1805,1189,1559,201,1077,1001
1054: 1545,666,799,246,1974,1190,285,968
1966: 396,1244,1368,90,198,1038,1493,869,1525
1056: 118,218,1153,1227,1070,1744,880
1057: 1762,1163,1835,1269,1024,1544,1821
1058: 25,440,1542,1236,1126,901,463,1300
1059: 657,1819,1968,1572,686,92,1291,1044
1060: 529,1748,1170,190,1712,2014,1527,1179,1605
1061: 1434,456,350,742,635,942
1062: 402,888,643,1120,358,1751,1534,1871,1672,1474
1063: 1088,460,606,1889,1593,1566,1640,603,1928,866,1018
1064: 1962,1684,294,1789,1887,1535,45,450
1065: 11,379,1822,724,1668,885,932,816,1417,284,1724
1066: 70,475,1172,1067,681,1683,1778
1067: 132,681,1066,475,1077
1068: 837,692,828,1562,1393,1514,1072,714
1069: 1393,1155,1582,1512,1294,1514
1070: 273,1744,118,1056,349,452
1071: 228,756,1688,1718,954,1634,1240,1696,1720
1072: 1944,714,1365,1393,837,1068,15,1514
1073: 9,1428,408,88,2016,795,1237
1074: 161,1103,984,1390,585,1600
1075: 1258,1429,333,369,1242,1441,487
1076: 1460,1153,713,1227,1002,1827
1077: 1053,1805,201,1067,132,1826,475
1078: 1527,1213,279,525,1765,1454,545
1079: 319,478,1694,987,1848,1707
1080: 1714,1400,1905,509,1670,1429,163
1081: 1330,1388,1755,249,178,179,252
1082: 417,1273,1941,1302,1198,443,328
1083: 1621,804
1084: 1479,1796,184,1624,650,1872
1085: 1043,1959,1455,292,1119,1524
2004: 1948,855,820,275,1243,1167,1784
1087: 764,80,969,502,683,574,1239
1088: 1063,460,1640,1928,866,355,1018,1995
1089: 1897,1310,712,527,774,317,338
1090: 960,641,718,1713,1364,53,601
1091: 1952,1847,1698,653,1145,394,1436
1092: 1884,1630,1800,1892,1693,213,725
1093: 1788,615,378,1482,867,542,79
1998: 608,328,498,616,1447,1198
1095: 2020,1633,431,1353,1283,2001,600,1328,1312
1096: 1238,154,957,520,1975,1752,1809,1362,270
1097: 1393,1155,1285,507,233,692,1562
1098: 281,1558,751,577,1690,536,1542
1099: 322,1967,652,679,484,1154,1717,470,1738
1100: 1483,158,1011,468,1815,1111,156
1101: 1019,20,293,894,495,1400
1102: 1394,566,744,412,1840,1859,778,908,226
1103: 161,984,1769,1074,1225,1444,1364
1104: 1010,655,242,1371,152,192,985
1105: 1711,1412,663,69,629,1692,148,518
1106: 1652,551,471,979,353,824,1042
1107: 1211,1571,230,685,1516,548,231
1108: 858,498,1194,814
1109: 1751,1051,18,296,436,1734,1898,643,1120
1110: 1693,610,1879,1175,1800,665
1111: 1815,169,156,759,1483,1100,792
1112: 1874,1986,222,1802
1113: 323,552,297,1546,1164,1581,299
1114: 191,2008,452,1352,1560,813,1498
1115: 1801,361,1207,146,1177,1909
1116: 130,826,1567,128,1828,656,1664
1117: 1555,1627,936,663,1762,1135,1835,1450,993,1166
1118: 1317,1940,1930,846,719,1033,2019,1701,141,1271,876
1119: 920,1831,781,68,292,673,1085,618,1524
1120: 1898,402,888,643,1062,1751,1051,18,1415,1109,1672
1121: 1323,543,1812,1461,547,110,952
1979: 1882,1138,295,1619,1516,125,772,1571,230
1123: 661,1160,1865,581,1971
1124: 1356,1951,856,1565,996,1289,1552,1857
1125: 516,362,28,1537,1401,1709,1686
1126: 590,901,1236,1058,463,1300,704
1127: 1864,1445,367,352,1341,754,1218,1824
1128: 787,72,1237,1862,1278,47,88,939
1129: 131,846,1592,1340,1388,1746,1755,2003
1988: 1760,1881,500,1588,687,647,1051,18,1415,1745,821
1131: 983,459,627,1613,605,335,944
1132: 1241,794,30,312
1133: 1878,1876,24,1925,928,1249,1939
1134: 1474,806,453,821,1449,147,649,2000
1135: 1762,1835,1555,1117,1627,936,993,224,1674,734,1166
1136: 613,6,743,868,798
1137: 29,1853,509,495,448,637
1138: 1362,1882,1979,1544,1619,224
1139: 225,398,1987,2003,252,1435,1592,1317,1940,1767
1140: 37,1787,983,627,1484,1715
1141: 723,151,1767,1030,97,1617,391
1142: 1629,485,1353,1434,635,1384,1,1947
1143: 1849,1263,1337,336,1653,171,1851,421
1144: 144,1994,1902,1044,1730,1463,92
1145: 653,394,1935,360,1091,1193,586,949
1146: 1489,1812,789,120,1639,1325,1461
1147: 85,1919,1512,404,287,549,769,1753,1468
1148: 1188,197,573,1207,61,1446,1631,255,1801,1370
1985: 1380,1017,1915,1157,74,691,1038,1288,809
1150: 1888,1416,137,1424,253,1766,694,1731
1151: 1279,1169,561,1196,320,1040,1996,1813
1152: 1490,777,1904,715,1277,222,1802,1874,199
1153: 1076,713,1569,1227,1662,1056,218,1827
1154: 979,538,824,652,1099,93,470,1652,551,921
1155: 1097,1393,1069,1582,1285,507,897,607,307,1512,1514
1156: 1376,1478,302,696,1667,1769,1225
1157: 1997,1915,74,691,1252,1288,809,1985
2003: 1987,252,1139,1388,846,1592,1129,1317
1159: 986,491,924,1591,1214,257
1160: 661,1123,1005,829,535,581
1161: 1638,877,78,1205,771,1319,1037,822,887
1987: 225,1297,179,398,2003,252,1139,1435,1388
1163: 1762,1057,1450,1983,1269,1692,518,663,1821
1164: 584,1958,1546,330,1355,1113,552,297,1581
1165: 546,76,1948,820,721,57,1206
1166: 734,826,548,1135,1117,1627,936,993,1674
1167: 1301,434,1047,990,473,1243,2004,414,1784
1168: 1720,468,1603,228,390,512,599,156
1169: 1279,1151,798,561,1226,743
1170: 1060,529,39,143,1644,190,1712,960
1171: 140,602,1658,1824,1833,1015
1172: 70,1066,475,637,1683,1778,29,1853
1173: 980,1729,1917,1560,1311,1373,1498
1174: 1228,1220,1003,702,1506,1700,739
1175: 698,1981,807,610,1110,1800,1946,665
1176: 1758,129,651,997
1177: 146,1486,1115,1207,457,1612,1975,942
1178: 1699,1022,633,1697,1266,848
1179: 1527,1536,1213,190,1712,2020,431,2014,304,1060
1180: 2001,314,95,1669,347,1384,154,415,485,1353,1283
1181: 293,1931,1598,1778,29
1182: 1641,1208,801,1654,305,726,885,2012
1183: 860,1257,1639,953,1325,915,292,1521,1455
1184: 1285,1437,897,554,298,1333
1185: 1273,767,864,1732,772,254,710
1186: 1961,206,513,1403,162
1187: 1676,958,662,550,288,954,1696
1188: 1148,197,573,1344,1446,255,873,385,261,1924,457
1189: 1053,201,70,1853,448,1049,1001
1190: 1054,799,1974,265,1264,1245
1191: 1827,103,857,1002,860,915,17
1192: 200,2018,196,1363,68,1893,645,1469,345,1488,114,981
1193: 1814,755,586,1145,360,207,949
1194: 1837,814,301,498,1447,1108
1195: 1656,1764,871,1034,108,2017
1196: 972,1863,320,561,1151,1040,1996
1197: 406,288,954,2012,174,726,932,756
1198: 301,443,1082,1998,328,1447
1920: 170,1722,796,1376,1478,1225
1200: 275,1399,1686,473,362,1425,855
1201: 612,1010,655,758,845,399,407,289,1242,1495
1202: 924,1320,937,1452,683,86,372
1203: 82,1794,2006,783,1610,1602,1856,12
1204: 199,1351,944,886,1277,447,1045
1205: 771,1319,1037,974,822,1296,268,976,1161
1206: 793,1224,1462,76,1165,57
1207: 1148,197,573,1801,1115,1177,457,1612
1208: 1641,1182,1875,682,879,174,680,305,2012
1209: 1864,568,1445,504,158,1011
1210: 1361,1607,77,183,1230,1508,587
1211: 1107,685,231,303,829,1953,263,1005
1212: 1561,1284,1810,716,1609,1790,1026,933
1213: 1527,1536,1078,1179,279,304,525
1214: 330,1704,850,418,1649,441,986,537,491,1792,1159,1383,257
1215: 174,680,305,358,879,402,1871,550
1216: 77,183,624,1234
1921: 1519,1750,374,736,677,1231,701,1659,61,1756,229,895
1218: 1824,1503,1833,754,367,1127
1219: 308,416,469,1747,818,1517,852
1220: 1228,1174,1003,1614,1601,1023,423
1221: 695,1453,401,1606,669,393,55
1222: 343,1366,1990,1406,1891,847,102,965
1223: 1716,676,825,1448,1548,1673,1513
1224: 793,1206,1462,1039,76,1973,598
1225: 161,1103,1769,1376,1156,1722,1920,1444,1557
1226: 614,561,868,1334,743,1169,798
1227: 1076,1153,1056,218,880,1827,103
1228: 1174,1220,1003,423,1700,739,1050
1229: 496,296,1541,1319,268,1638,78,1898
1230: 176,428,735,1508,1210,587,340
1231: 677,357,1525,701,215,1519,1921,736,229,895
1232: 1782,966,748,111,817,1410,992,117
1233: 1885,1965,451,1583,217,840,1775
1234: 842,1027,624,27,1216,183
1235: 355,1018,1846,1870,837,828,1995,1937
1236: 708,281,1058,1542,1126,901
1237: 787,1128,1278,1428,1073,88
1238: 154,957,415,1096,1809,270,314
1239: 924,1087,502,683,574,986
1240: 1634,58,1696,1071,1718,354,1358
1241: 1132,794,251,1927
1242: 407,524,289,369,1495,1201,758,1075,1258,153,482
1243: 275,473,1948,855,2004,1301,990,1472,1167,1784
1244: 1966,396,1368,90,1814,755,869,1922,357,1525,617
1245: 1007,1637,666,799,1190
1246: 1843,1632,1265,811,1689,1013,1407,311,558
1247: 1699,711,1304,91,740,1929
1248: 946,706,619,810,282,1306,1759,364
1249: 928,1583,1878,1133,24,898,1885
1250: 1972,705,291,741,802,332,834
1251: 567,51,1522,862,480,628,956
1252: 1411,1331,1666,98,1360,1502,1997,1157,1288,910,1382
1253: 1272,1293,1260,1309,1313,1609,64
1254: 1868,1834,1935,1681,1599,1795,1945,2013
1962: 1684,294,1064,1789,450,741,280,52,1886
1256: 434,1047,846,380,1930,186
1257: 860,1183,1639,1739,789,1460,1002,1521
1258: 1075,1429,333,1554,758,407,369,1242
1259: 440,105,422
1260: 1272,1253,1293,1877,208,46,165
1261: 716,1609,1790,64,1309,210,592,1026
1262: 590,239,859,315
1263: 1849,1143,1522,336,1791,1851,421,214
1264: 1618,265,1974,1190
1265: 1843,1632,1246,311,1687,891,558
1266: 1543,235,1697,1944,1338,33,633,1178
1267: 1477,1923,321,591,1955,461
1268: 669,113,393,481
1269: 1692,148,518,1623,1983,557,1821,1057,1163
1270: 1350,234,949,2013,309,221,1443
1271: 141,562,506,195,876,1118,719,1431,1033,2019,1526,1701
1272: 1253,1293,1260,676,1877,1513,1313
1273: 1082,417,767,864,1185,1941
1274: 979,565,538,353,1000,1530
2016: 786,795,1012,1694,1073,408,88
1276: 422,911,715,1802,1986
1277: 1904,1152,222,1874,199,1204,886
1278: 1128,1237,1862,478,1694,47,88
1279: 1169,1151,798,56,1040,1813
1978: 1531,361,893,1867,446,1801
1926: 1610,116,397,424,1339,260,533
1282: 75,424,1587,589,264,1339
1283: 485,1353,2001,95,1180,1095,1633,1328
1284: 1576,1561,1476,1810,1212,933,989,1808
1285: 1437,507,1184,897,554,1333,233,943,1097,1155
1286: 762,42,337,1409,1492,594,1949,514
1935: 653,1145,360,1681,1436,1795,1350,1945,1254
1288: 809,910,1382,145,1360,1997,1915,1157,1252,1985
1289: 517,392,1552,1430,1356,1124,856,144,1994,1730,1857
1290: 1626,204,14,1549,203,412,1728
1291: 1532,730,1563,1551,657,1059,1819,1433
1292: 832,1989,91,1296,1014,426,1037,822
1293: 1272,1253,1260,165,800,1609
1294: 15,1514,1515,1069,1582,1919,1512
1295: 732,13,387,511,359
1296: 91,740,1292,1014,1205,771,1037,974
1297: 225,179,398,1987,1574,180,35,723,151
1298: 871,1307,1413,1008,621,101,389,2017
1934: 803,579,1551,1758,541,129,1563
1300: 422,911,463,704,1058,1126,590
1301: 434,1047,990,1167,1243,414,1784,1539
1302: 829,1953,1941,535,263,581,1082,328,616
1303: 1556,1491,483,465,1705,1866,1404
1304: 1663,1685,1699,1247,1022,1929,1993
1305: 42,1896,1770,1864,568,367,1336,1528,1372
1306: 626,1747,706,1248,810,1759,469
1307: 871,1298,1413,650,1976,1034,519
1952: 854,430,1847,1091,1398,1698,394
1309: 395,1313,1253,210,863,1261,64
1310: 1897,244,712,527,1089,981,1893,1488
1311: 1560,1655,1373,1173,1729
1312: 710,1771,600,1328,2001,1095,417,767,1903,906
1313: 395,1673,1309,1513,676,1272,1253
1314: 1743,513,271,1036,365,503
1315: 1540,1937,1650,87,1870,466,410
1316: 546,429,359,732,526
1317: 1118,1940,1930,846,1592,2003,1139
1318: 350,135,1025,970,456
1319: 1205,771,822,268,976,877,78,1161,1229,496
1320: 924,1202,1591,123,372,54
1321: 773,731,166,241,1916,1375,660,934,700
1322: 779,1680,1006,585,1589,539,622
1323: 1121,543,887,1354,580,648,1812
1324: 1736,1766,694,825,100,1682,1731,1548
1325: 953,575,1761,1461,789,1146,1183,1639,547
1326: 1494,870,182,262,1523,139,388,508
1908: 516,189,1984,925,689
1328: 710,600,1312,1283,2001,95,1732,2020,1095,1633,1903
1329: 1793,1740,94,1832,1343,181
1330: 1388,1746,1755,1081,823,194,1648,249,178
1331: 1411,46,1252,910,165,1009
1332: 83,1593,1566,1772,646,556,738
1333: 603,233,943,950,554,298,1285,1184,1562
1334: 1458,868,1433,614,1226,743
1944: 1072,714,1365,15,1514,1338,235,1266
1336: 1864,367,1503,42,1770,1305,1409,1372
1337: 1849,1143,862,1653,1763,1942,428,567
1338: 33,633,15,1515,1944,818,235,1266
1339: 589,264,75,424,1282,1926,260,790
1340: 1799,1646,780,1357,1746,131,1129
1341: 1797,352,1950,754,796,1127
1342: 1869,378,2015,892,1938,445,867
1343: 1832,1329,181,84
1344: 1188,573,385,261,1983,1924,457,555
1345: 1685,1678,356,193,1736,1766,825,1448
1346: 220,160,668,488,1467,1779,1799
1347: 1754,1900,326,639,922,1367,908,566
1348: 439,757,959,1880,977,212,1440
1349: 1392,1772,646,388,1768,508,1647
1350: 1270,234,949,1945,2013,1935,360
1351: 1204,944,886,1045,1787
1352: 273,1883,243,1744,1114,452,813,1369,991,1733
1353: 1629,485,1142,1283,1384,95,1180,1095,1633,1518
1354: 580,1377,1016,16,747,1489,1812,1323
1355: 330,850,418,595,297,584,1164
1356: 1124,1951,856,1430,1730,1289
1357: 1779,690,194,1799,1340,1746
1358: 1797,1950,1718,1634,58,1240,354
1359: 802,152,175,1886,192,741,1371,52,332,985
1360: 250,98,1502,1997,1411,1252,1666,1288
1361: 842,123,86,372,1607,1210,183,1508
1362: 1809,1882,270,1138,1752,1544,1096,224
1363: 200,2018,1192,781,68,1893,645,345,981
1364: 1444,1713,1103,984,718,1090
1365: 1944,1072,714,1540,87,1543,235,791
1366: 278,545,343,1222,1990,815,1765,1406,847
1367: 922,908,1477,788,1754,1347
1368: 1966,396,1244,90,198,805,1038,66,216,427,1380,869
1369: 1741,991,1733,1352,1883,243,149,122
1370: 1801,61,446,1446,1148,197
1371: 242,276,280,52,1359,192,1010,1104
1372: 1492,1336,1503,42,1305,1409
1373: 1560,1311,1655,1173,1729,833,620,968
1374: 479,604,853,108,119,1656,202,1888,1416
1375: 1321,241,1916,934,978,400,300
1376: 1478,1156,302,1667,1769,1225,1920
1377: 1354,1016,747,499,120,1489
1378: 1442,831,784,927,455,727,348
1980: 1459,1029,1020,283,1000
1380: 1985,1493,1017,805,74,1038,1368,198
1381: 928,365,1583,1939,503,1480,1961,1775
1382: 1288,809,910,145,1252,1017,1009,729,1907
1383: 595,142,441,588,537,418,1214,1649
1384: 742,347,635,485,1142,1353,1180
1385: 1483,158,568,256,1528,792,1770
1386: 476,749,760,851,576,510,1906,951
1387: 896,835,453,286,821,1895,104,1749,2000,2021
1388: 1330,1746,1755,1081,194,1592,1129,179,1987,2003,252
2019: 1431,1033,1617,1526,1701,1435,1118,1940,1767,1271,195,876
1390: 649,1749,1046,2021,1667,585,161,1769,1074
1391: 656,1664,65,1702,918
1392: 1349,1772,1843,1632,508,558,83
1393: 1097,1155,1069,1582,692,1068,1514,1072
1394: 1102,566,744,326,1494,226,870
1986: 1112,1276,1802
1396: 1053,1559,242,276,1001,553
1397: 109,1972,2007,1841,554,834,1437
1398: 830,1952,430,1814,586,394
1399: 275,1686,1200,473,1646,780,1472
1400: 1080,1714,293,509,495,20,1101
1401: 28,220,160,362,1125,1646,1686
1402: 939,1438,995,47,67,759,1862
1403: 1186,697,162
1404: 63,1866,1556,1651,1303
1951: 1356,1124,327,856,522,544,1430,492,996
1406: 630,1765,545,1366,1222,1499,847
1407: 1841,861,311,1689,1725,941,1246
1408: 332,1773,834,1437,897,607
1409: 42,337,1896,1336,1372,1492,594,1286
1410: 1878,843,24,111,817,1232,992,117
1411: 46,1331,1252,1666,98,1360,1997,208,910
1412: 40,1613,1105,1711,663,518,605,1727
1413: 871,1307,1298,582,1976,917,621,912
1414: 1910,659,435,203,1840,1859
1415: 1751,1051,18,1745,1120,1881,1988,1474,821
1416: 1888,1150,137,389,119,709,253,1374
1417: 774,816,317,1547,11,379,1065
1931: 293,894,1181,776
1419: 863,592,493,268,1936,496,296,436,1734,1913
1420: 1723,970,1760,1588,896,286,1895,274
1421: 1634,58,1676,1781,26,1478,302
1422: 136,783,720,1994,517,392,1817
1423: 1955,1970,658,610,1879,698
1424: 466,253,625,410,1150,356,193,1766,694
1425: 362,189,13,925,275,1200,855
1426: 609,674,737,48,2009,1035
1427: 703,157,961,49,80,969,534
1428: 9,1073,787,1237
1429: 1075,1258,333,163,1080,1905,1628,1441,487
1430: 1842,1577,386,1463,492,267,1356,1951,856,1730,1289
1431: 1033,2019,1617,1526,1701,1767,1271,195,490
1432: 671,629,570,1933,1052,1711,32
1433: 1458,1334,1291,730,657,1968,614
1434: 456,1982,1061,635,1006,1947,1142
1435: 225,1987,1139,1940,151,1767,2019
1436: 1681,438,1844,1091,1698,653,1935
1437: 1285,507,1184,897,1397,2007,554,1408,834
1438: 521,1402,939,995,1620,902,664
1439: 84,1535,725,45,1630
1440: 212,494,564,654,439,1348,1635
1441: 487,522,544,1075,1429,1628,745
1442: 1378,831,784
1443: 221,593,1645,247,1708,1270,234,112,309
1444: 1557,1713,1364,1103,984,1225,170,1722
1445: 1209,1864,367,1127,352,1950,504
1446: 229,895,1631,255,61,873,1370,1188,1148
1447: 608,1998,328,498,301,1198,443,1837,1194
1448: 1663,1345,1736,825,1716,1223
1449: 958,662,1781,1534,806,1134,696,147,26
1450: 1762,1163,518,663,1555,1727,1117
1984: 339,1709,516,1908
1452: 937,938,683,455,107,1202,86
1453: 1221,695,401,437,571,669,393
1454: 630,1765,60,1527,1078,279,1605
1455: 1043,1085,1183,953,1761,292,1521
1456: 375,919,1855,1549,435
1457: 75,424,1857,517,1552,1048
1458: 868,1334,1433,909,730
1459: 1605,1029,1980,838,529,1748,1020
1460: 1076,713,1002,38,860,1257,1739
1461: 1325,575,1146,1812,1121,547,952
1462: 793,1224,1206,1039,49,764,969
1463: 1842,1577,1430,884,144,1044,1144,1730
1464: 126,1523,907,96,1728,14,458
1465: 266,591,1786,563
2021: 1749,1046,1390,1387,104,779,1680,585
1467: 668,488,217,761,840,1775,451,1346,223
1468: 626,1747,818,85,1919,1147,1515,810,33
1469: 645,345,1475,1488,114,1192,666,246,981,1869,1622
1470: 583,1520,134,1946,1981,1725,941,109
1471: 1868,1834,239,671,570,859,1933
1472: 434,990,780,1399,473,1243,380
1473: 933,989,34,1760,1723,342
1474: 806,1134,1062,1751,18,1415,1672,453,821
1475: 1469,345,1488,244,1869,1622,1482
1476: 1576,1561,1284,1021,800,929,1570
1477: 1267,1923,788,321,684,922,1367,785
1478: 1376,1156,302,58,1421,1797,1920
1479: 1574,180,1796,1084,1624,650,1872,519
1480: 503,1961,900,1381,365,1583,1775
1481: 181,923,1675,444,454
1482: 1869,378,1475,1488,244,712,1093,615
1483: 1385,158,1100,1111,568,792
1484: 489,983,37,1140,1825,672,227,1803,1715
1917: 113,393,55,191,980,1173,481,1498
1486: 146,1177,1612,1975,742,942,154,957
1487: 1949,597,1717
1488: 1469,345,1475,1192,1310,244,981,1482
1489: 1146,1812,499,1354,1377,1016,789,120
1490: 777,1904,715,1152,704,1838,315
1491: 1608,1594,1556,483,1651,967,1303,1538
1492: 484,1642,1372,594,1409,322,1286
1493: 1380,1017,1038,1966,90,198,1519,1750,736,677
1494: 226,870,182,262,1326,1394,639
1495: 407,289,1242,1201,655,399,1496,153
1496: 185,998,769,153,399,1964,524,289,1495
2024: 4
1498: 1560,55,1917,1114,191,1173
1499: 1839,945,1858,630,1765,1406,847
1500: 702,1506,1818,202,409,479,604,765
1999: 214,841,1698,480,1522,336,1918
1502: 250,98,1360,765,1757,1997,1915,1252
1503: 1218,1824,1833,367,1336,1372
1504: 832,1989,308,1721,609,674
1505: 602,1658,258,1967,565
1506: 702,1818,1500,409,1850,1174,1003
1507: 256,1528,902,753,521
1508: 176,1230,1361,123,372,1210
1937: 1540,1315,1650,87,837,828,1846,1235,1870,714,410
1510: 249,178,1624,1596,823,749,1777,1796
2002: 1555,1727,1627,1613,489,459,1615
1512: 1919,1147,307,287,1155,1069,1582,1294,1514,1515
1513: 395,1673,1313,1716,1223,676,1272
1514: 15,1294,1393,1155,1069,1068,1512,1944,1072,714
1515: 15,1294,1919,1512,1468,818,1338,33
1516: 1619,1674,1979,826,548,1107,230,231
1517: 33,633,1747,818,308,1219,852
1518: 1633,431,2014,1,1629,1353,71,190
1519: 1750,374,1921,736,1493,677,1231,701,1756,895
1520: 1470,583,1946,316,941,109,705,836
1521: 915,292,17,1002,860,1257,1183,1455
1522: 1849,1263,336,862,1251,1999,480,628
1523: 907,1464,96,881,870,1326,139,81
1524: 11,379,1822,724,1085,1959,920,1119
1525: 677,1231,357,1966,1244,90,755,869,1922,617
1526: 1431,1033,2019,1617,1271,195,490,1614,187
1527: 1078,1213,1179,1060,1748,1605,1454
1528: 256,1507,753,1385,568,1896,1770,1305
1977: 449,544,327,856,433,996
1530: 283,559,344,1000,979,1274,353
1531: 1978,403,361,893,989,1808,342
1532: 1291,909,730,1563,651
1533: 105,477,467,219,1004
1534: 1871,1672,550,402,1062,806,958,1449
1535: 1439,84,45,121,1064,1887
1536: 1213,1179,2020,304,600,525,1903
1537: 905,28,220,1709,405,339,1125
1538: 1691,172,1491,1651,967,467,43
1539: 414,1301,1047,186,1032,703,157
1540: 1315,1937,1650,87,1365,791,1678,356
1541: 1229,1638,78,1579,1586,1898,888,643
1542: 25,536,1058,1098,281,1236
1543: 235,791,1697,1266,1365,1685,1022
1544: 1024,1752,1057,1835,1362,1138,224
1545: 1054,246,285,1741,991,149,114
1546: 1791,1958,1164,1113,1581,854,430
1547: 774,816,1417,317,1724,413,188,1597
1548: 1877,208,1324,825,100,1223,676
1549: 435,203,1456,919,204,1290
1550: 267,269,1628,745,700,1905,530
1551: 803,1934,1758,1291,1563,1819,1572
1552: 517,1289,392,1124,1457,1857
1553: 1656,1764,202,97,1030,391,409
1554: 1670,845,1049,612,758,1258,333,163
1555: 1727,1117,1627,2002,936,663,1762,1135,1450
1556: 1491,483,1651,1303,465,1866,1404,63
1557: 1444,1713,1225,170,1722,140,746
1558: 1098,708,281,956,751,1918,1028,1844
1559: 1053,1396,1805,1041,294,276,280
1560: 813,1311,1655,1373,1498,1114,1173,1729
1561: 1576,1476,1284,1810,1212,1021,800,716,1609
1562: 692,1068,828,1640,1333,603,233,943,1928,1097,1018
1563: 1291,1532,1758,651,1551,1934,1819
1919: 85,1147,1512,287,15,1294,1515,1468
1565: 240,996,245,1124,856,75,1857
1566: 1332,1593,738,325,236,1063,460,167,866
1567: 1825,232,44,672,130,1116,656,1664
1568: 1981,807,1754,1900,134,1585
1569: 1153,713,1794,38,688,168,12,1662,218
1570: 893,1867,1659,929,1576,1476
1571: 1107,230,685,1979,125,772,864,263
1572: 657,1059,1819,92,803,884,1551,1044
1573: 1007,892,1807,445
1574: 1479,180,1796,650,1297,35,519
1960: 695,401,56,1813
1576: 1561,1476,1284,893,1570,1808
1577: 1842,386,1430,1463,492,1044,1730
1578: 266,684,1786,383,631
1579: 358,879,1586,1638,1541,402,888
1580: 38,533,168,903,789,1739
1581: 299,830,1113,1546,1164,854,430
1582: 1393,1155,1069,507,607,307,287,1512,1294
1583: 928,1381,1249,1480,1885,1233,1775
1584: 284,947,726,1668,932,406,756,1688
1585: 341,1725,1981,1568,1900,889,134
1586: 358,1579,879,497,1638,464,1541
1587: 240,904,245,505,75,1282,589,875
1588: 1760,1881,500,1988,647,1723,1420,896,286,1895,274
1589: 1,1947,1322,1006,539,622,71
1961: 503,1480,900,1186,206,513,1381
1591: 924,1320,1159,54,1763,839,257
1592: 131,846,1129,1388,2003,252,1139,1317
1593: 1332,83,1566,606,1889,1928,1063,460
1594: 1608,1491,483,735,465,340,667
1915: 1757,1997,1700,1157,1502,691,1288,1985
1596: 249,1510,1624,1906,823,749,1777,752,184
1597: 390,1969,1992,1547,413,987,188
1598: 1604,1683,1778,1181
1599: 1681,1844,1795,708,1945,1834,1254
1600: 539,39,143,585,984,1074,718
1601: 187,999,1614,1220,1003,1023,423
1602: 1610,116,1048,783,720,1203,2006,1856,533,12
1603: 1720,468,1168,354,228,1718,1950,504,1011
1604: 1598,1683,681
1605: 1459,1029,1060,1748,1527,60,1454
1606: 113,393,55,1221,401,334,191,2008
1607: 1361,1210,183
1608: 1594,1491,483,967,667,51,940
1609: 716,1261,64,1253,1293,800,1561,1810,1212
1610: 1926,1602,116,397,424,720,260,1203,1856,533,168,12
1611: 1621,804,425,728,310,1782,881
1612: 520,457,1975,573,1207,1177,1486,555
1613: 40,1412,605,1727,2002,459,1131
1614: 490,1526,1850,187,1601,1220,1003
1615: 130,734,1627,2002,936,489,44
1616: 930,66,216,1050,1726,805
1617: 1431,2019,1526,1141,151,1767,1030,391,1850,490
1618: 833,620,265,1264
1619: 993,224,1674,1516,1138,1979,230
1620: 939,1438,72,664
1621: 1611,804,728,1083,1768,1647
1622: 1869,2015,666,1469,1475,1637
1623: 221,593,1645,112,931,557,1269,148
1624: 249,178,1510,1596,1777,184,1872,1479,1796,1084
2015: 1869,1342,1622,1007,1637,892,445
1626: 204,1635,14,1290,346,1728
1627: 1555,1727,1117,2002,936,1135,734,1166,1615
1628: 1550,745,1905,530,1429,1441
1629: 1142,1353,1,71,1633,1518
1630: 1884,115,1092,1439,725,45
1631: 1446,229,255,215,873,351,1148
1632: 1843,1246,508,1265,262,811,1013,1392
1633: 2020,1095,431,2014,1518,304,1629,1353,1283,1328
1634: 58,1240,1696,1421,1676,662,1781,1071,1358
1635: 1626,14,346,654,439,494,564,1440
1636: 141,562,955,1820,1890,371
1637: 1245,1007,892,666,799,2015,1622
1638: 877,464,78,1161,1229,1541,1579,1586,497,888
1639: 1257,1183,1739,789,1146,953,1325
1640: 603,233,943,1928,1063,1088,692,828,1562,1018
1641: 1182,1208,801,1875,682,1654
1642: 484,1492,594,322,1949,597,1738
1643: 757,959,1665
1644: 622,71,190,1712,39,143,1170
1645: 221,1623,1443,593,247,148,69
1646: 1799,1340,780,1401,160,1399,1686
1647: 556,1737,1768,1621,1349,1772,646
1648: 690,194,823,150,249,1330,1755
1649: 330,850,418,1214,441,537,595,1383,142
1650: 1540,1315,1937,87,1870,466,410,1678,356,193
1651: 1556,1491,483,967,1404,63,1538,43
1652: 1106,551,921,1154,824,93
1653: 171,1763,839,176,1942,421,1849,1143,1337,862
1654: 1043,1959,1761,682,1641,1182,801
1655: 1560,813,1311,1373,991,833,968,285
1656: 1553,1764,202,1195,108,119,604,1374
2001: 95,1180,1669,1732,1283,1095,710,1328,1312
1658: 1171,1505,602,1967,1015,679
1659: 1570,1867,729,929,374,1921,1756,446
1939: 928,1381,365,1925,384,271,1133
1992: 512,1969,515,1597,987,319,1815,1774
1662: 118,218,540,1794,1153,713,1569
1663: 1448,1304,1716,1993
1664: 656,1391,1702,1116,232,672,1567
1665: 1899,757,959,1643
1666: 1411,46,1252,100,1682,528,98,1360,208
1667: 696,147,649,1390,1376,1156,302,161,1769
1668: 726,885,932,724,1065,816,284,1584
1669: 2001,314,95,1180,1732,411,254,710
1670: 1554,1049,509,448,1080,333,163
1671: 1042,1804,1785,559,124
1672: 1534,1871,402,643,1120,1062,1751,1474,806
1673: 395,1513,1313,1716,1223,1823,1993
1674: 1619,993,224,1516,1135,734,826,1166,548
1675: 181,121,923,1481,84
1676: 1187,958,662,1781,954,1634,1696,1421
1942: 176,428,1653,1763,1337,567
1678: 1685,356,1345,1540,1650,791,193,1736
1953: 829,1941,1302,535,263,1211,685
1680: 1322,779,1006,1895,106,104,1749,2021
1681: 1028,438,1844,1436,1599,1795,1698,653,1935,1945,1254
1682: 100,1731,528,137,1324,98,208,1666
1683: 1604,1598,1778,681,1066,1172
1684: 1962,1064,1789,45,115,89,450
1685: 1678,1345,1543,791,1697,1022,1304
1686: 1399,1200,1401,160,362,1125,1646
1687: 891,472,558,606,1265,311,83
1688: 228,756,1071,932,406,284,947,1584,599
1689: 341,1725,941,1013,1246,1407,311
1690: 577,1691,172,751,722,1098,536
1691: 577,172,1690,1538,477,967,467,43
1692: 1269,148,518,1105,663,69,1163
1693: 610,1879,213,1110,1892,1884,1092,1800
1694: 478,1079,786,2016,1707,88,1278
2022: 8
1696: 1634,58,1240,954,1187,1676,756,1071
1697: 1543,235,791,1266,633,1685,848,1699,1178,1022
1698: 214,1999,841,1952,1847,1091,653,1681,438,1436
1699: 1178,1247,1022,711,1697,848,1304
1700: 1757,1915,702,1228,1174,74,739,691
1701: 1431,1033,2019,1118,1940,719,141,1271,195,876
1702: 1391,1664,232,678,248,918
1703: 1026,687,34,647,1790,1734,377
1704: 330,850,418,1214,171,257,421
1705: 465,963,340,1866,1303
1706: 1019,978,776,894
1707: 542,786,1788,1848,1694,1079
1708: 221,1443,247,234,2013,1868,671,629
1709: 28,1537,405,339,1984,516,1125
1710: 1023,423,1726,1829,99,323,552,930
1711: 40,1105,1412,69,629,1432,32
1712: 1644,190,2014,1060,1170,1179
1713: 1444,1557,1364,1090,602,746,601
1714: 1080,1400,1905,530,660,20
1715: 1803,634,678,1484,37,1140,227
1716: 1223,676,825,1448,1663,1993,1673,1513
1717: 93,470,1738,1099,1487,597,921
1718: 228,1071,1240,1720,1603,354,1358
1719: 525,782,1903,815,906,1771,2005,278
1720: 468,1168,1603,354,228,1071,1718,599
1721: 852,848,308,711,674,832,1989,1504
1722: 170,796,1920,1225,1444,1557
1723: 970,1420,342,34,989,1473,1760,1588,1025
1724: 284,947,413,1065,816,1547
1725: 1689,1585,341,941,1470,134,1841,1407
1726: 1710,1023,423,323,930,1616,1050
1727: 1555,1627,2002,40,1613,1412,663,1450,459
1728: 126,907,1464,1626,14,1290,412
1729: 980,1173,1560,1311,1373,833,620
1730: 144,1144,1577,1430,1463,1356,1289
1731: 100,1682,528,1150,137,1324,694
1732: 2001,314,1669,411,254,710,1328,1185
1733: 1369,1741,991,1352,1883,813
1734: 436,1913,377,592,1419,296,687,1703,1051,18,1109
1735: 441,1890,827
1736: 193,1324,1766,694,825,1678,356,1345,1448
1737: 556,1647,763,1780,707,138
1738: 1717,470,484,1642,322,652,679,1099,597
1739: 1257,1639,38,1580,903,789,1460
1740: 1793,1329,181
1741: 1369,991,1733,149,1545,285,114
1938: 1894,445,867,259,1342
1743: 513,1314,1036
1744: 273,1070,1352,1883,243,880,1056
1745: 1051,18,1415,1881,500,1988,821
1746: 1330,1388,1755,1779,1357,690,194,1340,1129
1747: 626,1306,1468,818,1517,469,1219
1748: 1060,529,838,1527,1605,1459
1749: 649,2000,1046,1390,2021,896,835,1387,453,1895,104,1680
1750: 1519,374,1921,736,145,1493,1017,729,701
1751: 18,1415,1109,643,1120,1062,1672,1474
1752: 1024,555,1544,520,1096,1809,1362
1753: 185,769,287,549,1147,404
1754: 1900,1347,788,1367,698,1981,1568,807
1755: 1330,1388,1746,1081,194,1648,1129,252
1756: 61,446,1519,374,1921,701,1867,1659,895
1757: 1997,1915,1700,765,702,1502
1758: 1176,129,651,1551,1934,1563
1759: 505,363,364,1248,1306,904,469
1760: 1881,500,1988,1588,34,647,1473,1723,1420
1761: 953,1325,575,547,682,1043,1654,1455
1762: 1057,1135,1163,1835,1450,1555,1117,936,993
1763: 54,1653,171,839,1591,123,176,1942,428,1337
1764: 1553,1656,202,1195,1034,97,1030,108
1765: 630,60,1406,1454,1078,279,545,1366,1499
1766: 193,1324,1736,694,825,1424,466,1150,356,1345
1767: 1141,151,225,1139,1435,1940,1431,1033,2019,1617
1768: 139,388,81,1621,728,508,1349,1647
1769: 161,1103,1225,1667,1390,1376,1156
1770: 42,337,1896,1305,1385,568,1336,1528,753
1771: 600,1312,417,767,1903,1719,906
1772: 1392,1349,646,508,556,1647,558,1332,83
1773: 332,1408,175,897,607,307,693
1774: 1815,67,169,987,1992,515,319,238
1775: 1467,217,761,1381,1583,1480,900,1233,451
2014: 2020,1633,431,1518,304,71,190,1712,1060,1179
1777: 752,763,1780,184,623,749,1510,1624,1596,1872
1778: 1598,1683,1066,637,1172,1181,29
1779: 1357,690,194,223,488,1346,1799,1746
1780: 1777,752,763,623,699,1737
1781: 1676,662,1449,26,1634,58,1421,302
1782: 310,1232,966,117,576,1611,425
1783: 803,884,579,636,1842,386,1044
1784: 57,414,1243,1948,2004,1301,1167
1785: 559,344,560,462,124,1671,1804
1786: 1465,266,1578
1787: 37,1140,1351,944,983,627
1788: 1093,615,1848,2,542,79,1707
1789: 1962,1684,294,1064,1887,450,280
1790: 716,1261,210,592,1212,1913,377,1026,1703
1791: 1958,1851,1546,1263,336,854,1847,214
1792: 574,986,537,491,80,534,441,827,1214
1793: 1740,1329,312,94
1794: 159,82,1203,688,12,1662,540,1569
1795: 1681,1844,1599,1935,1945,1834,1254
1796: 1479,1574,180,1084,184,178,1510,1624,650,179
1797: 352,1950,1341,1358,58,1478,796
1798: 1830,1837,642,782,278,343,1990
1799: 1340,1646,160,1346,1779,1357
1800: 306,1884,1092,1693,1110,1175,665
1801: 1370,1115,446,1978,361,1148,197,1207
1802: 1904,715,1152,222,1276,1112,1874,1986
1803: 914,634,1715,678,1484,232,227,248
1804: 1671,1785,124
1805: 1053,1559,201,1077,132,1041,1826
1806: 467,43,219,775
1807: 892,1573,445
1808: 933,989,1576,1284,893,1531
1809: 1362,1882,270,295,1752,1238,1096
1810: 1561,1284,1212,800,716,1609
1909: 146,361,1115,350,135
1812: 1489,1146,1354,580,1323,1121,1461
1813: 1040,926,1279,1151,56,1960
1814: 755,1193,869,586,830,427,1398,396,1244
1815: 1111,169,156,1774,512,1992,515,238,1100
1990: 278,343,1366,1222,642,1798,1891,965
1817: 41,972,1863,1994,392,1422,136
1818: 702,1506,1500,202,409,1850
1819: 657,1059,1572,803,1551,1291,1563
1820: 1032,719,703,141,1636,371
1821: 1024,261,1983,1269,1057,1163
1822: 11,1524,379,724,1065,1959,801
1823: 1861,1929,1993,640,395,1673,863
1824: 1218,1503,1833,170,754,1127,140,1171
1825: 44,672,1567,227,489,983,1484
1826: 717,1041,975,132,164,1805,1077
1827: 1191,103,857,1076,1153,1227,1002,880
1828: 128,231,303,532,1116,656,65
1829: 1710,1023,999,99,323,552
1830: 1837,642,1798,782,301,2005,278
1831: 920,1119,781,68,857,292,673,17,200,618
1832: 324,94,1892,1343,1329,84,725
1833: 1218,1824,1503,140,1171,1015
1834: 1868,1471,1254,1844,1599,1795,901,239
1835: 1762,1057,1135,1544,1117,993,224
1983: 385,261,557,1344,1269,1024,1821,1163
1837: 1830,642,1798,1194,814,301,2005,1447
1838: 859,531,1933,1052,315,1490,777
1839: 849,1499,462,945,124,1858,630
1840: 435,203,1414,1910,1859,778,1102,744,412
1841: 554,861,1407,1725,941,109,1397
1842: 1577,386,1430,1463,636,1783,884,1044
1843: 1632,1246,508,1265,262,1013,1392,558
1844: 1681,1028,438,1436,1599,1795,708,1558,1834
1925: 62,384,271,1133,1876,1939
1846: 355,1235,1870,1954,768,1995,1937,410
1847: 1952,854,1091,1791,214,1698
1848: 987,2,188,1788,1707,319,1079
1849: 1143,1522,1263,1337,336,862,1653
1850: 391,409,1617,490,1614,1506,1818,1003
1851: 584,1791,1958,421,1143,1263
1852: 1029,630,60,283,560,462,945
1853: 1137,448,70,637,1172,1189,201
1972: 109,1397,705,1250,291,834
1855: 383,1456,659,435
1856: 533,688,168,12,1610,1602,1203
1857: 75,1457,1124,856,1565,245,517,1289,1552
1858: 1839,849,1499,847,102
1859: 922,778,908,785,1414,1910,1840,1102
1958: 584,1791,1851,1546,1164,854
1861: 1929,1823,1993,640,740,974,976
1862: 72,1128,1278,47,67,1402,939
1863: 1817,41,972,1196,578,320,1996
1864: 1209,568,1445,367,1127,1336,1305
1865: 661,1123,1873
1866: 465,1705,1556,1303,1404
1867: 893,1570,1659,1756,446,1978
1868: 1471,1834,1254,2013,1708,671,570
1869: 378,1342,2015,1622,1482,1469,1475
1870: 1846,1235,1954,1315,1937,1650,410
1871: 1534,1672,550,358,402,1062,1215,958
1872: 650,582,1976,138,1777,763,184,1624,1479,1084
1873: 532,65,661,1865
1874: 1112,1152,1277,222,1802,886
1875: 547,770,682,879,497,1641,1208,680
1876: 1878,843,1133,977,62,1925
1877: 208,1548,100,676,46,1272,1260
1878: 843,1133,1876,24,1410,111,1249,992
1879: 1693,610,213,1110,1423,1970,812
1880: 1348,757,977,62
1881: 1760,500,1988,1588,647,1415,1745,896,286,821
1882: 1809,1362,270,1138,1979,295,125
1883: 273,1352,243,1744,452,813,1369,1733,122
1884: 306,316,115,1092,1630,1800,1693
1885: 510,1233,1965,24,1249,1583,898
1886: 802,1359,192,1962,450,741,280,52
1887: 294,1064,1789,121,1535,717,1041
1888: 1150,1416,137,119,479,1374,853,528
1889: 472,606,1593,603,950,1928,1063
1890: 1735,441,827,371,588,1636,955,501
1891: 847,102,1222,1990,965
1892: 324,1832,812,1693,213,725,1092
1893: 920,781,68,1192,1363,1310,527,981
1894: 1938,867,259,795,408
1895: 106,274,104,1588,1420,896,1387,286,1749,1680
1896: 42,337,1770,1305,1409,1528,753,819
1897: 1310,712,1089
1898: 888,643,1120,1229,296,1541,436,1109
1899: 382,1665,346,654,959
1900: 1754,889,639,1347,1568,1585,341
1955: 1423,658,237,461,1267,1923
1902: 1994,1044,1144,686,92,41,578
1903: 525,1719,906,2020,1771,600,1328,1312,1536
1904: 1490,777,715,1152,1277,222,1802,199
1905: 1080,1714,530,1429,163,1550,1628
1906: 623,951,133,851,476,823,1386,749,752,1596
1907: 729,929,910,1382,145,1021,1009