0: 2023
1: 1589,1947,1142,1629,71,1518
2: 987,1848,188,338
3: 
4: 2024
5: 
6: 613,1136,596
1963: 1765,1454,1078,279,545,1366,1406
8: 2022
9: 1428,1073,408
10: 486,1036,271,1939,1743,1314,365,503
11: 1524,379,1822,724,920,527,1417,317
12: 533,688,168,1856,1610,1602,1203,1569,1794
13: 387,925,189,1295,1425,855,820,511
14: 1626,1635,1290,494,126,1728,1464
15: 1294,1514,1515,1919,1944,1072,1338
16: 1354,580,1035,1016,609,1989,426,648
17: 915,292,1521,673,1191,857,1002,618,1831
18: 1751,1051,1415,1745,1109,1734,687,1120,1988,821
19: 449,282,419,524,369,482,619,946
20: 660,934,1019,1101,1714,1400
21: 1531,403,361,893,1978
1994: 144,1902,1144,1289,392,1817,41,1422
1997: 1915,1157,1502,1360,1411,1252,1288,910
24: 1878,1410,928,1249,1133,992,1885,898
25: 1004,536,440,1058,1542,463
26: 696,147,1781,662,1676,1449,302,1421
27: 624,1027,935,1234
28: 905,220,1537,1401,160,1125,1709
29: 293,1181,495,1778,1172,637,1137
30: 1132,794,812,312,94,324,213
1989: 1292,832,1504,1721,609,91,16,1014,426
32: 605,531,982,1432,1933,1052,1711,40
33: 1338,633,1266,1517,1468,1515,818
34: 1026,1703,933,989,1473,1760,647,1723
35: 1034,97,519,1574,1297,723
36: 375,919,1456
37: 1787,1742,1351,1140,1715,634
38: 688,1580,168,1569,1739,713
39: 539,1600,1644,622,143,1170
40: 1711,1412,1613,1432,32,605,982
41: 1817,1863,578,320,1902,1994
42: 337,1896,1770,1305,1336,1409,1372,1286
43: 1806,467,63,775,1538,1691
44: 1825,672,1567,489,130,734,1615
45: 1439,1535,1630,115,1684,1064,89
46: 1411,1331,1666,1877,208,1260,165
47: 478,238,67,1128,1862,1278,1402,939
48: 1426,2009,790,747,1035,1016
49: 969,1427,414,793,1462,157,961
50: 1431,2019,1526,1617,1141,151,1767
51: 567,667,1251,940,862,1608,628
52: 276,1371,280,192,1962,1789,1886,1359
53: 258,838,601,641,602,1020
54: 1763,839,1320,1591,123,372,176
55: 1606,113,393,1221,191,1498,481,1917
56: 1279,798,808,1813,1960,695
57: 414,1784,1948,1165,793,1206
58: 1634,1240,1696,1781,1478,1421,1797,1358
59: 851,992,117,576,510,898,951
60: 630,1765,1852,1454,1029,1605
61: 1756,446,1921,1446,229,895,1370,1148
62: 1925,384,977,1880,1876
63: 370,1651,1556,775,1491,1538,43
64: 716,1609,1261,1309,1313,1253,210
65: 656,1335,532,1828,1873,1391
66: 216,1616,930,1038,427,1966,396,1368
67: 169,759,1774,47,238,1862,1402,939,995
68: 1831,781,673,200,1192,196,618,1363,1893
69: 1105,1711,1645,247,629,1692,148
70: 1066,475,1389,1172,201,637,1189,1853,1137
71: 1644,622,190,1589,1,1629,1518
72: 787,1128,1862,939,1620
73: 1288,910,1382,1411,1331,1252,165,1907,1009
74: 805,739,1038,691,1157,1050,1985,1380
75: 1457,424,1282,1048,1857,1587,245,1339
76: 546,429,1165,1973,1224,1206
77: 1216,183,1210,963
78: 1638,877,1161,771,1319,1229,1541
79: 542,786,1012,378,1093,1788,867,259
80: 764,1087,969,534,1427,574,1792
81: 139,1768,96,1523,728,881
82: 1203,540,1794,127,972,2006,159
83: 1332,606,1593,1889,558,1772,1392,1687
84: 1439,1217,1535,1343,121,1675
85: 1919,1147,1468,404,810,626
86: 1361,842,372,1452,1027,107,1202
87: 714,1365,837,1870,1540,1315,1937,1650,791
88: 1073,786,2016,1694,1128,1237,1278
89: 291,450,1630,45,316,115,1684
90: 1966,1244,1368,198,1493,869,736,677,357,1525
91: 740,1296,711,1247,1292,832,1989,1037
92: 1059,1572,686,1811,884,1902,1044,1144,578
93: 1717,470,1652,551,921,1154
94: 1832,324,312,30,1793,1329
95: 2001,314,1180,1669,1732,1283,485
96: 126,1464,1523,310,458,81,881
97: 35,1034,723,1141,1030,1553,1764
98: 250,1360,1666,853,1682,528,1502,208,1411,1252
99: 323,1113,552,1164,1829,142,297,1932,1710,1355
100: 1682,1731,1324,694,825,1666,1877,208,1548
101: 1954,733,768,1995,1008,621,1298,389,2017
102: 1891,1858,343,847,1222,1406,1499
103: 1827,1191,122,857,1227,243,1744,880
104: 1895,106,896,835,1387,286,1749,1046,2021,779,1680
105: 219,1533,477,1004,440,1259
106: 1895,274,104,286,1982,1680,1006
107: 727,1027,935,455,1452,842,86
108: 389,2017,119,1656,1764,1195,709,1374
109: 1972,1397,1470,583,1520,836,941,291,705
110: 547,770,1875,952,497,1121,543,877,464
111: 212,564,817,1878,843,1410,1232
112: 873,351,931,309,948,1623,1443,593,385
113: 1268,1606,669,393,55,481,1917
114: 2018,1192,149,1741,1545,246,645,1469,345
115: 306,1884,316,1630,45,291,89
116: 1610,1926,1602,517,424,1048,720,1856
117: 59,992,576,1410,1782,1232,966
118: 1662,1287,218,1056,1070
119: 389,108,2017,1656,253,1888,1416,709,1374
120: 903,789,499,1377,1489,1146
121: 923,1675,1535,84,717,975,1887
122: 103,857,243,1369,196,149
123: 1361,372,1508,1320,54,1763,176
124: 1804,1785,849,462,1671
125: 295,772,411,254,1882,270,1571,230,1979
126: 1728,1464,96,14,494,748,1509,458
127: 82,972,2006,159
128: 303,1828,231,548,826,1116
129: 1758,1176,1564,1934,997,541
130: 734,826,1116,1615,44,1567
131: 846,1592,1660,1129,380,1340,780,1388
132: 1067,164,1826,975,1077,1389,1805
133: 1906,623,951,699,1782,576,425
134: 1470,1520,1946,941,1981,1585,341,1725
135: 350,1318,1025,403,361,342,1909,456
136: 1422,783,2006,1817,972
137: 1888,1150,1416,853,1682,1731,528
138: 1872,1737,763,707,325
139: 388,81,1768,1523,870,1326,508
140: 1171,746,602,170,1557,1824,1833
141: 562,876,195,1636,1271,955,1118,1820,719,371,1033,1701
142: 595,1383,297,1932,588,1890,501,1829,418,1649,99
143: 960,718,1600,39,1644,529,1170
144: 1730,1902,1144,1994,1463,1289,392
145: 1288,809,910,1382,1985,1380,1017,729,1907,1750
146: 1177,1909,1486,942,1115,350
147: 696,26,2000,806,1134,1449,649,302
148: 1269,1692,518,557,1623,1645,247,69,1105
149: 2018,196,114,122,1369,1741,1545,645
150: 690,194,223,840,318,476,823,1648
151: 723,1141,1030,1767,225,1297,398,1435,50
152: 802,175,1359,192,693,994,985
153: 524,289,1242,482,1495,998,769,1496,946
154: 1238,957,415,1096,1486,1975,742,347,1180
1991: 937,938,502,1039,878,764,1087
156: 1815,1111,169,512,515,468,1168,1100
157: 703,961,414,1539,1427,49
158: 883,1483,1100,1011,1385,1209,1864,568
159: 926,1996,972,2006,82,540,127,1287
160: 28,220,1401,1346,1799,1646,1686
161: 1103,638,1769,1390,1376,1156,1667,1225
162: 697,405,339,1403,1186,206
163: 1080,1905,509,1670,1429,333
164: 1067,132,454,444,1826,975
165: 1021,46,1331,73,1293,1260,1009
166: 773,731,1321,241,660,934,700
167: 797,1008,621,912,236,1566,460,866
168: 12,38,533,688,1580,1856,1794,903
169: 1815,67,1111,759,1774,156,515,238
170: 754,1722,796,1341,1444,1557,1824,140
171: 1653,1763,839,257,1704,421,1143
172: 577,1690,1691,967,940,722
2005: 301,1198,443,906,1830,417,782,1719,278,1837
174: 1215,680,305,1208,550,288,1197,2012
175: 802,152,1359,332,693,994
176: 1942,1230,428,123,1508,54,1653,1763,839
2009: 589,264,875,1426,737,48,790,747
178: 249,1510,1624,1330,1081,1796,179
179: 1297,398,1987,178,1388,252,1081,180,1796
180: 1479,1574,1796,1297,179,398
181: 1675,1481,1740,1343
182: 1494,226,262,889,639,1013,811
183: 1216,77,1210,1234,376,624
184: 1777,763,1624,650,1872,1084,1796
185: 1964,549,994,399,1753,769,1496,404
186: 1032,719,1047,1256,1118,1930
187: 506,1601,999,1526,195,490,1614
188: 987,2,774,1547,338,413,1597
189: 516,362,13,925,1908,1425
190: 1644,71,1712,431,2014,1518,1060,1170,1179
191: 1114,2008,1498,334,1606,393,55,1917
192: 242,1371,280,52,1104,1886,152,1359,985
193: 1736,1766,694,1650,1424,466,1678,356,1345
194: 1779,1357,690,223,150,823,1648,249,1330,1755,1746
195: 141,562,876,1271,1431,1033,2019,1701,1526,506,187
196: 200,2018,1192,149,618,122,857,68
197: 1188,1148,573,1207,1801,1370
198: 1966,1368,90,1038,216,1493,1380,1017,736
199: 447,1204,777,1152,1277,886
200: 2018,1192,196,618,1363,857,1831,781,68,645
201: 70,475,1077,1389,1053,1805,1189,1853
202: 1553,1656,1764,409,479,604,1374,1818,1500
203: 1549,435,1414,1290,412,1840
204: 1626,1635,1290,919,382,346,1549
205: 1706,978
206: 1961,900,1186,405,162,905
207: 948,617,755,1193,869,1922,949
208: 1877,1548,100,1682,98,1666,1411,46,1260
1968: 657,1059,686,1433,614,750,578
210: 863,592,493,1309,1790,1261,64,1913
2017: 389,108,119,871,1298,101,1195
212: 111,564,1440,817,439,1348,977,843
213: 1485,324,812,30,1693,1879,1892,1092
214: 1999,841,1698,1791,1522,336,854,1847
215: 1446,229,1631,1231,357,948,617,351
216: 1050,66,1616,805,1038,1368,198
217: 668,1467,761,840,1775,1233,1965,451
218: 1662,118,1031,1056,1153,1227,880
219: 1533,105,1806
220: 905,28,1537,1401,160,1346,668,488
221: 1623,1443,593,1645,234,247,1270,309,1708
222: 1112,1874,1802,1277,1904,715,1152
223: 1779,690,194,150,451,488,1467,840,318
224: 1619,993,1674,1138,1544,1835,1135,1362
225: 1297,398,1987,1139,1435,151,1767
226: 1494,870,182,262,908,1102,1394,566,326,639
227: 1825,1484,672,232,1803,248,1715,678
228: 756,1688,1071,1718,599,947,1720,1168,1603
229: 1446,895,1631,215,1921,677,1231,357,701,61,351
230: 1107,1571,685,1516,1979,1619,125
231: 128,303,548,826,1211,1107,1516
232: 672,227,1803,248,678,1664,988,1702
233: 1640,1333,603,943,1285,1184,1097,692,1562
234: 221,1443,593,247,1270,1350,2013,309,1708
235: 1543,791,1697,1944,1365,1338,1266
236: 738,707,325,1566,460,866,797,167,621,912
237: 563,251,461,1955,1927,658
238: 319,478,47,67,169,1774
239: 590,901,1834,1471,859,1262
240: 1565,433,904,996,1587,245,505
241: 166,1321,1916,660,934,1019,978,1375
242: 276,1371,280,1104,192,1396,553,612,1010,655
243: 273,1352,1883,1744,880,103,122,1369
244: 1897,1310,712,1475,1488,1482,615
245: 240,1565,996,1587,75,1282,1857
246: 1054,1545,666,799,114,645,1469
247: 221,1443,593,1645,234,671,629,1708,148,69
248: 914,1803,678,227,232,988,1702
249: 178,1510,1624,1596,823,1648,194,1330
250: 98,1360,479,853,765,528,1502
251: 237,1241,1927
252: 1388,1755,1081,179,398,1987,1139,2003
253: 1424,625,1954,733,389,119,1150,1416,709
254: 295,772,411,125,1732,864,1185
255: 1446,1631,873,1188,1148,573
256: 1507,1528,902,753,792,1385
257: 171,839,1591,1159,1704,850,1214
258: 53,601,602,1505,565
259: 1938,1894,867,542,795,1012,79
260: 499,790,747,1339,1926,397,903
261: 385,1983,1924,1344,1024,555,1821
262: 1494,226,870,182,1326,639,388,1843,1632,811,508
263: 1953,1941,1302,772,1211,1571,685,864
264: 589,2009,875,1339,1282,790
265: 1618,833,620,968,1190,1974,1264
266: 321,1465,591,684,1786,1578
267: 1550,675,269,745,636,522,386,1430,492
268: 1936,976,1205,1319,974,1229,496,1419
269: 1550,745,700,267,773,636,386
270: 1809,1362,1882,1238,957,415,1096,314,295,411,125
271: 486,10,1036,1939,1925,384
1974: 833,265,968,1190,1054,799,285,1264,1245
273: 1070,1352,1883,243,1744,349,452,813
274: 1895,106,970,1420,286,1982
275: 1200,473,1243,1425,855,2004
276: 242,1371,280,52,294,1396,1559
277: 878,927,598,916,831,938
278: 545,343,1366,782,815,2005,1830,1990,1798
279: 815,525,1078,1963,545,1366
280: 242,276,1371,52,192,1962,294,1789,1886,1559
281: 1098,708,1558,1236,751,1028,1542
282: 19,449,364,619,433,904
283: 344,1000,1530,560,1029,1980,1852
284: 1724,947,1584,816,1065,1668,932,1547,1688
285: 1054,1545,1655,1741,991,968,1974
286: 896,1387,1881,1588,1420,1895,106,274,104
287: 1512,307,1582,549,1753,1147
288: 406,1197,954,2012,174,305,550,726,1187,958
289: 407,524,369,1242,153,482,1201,1495,399,1496
1969: 390,512,1992,515,1597,413,987
291: 89,450,741,1250,705,316,115,836,109
292: 915,1521,673,17,1183,1455,1085,1119,1831
293: 894,29,1181,1931,495,1101,1400
294: 1962,1064,1789,1041,1887,1559,276,280
295: 411,254,125,1809,1882,270,314,1979
296: 1229,496,1898,436,1734,1913,1419,1109
297: 595,142,588,330,418,1649,552,99,1164,1355
298: 554,861,891,1184,1333,950
299: 1581,830,427,323,1113,552,930
300: 978,400,1375
301: 1198,443,2005,1830,1447,1837,1418
302: 1478,1156,1667,1421,1781,696,147,26
303: 128,532,1828,231,1211,829,1005
304: 2020,1633,431,2014,1712,1060,1536,1213,1179
305: 174,1215,680,1182,1208,726,288,2012
306: 1884,316,115,1800,665,583,1946,836
307: 1512,287,607,1582,897,1773,693,549,1155
308: 416,1219,852,1721,674,737,1504
309: 112,351,948,1270,949,221,1443,593,234
310: 1782,966,1509,458,96,1611,425,728,881
311: 1687,891,1689,1246,1265,861,1407
312: 1132,30,1793,94
2020: 1095,1633,431,2014,304,600,1328,1536,1903
314: 95,1180,1669,1732,1238,957,415,270,295,411
315: 1490,777,715,590,704,1912,1838,1262
316: 306,1884,115,583,836,291,89,705
317: 774,1089,1417,11,379,527
318: 476,1965,451,760,840,223,150
319: 478,1079,238,987,1848,1992,515,1774
320: 41,1863,1196,578,561,750,1151,1996
321: 266,591,684,1477,1267,1923,785
322: 1967,1015,679,1099,484,1642,470,1738
323: 1113,552,99,1710,1726,930,299
324: 1485,94,1832,213,812,30,1892
325: 738,707,236,1566,556,582,917,138,912
326: 1347,1900,639,908,1394,566,226
327: 1951,856,522,544,1977,492,996
328: 608,1998,1447,616,1082,1941,1302,535,1198
329: 965,1222,1990,1891
330: 1704,850,418,1649,1214,297,584,1355,421
1959: 1043,1085,801,1524,1822,724
332: 1408,834,1773,802,175,693
333: 1075,1258,1429,1554,758,1670,163
334: 401,1606,349,191,2008
335: 605,531,982,447,944,1131,627
336: 1849,1522,1263,862,1791,1851,214,1999,480
337: 42,1896,1770,1409,762,1286,819
338: 774,1089,712,2,188
339: 697,405,162,1984,1537,1709
340: 465,963,587,483,1303,1230,735,1594
341: 1689,1585,1725,1013,889,134
342: 1723,989,1473,1531,403,135,1025
343: 278,545,847,1222,1366,815,1990,1798,102
344: 283,1785,559,1000,1530,560,462,353
345: 645,1469,1475,1488,981,2018,1192,114,1363,1310
346: 382,1899,654,919,1626,204,1635
347: 742,1384,154,415,485,1180
348: 727,455,878,927,1378,831,784,937,938
349: 2008,452,334,273,1070
350: 135,1318,146,1909,942,456,1061
351: 112,873,309,948,229,1631,215
352: 1797,504,1950,754,1341,1445,1127
353: 1042,1671,979,1274,559,344,1530,471,824
354: 1720,1603,1718,1240,504,1950,1358
355: 1018,1846,1235,1088,866,828,1995
356: 1678,1345,1540,1650,1424,466,193,1736,1766
357: 677,1231,1525,1244,90,1922,948,617,229,215
358: 1579,879,1586,1062,402,888,643,1215,680,1871
359: 546,1316,721,732,1295,820,511
360: 653,1145,1935,1193,1350,1945,949
361: 21,403,1801,1978,135,1909,1115
362: 516,1125,189,1401,1686,1200,1425
363: 505,1759,416,469,875,737
364: 619,1248,282,433,904,505,1759
365: 928,1381,10,1939,1314,503,1480
1964: 549,994,185,985,655,1495,399,1496
367: 1864,568,1445,1127,1218,1503,1305,1336
1948: 855,2004,820,1165,721,57,1784
369: 524,289,1242,482,1075,1258,487,19,449,419
370: 1404,63,1651,1556,775
371: 703,961,1820,1032,141,1636,1735,827
372: 1361,842,123,86,1508,1202,1320,54
373: 1608,1594,1491,483,1303,1651,1556
374: 1519,1750,1921,736,729,701,1659,1756
375: 36,919,1456,382
376: 183,1210,1234,1027,1361,842,1607
377: 436,1734,1913,592,1790,1026,687,1703
378: 1869,1342,2015,1482,1093,867,79
379: 11,1822,724,1065,1417,317,816
380: 131,846,780,434,1256,1472
381: 521,1438,664
382: 1899,346,375,919,204
383: 1578,1855,631,659
384: 1925,62,486,271
385: 261,1983,1924,112,873,931,557
386: 1842,1577,1430,492,636,269,267,1783
387: 13,925,689,1295,511
388: 139,1768,262,1326,1632,1349,508
389: 108,2017,119,1298,101,733,768,253,1416,709
390: 512,1969,515,1597,413,599,1168
391: 409,1850,1141,1030,1617,1553,490
392: 517,1289,1552,144,1994,1817,1422
393: 1268,1606,669,113,55,1221,1453,191,1917
394: 653,1145,1091,1952,430,1398,586
395: 1673,1309,1513,1313,1823,640,863
396: 1966,1244,1368,66,930,427,1814,755,869
397: 1610,1926,260,499,533,1856,903
398: 225,1297,179,1987,1139,252,180,151
399: 1201,655,1495,1964,185,289,769,1496
400: 997,1375,541,300,1916
401: 1960,1221,695,1453,334,1606
402: 1062,888,643,1120,358,1579,1215,1871
403: 1531,21,361,989,342,135,1025
404: 1753,998,769,810,185,85,1147,626
405: 162,339,206,905,1537
406: 288,1197,954,726,932,1584,756,1688
407: 524,289,1242,758,1201,612,655,1495,1258
408: 9,1073,1894,2016,795
409: 391,1850,1030,1553,202,1506,1818,1500
410: 1315,1937,1650,1846,1870,1954,1424,466,625
411: 295,254,125,270,314,1669,1732
412: 1840,744,203,1290,1728,907
413: 1724,947,1547,599,188,390,1969,1597
414: 57,1784,1539,793,157,49
415: 1238,154,957,347,270,314,1180
416: 308,469,1219,363,737
417: 1082,1273,767,1771,1312,443,2005,906
418: 330,1704,850,1649,1214,595,1383,142,297,1355
419: 19,369,482
2006: 1422,783,136,1817,972,1602,159,1203,82,1794,127
421: 584,1851,330,1704,1653,171,1849,1143,1263
422: 911,463,1276,1300,440,1259,1845
423: 1710,1023,1726,1601,1228,1220,1050
424: 75,1457,1282,1048,517,1339,720,1926,116
425: 1611,804,310,1782,133,699
426: 1014,648,1292,1989,580,16
427: 299,830,66,930,396,1368,1814,869
428: 176,1942,1230,735,1763,567,667
429: 546,1316,76,632,526,1973
430: 1952,854,1398,1546,1581,830,394
431: 2020,1095,1633,2014,1518,304,1629,190,1179
2013: 1868,1254,1270,1350,1945,234,1708
433: 240,904,996,449,282,1977,364
434: 1301,1047,1256,990,1472,473,380
435: 1549,203,1855,1456,1414,659,1840
436: 1734,1913,377,1419,296,496,1898,1109
437: 596,571,808,695,1453
438: 1681,1028,1844,1436,841,1698
439: 1348,757,959,654,1635,212,1440
440: 1004,25,1058,105,422,463,1259
441: 1735,1890,827,534,537,491,1792,1383,588,1649
1995: 101,1954,768,1088,866,1008,355,1846
443: 301,1198,2005,906,1082,417,1447
444: 454,923,1481,164,717,975
445: 1938,867,892,1573,1342,1807
446: 61,1756,1659,1867,1801,1370,1978
447: 199,1204,944,777,335,531,982
448: 1853,1137,509,1554,1049,1670
449: 19,282,1977,369,544,487,433,996
450: 291,89,741,1886,1962,1684,1789
451: 1233,1965,1775,1467,217,840,318,223
452: 349,1114,2008,273,1070,1352,1883,813
453: 896,835,1387,1134,821,2000,1749
454: 444,1481,164
455: 727,107,348,927,1378,937,938,1452
456: 1434,1982,1061,970,350,135,1318,1025
457: 520,1612,1188,573,1207,1344,1177,555
458: 310,966,1509,748,126,1464,96,881
459: 489,983,1131,627,1613,605,1727,2002
460: 1088,1063,866,1593,236,1566,797,1008,167
461: 563,237,591,1955,658,1267
462: 1839,849,945,1785,344,560,124
463: 422,911,1300,25,440,1058,1126
464: 1638,877,543,887,110,497,1586
465: 963,587,340,483,1303,1866,1705,1594
466: 1424,625,1315,1650,410,356,193
467: 1806,43,577,477,1538,1691,1533
468: 1720,1168,1603,512,156,1100,1011
469: 416,1219,1306,1747,1759,363
470: 93,1717,1738,322,652,1099,921,1154
471: 1106,551,824,1154,979,1042,353
472: 1687,891,606,1889,603,950
473: 275,1399,1200,1243,434,990,1472,1167
2012: 288,1197,1182,1208,174,305,726
475: 70,1066,1077,1389,1172,201,637,1067,1189,1853
476: 318,823,1648,1386,749,760,1906,150
477: 577,1691,467,1004,536,1533,105
478: 319,1694,1079,47,238,1278
479: 604,1374,853,765,202,1888,1500,250
480: 1999,841,1522,336,862,1251,628,956,1918
481: 980,1917,1268,113,55
482: 524,289,369,1242,153,998,19,419,619,946
483: 465,340,1303,735,1866,1705,1594,373,1651,1556
484: 1299,1492,322,1015,679,1642,1738
485: 1283,1142,1353,347,1384,95,1180
486: 10,1036,271,384
487: 1441,1199,544,1075,369,449
488: 668,1467,840,220,1346,1779,690,223
489: 983,459,2002,1140,1615,1825,1484,44
490: 1614,1431,1526,1617,391,1850,187,1003
491: 574,986,537,1792,441,1159,1214
492: 1577,386,1430,675,745,267,522,1951,327
493: 210,863,592,1936,496,1913,1419
494: 564,1440,748,817,1626,1635,14,126
495: 293,29,1181,637,1137,509,1101,1400
496: 1229,296,1319,268,1936,976,493,436,1419
497: 770,110,1875,543,1638,464,879,1586
498: 608,858,1998,1447,1108,1418
499: 260,790,747,397,1016,1377,903,120,1489
500: 1760,1881,1988,1588,647,687,1051,1745
501: 506,999,562,955,1890,142,1932,588
502: 937,1991,683,764,1087,1239
503: 1480,1961,10,1314,513,1381,365
504: 352,1950,1603,354,1011,1209,1445
505: 1759,363,364,240,904,1587,589,875
506: 501,999,187,1526,562,195,1271,955
507: 1285,1437,897,607,1582,1097,1155
508: 1677,1349,1772,1392,262,1326,139,388,1768,1843,1632
509: 448,1137,495,1670,1080,1714,163,1400
510: 1885,1965,898,760,851,59,992,1386
511: 855,820,13,387,1295,721,359
512: 390,1969,1992,515,468,1168,1815,156
513: 1743,1314,503,1961,1186
514: 1949,1487,594,762,1286
515: 390,512,1969,1992,987,319,1815,169,1774,156
516: 362,1125,189,1709,1984,1908
517: 1289,392,1552,1457,424,1048,1857,1422,720,783,116
518: 1269,1692,148,663,1105,1163,1450
519: 35,1034,650,1976,1479,1574,871,1307
520: 457,1612,1975,1752,555,957,1096
521: 1438,995,381,1507,902,664
522: 1441,544,675,745,267,1430,492,1951,327
1950: 1797,352,504,1358,1603,354,1341,1445
524: 407,289,369,1242,153,482,1496,19,946
525: 1903,279,1719,1536,1078,1213
526: 632,732,429,1316
527: 1897,1310,1893,920,781,11,1089,317
528: 1682,1731,1888,137,853,250,98,1666
529: 1281,1748,1060,1170,1712,960,143
530: 1080,1714,1905,660,1550,1628,700
531: 32,335,982,1912,1052,777,447
532: 303,1828,65,661,1005,1873
533: 12,688,1580,168,1856,1610,1926,397,1602,903
534: 80,1427,961,441,827,574,1792
535: 829,1953,1302,1160,581,616,328
536: 1004,25,1542,577,477,1690,1098
537: 491,1792,441,595,1383,850,1649,1214
538: 979,565,1274,1967,652,824,1154
539: 1600,39,1322,779,1074,585,622
540: 82,1569,1794,159,1662,1287,1031
541: 400,997,731,1916,129,1934,579
542: 786,1012,79,1707,1093,1788,259
543: 1323,1121,887,877,464,110,952,497
544: 1441,1199,522,487,449,1977,327
545: 278,343,847,1366,1406,279,815,1765,1963
546: 429,1316,76,1165,721,359
547: 770,110,1875,952,682,1461,1121,575,1761,1654
548: 826,1166,1674,1107,1516,128,231
549: 693,1964,994,185,307,287,1753,769,1147
550: 1534,1871,174,1215,288,1187,958
551: 1106,1652,471,921,824,1154,979,93
552: 323,1113,99,1164,297,1710,299
553: 845,1396,1001,242,612,1010
554: 298,1841,861,2007,1437,1184,1333
555: 1024,1752,573,1344,261,520,457,1612
556: 1647,1737,1772,646,1332,738,707,325
557: 1269,148,931,1623,593,385,1983
558: 1843,1265,1349,1772,1392,1687,891,83,606
559: 1785,344,1530,1042,1671,353
560: 283,1785,344,1852,462,945
561: 614,750,1226,1196,320,1169,1151
562: 141,876,195,1636,1271,955,1033,506,501
563: 237,461,1465,591
564: 111,212,494,1440,748,817,1635
565: 538,1274,258,1967,1505
566: 1102,744,1394,778,908,1347,326,639,1494,226
567: 667,51,1251,1942,428,1337,862
568: 1209,1864,367,1483,158,1385,1528,1770,1305
569: 980,1729,1373,620
570: 671,629,1432,1868,1471,859,1933
571: 437,1453,669
2000: 696,147,1134,835,1387,453,649,1749,1046
573: 1188,1148,197,1207,1344,255,457,1612,555
574: 986,491,1792,80,1087,534,1239
575: 953,1325,1761,1461,547,952
576: 851,59,992,117,1782,951,133
577: 477,172,1690,1691,467,536
578: 41,1863,320,92,686,1968,1902,750
579: 803,1783,541,731,636,1934
580: 1354,1035,1016,16,426,648,1812,1323
581: 1160,1123,829,1302,535,616,1971
582: 650,1872,1976,917,325,1413
583: 1470,1520,1946,836,665,1981,306,316,109
584: 1958,1851,1355,421,330,1164,1263
585: 1074,638,1390,1046,2021,779,539,1600
586: 1814,755,1193,869,1398,1145,394
587: 465,963,340,1607,1210,1230,735
588: 595,1383,142,297,1932,441,1890,501,1649
589: 264,2009,875,1339,1587,505,1282
590: 1126,901,239,1300,704,1262,315
591: 321,1465,266,563,461,1267
592: 210,493,1790,1261,1734,1913,377,1419,1026
593: 221,1623,1443,1645,234,247,112,931,309,557
594: 1949,514,1642,1409,1492,1286
595: 1383,142,297,588,537,850,418,1649,1355
596: 437,613,6,808
597: 1949,1487,1642,1717,1738
598: 277,1039,878,1973,916,1224
599: 228,1688,947,413,390,1720,1168
600: 1771,1328,1312,2020,1095,1536,1903
601: 53,258,1713,641,1090,746,602
602: 140,1171,746,1658,1713,53,258,601,1505
603: 1640,1333,233,943,950,472,606,1889,1928,1063,1562
604: 479,1374,1656,202,1500
605: 32,335,982,1412,40,1613,459,1131,627
606: 83,1593,1889,558,1687,472,603,1063
607: 307,1582,1408,897,1773,507,1155
608: 858,1998,1447,498,616,328,1971
609: 1426,674,832,1989,1504,1035,16
610: 1693,1879,1110,1423,698,1175
1949: 514,1487,597,594,1642,1286
612: 1201,1010,655,242,553,845,1554,758,407
613: 1136,6,743,798,808,596
614: 561,750,1226,1968,1334,1433
615: 1093,1788,244,712,1482
616: 608,1998,328,1302,535,581,1971
617: 207,948,1244,755,1922,357,1525,215
618: 200,196,1191,857,673,17,1119,1831,781,68
619: 364,706,1248,946,482,19,282
620: 1618,833,265,1729,1373,569
621: 797,1008,167,912,236,1298,1413,101
622: 1644,71,1322,1589,539,39
623: 1906,951,133,699,749,752,1780
624: 27,1216,183,1234
625: 1424,466,253,1846,1954,733,410
626: 1747,818,404,810,85,1468,1306
627: 983,459,1131,605,335,944,1787,1140
628: 956,751,722,51,1251,940,480
629: 671,1432,570,1708,1645,247,69,1105,1711
630: 1765,1852,60,1406,1839,1499,945
631: 1910,659,1578,383,684
632: 526,1973,916,429
633: 1338,33,1266,1517,818,1697,852,848,1178
634: 1803,1715,678,37
635: 742,1384,942,1434,1061,1947,1142
636: 773,731,269,700,267,1783,579,1842,386
637: 70,475,1172,1778,29,495,1853,1137
638: 1074,1103,1769,161,585,1390,1667
639: 1347,1900,326,889,566,1494,226,182,262
640: 1861,1823,395,1936,976,863
641: 960,718,1090,53,838,601
642: 1327,1837,1990,1798,1830,1194,965
643: 1062,402,888,1120,1541,1898,358,1579,1751,1109,1871
1982: 1434,456,970,106,274,1006,1947
645: 1469,345,1488,981,200,2018,1192,149,114,1363,246
646: 1349,1772,1647,556,1332
647: 1760,1881,500,1988,1588,687,1703,34,1051
648: 1014,426,580,16,822,1323,887
649: 1749,1390,1046,835,696,147,2000,1667
650: 582,1872,1976,917,184,1479,1574,1084,1796,1307,519
651: 1532,1563,1758,1564
652: 1967,679,1099,538,470,921,824,1154
653: 1145,394,1935,1091,360,1698,1681,1436,1945
654: 1899,346,439,959,1635,1440
655: 1201,612,1010,1495,399,242,1104,1964,985,407
656: 1335,1664,65,1116,1567,1828
657: 1059,1819,1968,1291,730,1433
658: 1955,1423,1970,1927,237,461
659: 1414,631,1910,383,1855,435
660: 934,1019,20,1714,530,773,166,1321,241,700
661: 1160,1123,1005,532,1873,1865
662: 1187,1781,958,1676,1449,26,1634,1696
663: 1105,1412,1692,518,1163,1450,1555,1727
664: 521,1438,381,1620
665: 1693,1800,1110,1175,1981,306,1884,583,1946
666: 1054,799,246,1469,1245,1637,1622
667: 567,51,940,428,735,1608,1594
668: 488,1467,217,761,840,905,220,1346
669: 1268,113,393,571,1221,1453
2018: 200,1192,196,149,114,1363,645,345
671: 629,1432,570,1708,1868,1471,247
672: 1825,1484,44,1567,227,232,678,1664,1702
673: 915,292,17,1191,857,618,1119,1831,68
674: 609,1426,737,308,1721,1504
675: 745,267,1441,522,492
676: 1716,1223,1877,1548,1513,1313,1272
677: 1231,357,1525,701,1493,1244,90,1519,1921,736,229
678: 914,1803,248,1715,634,1484,672,227,232
679: 322,1967,1015,652,1099,1505,1658,484,1738
680: 174,1215,305,1875,358,879,1208
681: 1067,1604,1683,1066
682: 547,770,1875,952,1761,1641,1208,1654
683: 937,502,1452,1239,924,1202,1320
684: 321,266,1578,631,1910,1477,785
685: 1211,1107,1571,230,772,1953,263
686: 1059,92,1811,1968,1902,750,578
687: 1703,1734,377,1051,18,500,1988,647
688: 12,38,533,1580,168,1856,1569,1794,1031,713
689: 387,925,1908
690: 1779,1357,194,223,150,488,1648,1746
691: 74,739,1757,1915,1157,1700,1985
692: 837,1068,828,1562,1640,233,943,1097,1393
693: 549,994,152,175,332,1773,307
694: 193,1324,1736,1766,825,1424,1150,100,1731
695: 1960,1221,1453,401,808,56,437
696: 147,26,2000,649,302,1667
697: 162,339,1403
698: 1175,807,788,610,1110
699: 623,133,804,425,1083,1780
700: 1550,269,660,530,773,166,1321,636
701: 677,1231,1519,374,1921,736,1756,229,895
702: 1506,1818,1500,765,1174,1757,1700
703: 371,157,961,1047,1539,1820,1032,1427
704: 911,1300,1126,590,1262,1490,715,315
705: 291,741,1250,316,836,109,1972,834
706: 619,1248,946,1306,998,810
707: 738,325,236,1737,556,138
708: 281,1558,1236,1028,1844
709: 1416,733,389,108,119,253
710: 1328,1312,2001,1669,1732,767,1185
711: 1721,848,1699,1247,832,91
712: 1897,1310,244,1089,338,615
713: 1076,1460,1153,1569,38,688,1031
714: 1944,1072,1365,87,837,1068,1514,1937
715: 1490,1904,1152,315,911,1276,704,1802,222
716: 1609,1790,1261,64,1561,1810,1212,1026
717: 1041,1826,975,1887,444,121,923
718: 960,641,1090,143,1600,984,1364
719: 1820,186,1032,1118,1930,1701,141,876,1271
720: 1422,783,517,424,1048,1610,116,1602
721: 546,1165,359,1948,855,820,511
722: 628,956,751,940,172,1690
723: 1141,1030,151,1297,35,97
724: 11,1524,379,1822,1065,1959,801,1668,885
725: 1439,1217,1630,1485,1832,1892,1092
726: 1668,885,932,1182,305,406,288,1197,2012,1584
727: 1027,107,935,455,348,1378,784
728: 1621,1611,804,881,310,81,1768
729: 929,1907,1382,145,1519,1750,374,1659
730: 1291,909,1532,657,1458,1433
731: 773,166,1321,1916,636,541,579
732: 1295,1316,359,526
733: 101,1954,768,389,253,625,709
734: 130,826,1166,1615,1135,936,1627,44
735: 1230,428,587,340,483,667,1594
736: 1519,1750,374,1921,1493,90,198,677,1231,701
737: 1426,674,363,308,416,2009,875
738: 707,325,236,1566,556,1332
739: 805,74,691,1228,1174,1700,1050
740: 91,1296,1247,1861,1929,974
741: 291,450,1250,705,1886,802,1359
742: 347,635,1384,1486,942,1061,154
743: 613,1136,868,1334,1226,1169,798
744: 1102,412,1840,1394,566,907,870
745: 1550,675,269,1628,267,1441,522,492
746: 140,602,1444,1713,1557,601
747: 260,499,790,2009,48,1354,1035,1016,1377
748: 494,564,1440,817,126,1232,966,1509,458
749: 476,823,1386,1906,623,951,1777,752,1510,1596
750: 614,561,686,1968,578,320
751: 628,956,722,1918,1690,1098,281,1558
752: 1777,763,1780,1906,623,749,1596
753: 256,1507,1528,1896,1770,819
754: 170,796,1341,352,1127,1218,1824
755: 1814,1193,869,586,1922,396,1244,1525,207,617,949
756: 228,1688,1071,406,1197,954,1584,1696
757: 439,1348,959,1880,1643
758: 845,1554,1201,612,1258,333,407,1242
759: 67,1111,169,1402,995,902,792
760: 510,1965,851,318,476,1386
761: 668,1467,217,900,1775,905
762: 1286,819,337,514
763: 1777,752,1780,184,1737,1872,138
764: 80,1087,969,1462,1039,1991,502
765: 479,853,702,1500,250,1757,1502
1954: 101,733,768,1995,1846,1870,410,253,625
767: 417,1273,1185,710,1771,1312,906
768: 101,1954,733,1995,1008,1846,389
769: 1753,998,1496,404,810,399,549,185,153,1147,946
770: 547,110,1875,952,497,682
771: 1205,1319,1037,974,822,1296,1014,887,877,78,1161
772: 254,125,1571,685,1979,864,1185,263
773: 731,166,1321,636,660,269,700
774: 1089,1417,317,1547,338,188
775: 370,63,43
776: 894,1931,1706
777: 1490,1904,1152,315,1912,531,199,447
778: 922,1859,908,1102,1840,1394,566
779: 1322,1680,104,1046,2021,585,539
780: 1340,1646,1399,131,380,1472
781: 920,1119,1831,68,200,618,1363,527,1893
782: 1719,815,2005,906,1830,278,1798
783: 1422,720,136,2006,517,1602,1203
784: 1442,1378,727,935,348
785: 922,1859,321,684,1910,1477
786: 542,2016,795,1012,79,1707,1694,88
787: 72,1128,1237,1428
788: 1477,1923,1367,698,1754,807
789: 903,120,1739,1580,1489,1146,1257,1639,1325
790: 260,499,747,264,2009,1339,48
791: 1543,235,1365,87,1540,1685,1678,1022
792: 256,902,1111,759,1483,1385,995
793: 1206,1462,57,414,49
794: 1132,1241,812,30,1970,1927
795: 786,2016,1012,1894,259,408
796: 170,754,1722,1920,1341,1478,1797,1225
797: 1008,167,621,912,236,460,866,1413
798: 1279,1169,808,56,1226,613,1136,743
799: 1054,666,246,1190,1974,1245,1637
800: 1021,1293,1609,1561,1476,1810
801: 1641,1182,1654,1043,1959,1822,724,885
802: 152,175,1359,741,1250,1886,332,834
803: 1783,884,579,1551,1934,1819,1572,1811
804: 1621,1611,425,728,699,1083
805: 74,739,1038,1050,216,1616
806: 1474,1134,1534,1672,958,1449,147
807: 698,1754,1175,1568,1981,788
808: 798,56,613,596,437,695
809: 1288,910,1382,145,1157,1985
810: 998,769,404,85,706,1248,946,1306,626
811: 1843,1632,1246,889,182,262,1013
812: 794,30,1970,1927,324,213,1879
813: 1560,1655,1114,452,273,1352,1883,991,1733
814: 1108,1194,1327
815: 782,279,1719,278,545,343,1366
816: 284,1724,379,1065,1668,1417,1547
817: 111,212,494,564,748,1410,1232,966,1509
818: 626,1747,1468,1515,1338,33,633,1517,1219
819: 762,753,337,1896
820: 1948,855,2004,511,13,1165,721,359
821: 1474,1134,18,1415,1745,1881,1988,896,453
822: 1205,771,1319,1037,1292,1014,648,887,877,1161
823: 476,1648,1386,749,1906,194,150,249,1510,1596,1330
824: 1106,1652,551,471,921,1154,652,979,538,353
825: 1324,1736,1766,694,100,1448,1716,1223,1548
826: 130,734,548,1116,1166,1674,128,231
827: 1735,441,371,961,534,1427,1792
828: 837,692,1068,1562,1640,355,1018,1235
829: 1953,1302,535,1211,303,1160,1005,581
830: 1581,299,427,430,1398,1814
831: 1442,1378,277,927,348
832: 1292,1989,1504,1721,848,711,609,91
833: 1618,620,265,968,1974,1729,1655,1373,1264
834: 332,1408,1773,1250,705,1972,1397,1595,802
835: 896,1387,453,1134,104,2000,649,1749
836: 583,1520,306,316,291,705,109
837: 692,1068,828,1235,1072,714,87,1937
838: 53,960,641,1281,1020,1459
839: 54,1653,171,1763,257,1591,176,1942
840: 668,488,1467,217,1233,1965,451,318,223,150
841: 214,1999,1698,480,956,1918,1028,438
842: 1361,86,372,1607,1027,107,1234,376
843: 1878,1410,1876,977,111,212
2023: 0
845: 553,1554,1049,758,1001,1201,612,1010
846: 131,1592,380,1256,1317,1930
847: 545,343,1222,1366,1406,1499,1891,102
848: 852,1721,711,1178,633,1699,832
849: 1839,462,945,1858,124
850: 330,1704,418,1649,1214,537,595,257
851: 59,576,510,760,1906,951,1386
852: 1721,848,633,1517,308,1219
853: 479,1374,765,1888,137,528,250,98
854: 1952,430,1847,1791,1546,1581,214
855: 1948,2004,820,511,13,925,275,1200,1243,1425,721
856: 1356,1124,1951,327,1977,1430,1565,996,1289,1857
857: 1191,103,122,673,17,200,196,618
858: 608,498,1971,1108
859: 1933,1838,1262,1471,239,570
860: 1257,1183,1460,1002,915,1521
861: 298,1841,554,2007,1407,891,311
862: 1849,1522,1337,336,1653,567,51,1251,480
863: 210,493,1823,640,395,1309,1936
864: 1273,1185,772,254,1571,1941,263
1971: 1123,581,608,858,616
866: 1088,460,1063,236,797,1008,167,355,1995
867: 1938,1894,445,259,378,1342,1093,1012,79
868: 1458,1334,1226,1136,743
869: 1814,755,586,1922,427,1966,396,1244,90,1525,207
870: 1494,226,262,1326,744,1394,907,1523,139
871: 1307,1298,1413,1976,1034,519,2017,1195
2007: 1841,554,861,1397,1595,1437,1184
873: 112,351,931,1446,1631,255,1188,385,1924
1973: 632,916,429,76,1224,598
875: 589,264,2009,505,363,737
876: 141,562,195,1271,1118,1940,719,1033,2019,1701
877: 1638,464,78,1161,771,822,543,887,110
878: 277,1039,927,598,937,1991,938,348
879: 358,1579,1586,1875,497,1208,1215,680
880: 243,1744,218,1056,1227,1827,103
881: 1611,728,96,1523,310,458,81
2008: 349,1114,191,452,334,1606
883: 1483,158,1100,1011
884: 803,1783,1842,92,1572,1811,1044
885: 726,1668,932,1182,801,724,1065
886: 1045,1874,1277,199,1204
887: 1323,543,1014,648,771,822,877,464,1161
888: 1062,402,643,1120,1541,1898,358,1579
889: 1900,639,182,1585,341,1013,811
1970: 1423,1927,658,794,812,1879
891: 1687,472,311,1265,558,298,861,1407,950
892: 1007,1573,1342,2015,1807,445
893: 1570,1867,1576,1531,21,1808,1978
894: 293,1931,776,1706,1019,1101
895: 1446,229,1519,1921,1231,701,61,1756
896: 835,1387,286,453,1881,1588,1420,821,1895,104
897: 1408,1773,1595,1285,1437,507,307,607,1155
898: 510,1885,24,1249,59,992
1976: 650,582,1872,917,1479,871,1307,1413,519
900: 1480,1961,206,1775,761,905
901: 1126,590,239,1236,1058,1834
902: 256,1507,792,759,521,1438,995
903: 789,120,1739,397,260,499,533,1580,168
904: 240,433,996,1587,282,364,505,1759
905: 28,220,1537,900,206,405,668,761
906: 443,2005,1771,1312,417,767,782,1903,1719
907: 1728,1464,1523,412,744,870
908: 922,1859,778,1367,1102,566,1347,326,226
909: 1532,730,1458
910: 1288,809,1382,145,73,1997,1157,1331,1252,1907,1009
911: 422,463,1276,1300,704,715
912: 797,167,621,325,236,917,1413
1975: 520,1612,1177,1486,154,957,1096
914: 1803,248,678,988
915: 292,1521,673,17,860,1183,1827,1191,1002
916: 632,1973,277,598
917: 650,582,1976,325,912,1413
918: 988,1702,1335,1391
919: 36,375,1456,382,346,1549,204
920: 1119,1831,781,11,1524,1822,527
921: 1652,551,824,1154,652,1099,93,1717,470
922: 1859,778,1367,908,785,1477,1347
923: 121,1675,1481,444,717,975
924: 1239,1202,1320,1591,1159,683,986
925: 13,387,1908,689,189,1425,855
926: 1040,1996,159,1813
927: 277,878,1378,831,938,455,348
928: 1381,365,1249,1133,1583,1939,24
929: 729,1907,1009,1021,1476,1659,1570,1867
930: 66,1616,1726,323,299,427,396
931: 112,873,1623,593,385,557
932: 726,1668,885,406,1197,284,1584,1688
933: 989,1473,1284,1212,1026,34,1808
934: 660,1019,20,978,1375,166,1321,241
935: 727,1027,107,784,27
936: 1555,1627,1117,1762,1135,993,734,1166,1615
937: 1991,938,502,1452,683,878,455,348,1202
938: 937,1991,1452,277,878,927,455,348
939: 1402,1438,995,1620,47,67,72,1128,1862
940: 667,51,1608,628,722,172,967
941: 1470,1520,134,1725,109,1397,1841
942: 146,1177,1909,1486,350,1061,742,635
943: 1640,1333,603,233,950,1285,1928,692,1562,1018
944: 447,1204,335,1131,627,1787,1351
945: 1839,849,1499,462,630,1852,560
946: 706,619,1248,524,153,482,998,769,810,19
947: 284,1724,413,1584,228,1688,599
948: 207,617,357,949,215,112,351,309
949: 1270,1350,755,1193,1145,360,207,948,309
950: 1333,603,943,298,891,472,1889
951: 1906,623,133,851,59,576,1386,749
952: 547,770,110,682,1461,1121,543,575
953: 1325,575,1761,1183,1639,1455
954: 406,288,1197,1187,1676,756,1071,1696
955: 141,562,1636,1735,1890,506,501
956: 628,751,722,1918,1251,1999,841,480,1558
957: 1238,154,415,1096,1486,520,1975,270,314
958: 1187,662,1676,1449,1534,550,806,288
959: 439,1348,757,1643,1899,1665,654
960: 641,718,143,1281,529,838
961: 371,703,157,534,1427,49,1735,827
1996: 1040,926,159,1813,972,1863,1196,320,1151
963: 465,587,340,77,1210,1705
1967: 322,652,679,1099,1505,1658,565,538,1154
965: 329,1222,1327,642,1990
966: 310,1782,1232,1509,458,748,817,117
967: 172,1538,1691,940,1608,1491
968: 833,265,1974,1655,1373,1054,285
969: 764,80,1087,1427,49,1462
970: 1723,1420,1318,1025,274,456,1982
1993: 1861,1929,1823,1663,1716,1673
972: 1817,1863,1196,136,2006,1996,159,82,127
1965: 510,1885,1233,451,760,217,840,318
974: 1205,771,1037,740,1296,1861,1929,268,976
975: 717,1041,1826,444,121,923,132,164
976: 268,1936,1861,640,1205,1319,974,496
977: 62,1348,1880,212,843,1876
978: 934,1019,205,300,1706,1375,241
979: 538,1274,1530,551,471,824,1154,353
980: 481,1729,1173,1917,569
981: 645,1469,345,1488,1192,1363,1897,1310,1893
982: 32,605,335,531,1052,40,447
983: 489,459,1131,627,1787,1140,1825,1484
984: 1600,1074,1103,1444,1364,718,1090
985: 1964,994,1371,1104,192,152,1359,655
986: 574,491,1239,924,1159,1214
987: 1848,2,188,1969,1992,515,1597,319,1774
988: 918,1702,232,914,248
989: 933,1473,1284,34,1531,403,1808,342
990: 1301,434,1047,1472,1399,473,1243,1167
991: 1369,1741,1733,1352,813,1655,1545,285
992: 59,117,576,1878,1410,24,510,898
993: 1619,224,1674,1835,1135,936,1117,1166
994: 693,1964,549,185,985,152,175
995: 521,1402,939,1438,67,759,902,792
996: 240,1565,433,904,245,449,1977,1124,327,856
997: 400,541,1916,1176,129
998: 769,1496,404,810,153,482,706,946
999: 506,1601,501,187,1829,1932,1710,1023
1000: 283,344,1530,1980,1274
1001: 1053,1396,1189,553,845,1049
1002: 1827,1191,1076,1460,860,1257,915,1521,17
1003: 1228,1220,1174,1850,490,1614,1601,1506
1004: 25,536,440,477,1533,105
1005: 661,1160,1211,532,303,829
1006: 1322,1680,106,1434,1982,1589,1947
1007: 1245,1637,892,1573,2015
1008: 797,167,621,460,866,1298,101,768,1995
1009: 929,1907,1331,910,1382,73,165,1021
1010: 1201,612,655,242,1371,1104,553,845
1011: 883,1483,158,1100,468,1603,504,1209
1012: 542,786,2016,795,79,867,259
1013: 1689,341,889,182,1246,811
1014: 426,648,1292,1989,1296,771,1037,822,887
1015: 322,679,1171,1658,484,1299
1016: 1354,580,1035,16,1377,48,499,747,1489
1017: 1985,1493,1380,145,198,1750
1018: 355,1235,1640,943,1928,1088,1063,828,1562
1019: 660,934,20,1101,978,894,1706,241
1020: 1459,1029,1980,1281,53,838
1021: 165,800,1293,929,1907,1009,1561,1476
1022: 1699,1304,1543,791,1697,1685,1178
1023: 1710,423,1726,1601,999,1829,1220
1024: 1752,555,261,1983,1544,1821
1025: 135,1318,403,1723,970,342,456
1026: 1703,34,592,716,1790,1261,1212,377,933
1027: 727,107,935,27,842,86,1234,376
1028: 1681,438,1844,841,1698,1918,708,281,1558
1029: 1020,1459,1980,1605,1852,60,283
1030: 723,1141,151,97,1617,1553,1764,391,409
1031: 1662,218,540,1569,1794,688,1153,713,1227
1032: 1820,186,719,1047,1539,371,703
1033: 1431,2019,1701,1526,1940,141,562,876,195,1271
1034: 35,97,519,871,1307,1764,1195
1035: 580,1016,16,609,1426,48,747
1036: 486,10,271,1743,1314
1037: 1205,771,974,822,1292,91,1296,1014,1161
1038: 805,74,66,216,1985,1493,1380,1368,198
1039: 878,598,1224,1462,764,1991
1040: 926,1996,1813,1196,1279,1169,1151
1041: 717,1826,975,1887,294,1805,1559
1042: 1671,353,559,1106,471
1043: 1455,1085,1959,1761,801,1654
1044: 1902,1144,1783,884,1842,1577,1463,1059,92,1572,1811
1045: 886,1204,1351
1046: 649,1749,1390,2021,104,2000,779,585
1047: 1301,434,1256,990,1167,1539,186,1032,703
1048: 75,1457,424,517,720,116,1602
1049: 845,1554,1670,1189,1001,1853,448
1050: 216,1616,1228,423,1726,805,74,739
1051: 18,1415,1745,1109,1734,687,500,1988,647
1052: 1912,1933,1838,1432,32,531,982
1053: 1396,1805,1189,1559,1001,1077,201
1054: 1545,666,799,246,285,968,1190,1974
1966: 396,1244,1368,90,198,66,1493,869,1525
1056: 118,218,1153,1227,1070,1744,880
1057: 1762,1544,1163,1835,1821,1269
1058: 25,440,1542,1236,1126,901,463,1300
1059: 657,1819,92,1572,686,1811,1968,1044
1060: 529,1748,1170,190,1712,2014,304,1527,1213,1179,1605
1061: 1434,456,350,942,742,635
1062: 402,888,643,1120,358,1751,1534,1871,1672,1474
1063: 1928,1088,460,866,606,1593,1889,1640,603,1018
1064: 1962,1684,294,1789,1535,45,1887
1065: 379,1822,724,1668,885,1417,284,816
1066: 70,475,1389,1172,681,1067,1683,1778
1067: 132,164,681,1066,475,1077,1389
1068: 837,692,828,1562,1393,1514,1072,714
1069: 1393,1155,1512,1582,1294,1514
1070: 273,1744,118,1056,349,452
1071: 228,756,1688,1718,954,1634,1240,1696,1720,1358
1072: 1944,714,1393,837,1068,15,1514
1073: 9,1428,408,88,2016,1237
1074: 1103,638,585,1390,539,1600,984
1075: 1258,1429,333,369,1242,1199,487
1076: 1460,1153,713,1227,1827,1002
1077: 475,1389,201,1067,132,1826,1053,1805
1078: 1527,1213,279,525,1963,1454
1079: 319,478,1694,1848,1707
1080: 1714,163,1905,1400,530,509,1670,1429
1081: 1330,1388,252,1755,1746,178,179
1082: 417,1273,1941,1302,1198,443,328
1083: 1647,1737,1621,804,699,1780
1084: 1479,1574,1796,184,1624,650,1872
1085: 1043,1455,1959,292,1119,1524
2004: 1948,855,820,275,1243,1784,1167
1087: 764,80,969,1991,502,574,1239
1088: 1928,460,1063,866,1640,355,1018,1995
1089: 774,1417,317,338,1897,712,527
1090: 641,718,984,1364,1713,601
1091: 653,1145,394,1952,1847,1698,1436
1092: 1693,1800,1892,1485,213,725,1630,1884
1093: 1788,615,378,1482,867,542,79
1998: 608,1447,498,616,328,1198
1095: 2020,1633,431,1283,2001,600,1328,1312
1096: 1238,154,957,520,1975,1752,1809,1362,270
1097: 1393,1155,1285,507,233,692
1098: 281,1558,751,1690,536,1542
1099: 322,1967,652,679,1717,470,1738,921,1154
1100: 883,1483,158,1011,468,1815,1111,156
1101: 1019,20,293,894,495,1400
1102: 1840,744,1394,566,1859,778,908,226
1103: 1074,638,1769,161,1600,984,1444,1364,1225
1104: 242,1371,192,1010,655,985
1105: 663,69,1711,1412,629,1692,148,518
1106: 1652,551,471,824,1042
1107: 1211,1571,230,685,1516,548,231
1108: 814,1418,1194,858,498
1109: 1751,1051,18,296,1898,436,1734,643,1120
1110: 1693,610,1879,1800,1892,665,698,1175
1111: 1815,169,759,156,1483,1100,792
1112: 1874,1802,222,1986
1113: 323,552,99,1164,1958,1546,1581,299
1114: 191,2008,452,1498,1352,1560,813
1115: 146,1177,1909,361,1801,1207
1116: 130,826,1567,128,1828,656,1664
1117: 1555,936,1627,1762,1835,1135,1450,993,1166
1118: 1317,1930,1940,186,719,2019,1701,141,876,1271
1119: 920,1831,781,292,673,1085,618,1524
1120: 1062,402,888,643,1898,1751,18,1415,1109,1672
1121: 1323,543,1812,1461,547,110,952
1979: 1571,230,1516,1882,1619,1138,295,772,125
1123: 661,1160,581,1865,1971
1124: 1356,1951,856,1565,996,1289,1552,1857
1125: 516,362,1709,28,1537,1401,1686
1126: 590,901,1236,1058,463,1300,704
1127: 1864,1445,367,352,754,1341,1218,1824
1128: 787,72,1237,1862,1278,47,88,939
1129: 131,1592,1660,1357,1340,1388,1755,1746
1988: 1760,1881,500,1588,647,687,1051,18,1415,1745,821
1131: 983,459,627,1613,605,335,944
1132: 1241,794,30,312
1133: 928,1249,1925,1939,1878,1876,24
1134: 1474,806,821,835,453,1449,147,2000
1135: 1762,1835,1555,936,1627,1117,993,224,1674,734,1166
1136: 613,6,743,868,798
1137: 1853,448,509,70,637,29,495
1138: 1619,224,1544,1362,1882,1979
1139: 225,398,1987,2003,1388,252,1592,1317,1940,1435,1767
1140: 37,1787,1742,489,983,627,1484,1715
1141: 723,1030,151,1767,97,50,1617,391
1142: 485,1353,1629,1434,635,1384,1,1947
1143: 1849,1263,1337,1653,171,1851,421
1144: 144,1730,1902,1044,1994,1463,92
1145: 653,394,1935,1091,360,1193,586,949
1146: 1489,1812,1461,789,120,1639,1325
1147: 85,1919,1468,549,1512,287,1753,769,404
1148: 1188,197,573,61,1446,1631,255,1801,1370
1985: 1380,1017,1157,74,1038,691,1288,809,145
1150: 1888,1416,137,1424,253,694,1731
1151: 1279,1169,561,1226,1196,320,1040,1996
1152: 1490,777,1904,715,1874,1802,222,1277,199
1153: 1076,713,1227,1569,1662,218,1031,1056,1827
1154: 1652,551,471,921,824,1967,652,1099,979,538,93,470
1155: 1097,1393,1069,897,1285,507,1512,307,607,1582,1514
1156: 1376,1478,302,1667,1421,161,1920
1157: 1997,1915,74,691,1288,809,910,1985
2003: 1987,1139,1388,252,1592,1317
1159: 924,1591,986,491,1214,257
1160: 661,1123,1005,581,829,535
1161: 1638,877,78,1205,771,1319,1037,822,887
1987: 225,1297,179,398,1139,2003,1388,252,1435
1163: 1762,1057,1821,1450,1269,1692,518,663
1164: 1113,552,99,297,584,1958,1546,1355
1165: 546,76,721,1948,820,57,1206
1166: 734,548,826,1135,936,1117,993,1674
1167: 1784,1539,473,1243,2004,1301,1047,990
1168: 1720,468,1603,228,599,390,512,156
1169: 1279,1151,798,561,1226,743,1040
1170: 529,1060,39,1644,190,1712,143
1171: 140,602,1658,1833,1299,1015
1172: 70,1066,475,1389,637,1683,1778,29
1173: 980,1729,1917,1498,1560,1311
1174: 1228,1003,1220,702,1506,1700,739
1175: 698,1568,807,1981,610,1110,665,1946
1176: 1758,1564,129,997
1177: 146,1486,942,1115,1207,457,1612,1975
1178: 848,633,1266,1697,1699,1022
1179: 1527,1536,1213,190,1712,431,2014,304,1060
1180: 2001,314,95,1669,347,1384,154,415,1283,485
1181: 293,29,1931,495,1598,1778
1182: 1641,1208,801,305,726,885,2012
1183: 860,1257,1639,953,1325,915,292,1521,1455
1184: 1285,1437,298,554,2007,1333,233
1185: 1273,767,864,1732,772,254,710
1186: 1961,206,513,1403,162
1187: 958,662,1676,550,288,954,1696
1188: 1148,197,573,1344,1446,255,873,1924,457
1189: 1053,1001,70,475,201,1853,1049
1190: 265,1974,1054,799,1264,1245
1191: 1827,103,857,1002,915,673,17,618
1192: 200,2018,196,114,1363,68,645,1469,345,1488,981,1893
1193: 1814,755,586,1145,360,207,949
1194: 814,1108,1418,1327,1837,642
1195: 1656,1764,871,1034,108,2017
1196: 972,1863,320,561,1151,1040,1996
1197: 406,288,954,2012,174,726,932,756
1198: 301,443,2005,1082,1998,1447,328
1199: 1441,544,487,1075,1429,1628
1200: 275,1399,1686,473,1425,362,855
1201: 612,1010,655,1495,399,845,758,407,289,1242
1202: 924,1320,937,1452,683,86,372
1203: 82,1794,783,2006,1602,12,1856
1204: 199,447,944,1045,886,1351
1205: 771,1319,1037,974,822,1296,268,976,1161
1206: 793,1224,1462,76,1165,57
1207: 197,573,1801,1177,1115,457,1612
1208: 1641,1182,1875,682,879,174,1215,680,305,2012
1209: 1864,568,1445,504,158,1011
1210: 77,183,376,1607,963,587
1211: 1107,685,303,231,829,1953,263,1005
1212: 1561,1284,1810,716,1609,1790,1026,933
1213: 1527,1536,1078,1179,304,1060,525
1214: 330,1704,850,418,1649,986,537,491,1159,1383,257
1215: 174,680,305,358,879,402,1208,1871,550
1216: 77,183,624
1217: 1439,725,84,1329,1343,1485,1832
1218: 1824,1503,1833,754,367,1127,1336
1219: 308,416,469,1747,818,1517,852
1220: 1228,1003,1174,1614,1601,1023,423
1221: 695,1453,401,1606,669,393,55
1222: 343,847,1366,1990,1891,102,965,329
1223: 1716,676,825,1448,1548,1673,1513
1224: 1206,1462,76,1973,1039,598
1225: 1444,1557,1376,1103,1769,161,1722,796,1920
1226: 614,561,868,1334,743,1169,1151,798
1227: 1076,1153,218,1031,1056,880,1827,103
1228: 1003,1220,1174,423,1700,739,1050
1229: 1541,296,496,1898,1319,268,78
1230: 176,428,735,1607,1508,587,340
1231: 677,357,1525,701,1519,1921,736,229,895,215
1232: 966,1509,111,748,817,1410,117
1233: 1885,1965,451,1583,1775,217,840
1234: 183,376,1027,624,27,842
1235: 355,1018,1846,1870,837,828,1937
1236: 708,281,1058,1542,1126,901
1237: 787,1128,1278,1428,1073,88
1238: 154,957,415,1096,1809,270,314
1239: 924,1087,502,683,574,986
1240: 1634,58,1696,1071,1718,354,1358
1241: 1132,794,251,1927
1242: 407,524,289,369,153,482,758,1201,1495,1075,1258
1243: 275,473,855,2004,1301,990,1784,1167
1244: 1966,396,1368,90,1814,755,869,1922,677,357,1525,617
1245: 1007,1637,1190,1974,666,799
1246: 1843,1632,811,1265,1689,1013,1407,311
1247: 1699,1304,711,91,740,1929
1248: 364,706,619,946,1306,810,1759
1249: 928,1133,1583,24,1885,898
1250: 291,741,705,1972,802,834
1251: 567,51,1522,862,480,628,956
1252: 1411,1331,98,1360,1666,1997,1502,1288,910,73
1253: 1272,1293,1260,1309,1313,1609,64
1254: 1868,1795,1834,2013,1599,1935,1681,1945
1962: 1684,294,1064,1789,450,1886,280,52,1359
1256: 434,1047,1472,846,380,1930,186
1257: 860,1183,1639,789,1739,1460,1002
1258: 1075,1429,333,1554,758,407,369,1242
1259: 1845,440,105,422
1260: 1272,1253,1293,1877,208,46,165
1261: 716,1609,1790,64,1309,210,592,1026
1262: 859,1838,590,239,704,315
1263: 1849,1143,1522,336,584,1791,1851,421
1264: 1618,833,265,1190,1974
1265: 1843,1246,558,1392,1687,891,311
1266: 1338,33,633,1944,1543,235,1697,1178
1267: 1477,1923,461,321,591,1955
1268: 669,113,393,481
1269: 1692,148,518,557,1983,1057,1163,1821
1270: 1350,949,2013,309,221,1443,234
1271: 141,562,876,195,1118,719,1431,1033,2019,1701,1526,506
1272: 1253,1293,1260,676,1877,1513,1313
1273: 1082,417,767,864,1185,1941
1274: 979,565,538,1000,1530,353
2016: 786,795,1012,1694,1073,408,88
1276: 422,911,1845,1986,715,1802
1277: 1874,222,1904,1152,199,886
1278: 1128,1237,1862,478,1694,47,88
1279: 1169,1151,798,56,1040,1813
1978: 1801,1370,1867,893,446,21,361
1281: 529,1748,960,838,1020,1459
1282: 75,424,1587,245,589,264,1339
1283: 485,1353,2001,95,1180,1095,1633,1328
1284: 1576,1561,1476,1810,1212,933,989,1808
1285: 1437,507,1184,897,1333,233,943,1097,1155
1286: 762,42,337,1409,1492,1949,514,594
1287: 1662,118,159,540
1288: 809,910,1382,145,73,1360,1997,1915,1157,1502,1252,1985
1289: 517,392,1552,1430,1356,1124,856,144,1730,1994,1857
1290: 1626,204,14,1549,203,412,1728
1291: 1532,730,1563,1551,657,1819,1433
1292: 832,1989,91,1296,1014,426,1037,822
1293: 1272,1253,1260,165,1021,800,1609
1294: 15,1514,1515,1512,1582,1393,1069,1919
1295: 732,13,387,511,359
1296: 91,740,1292,1014,1205,771,1037,974
1297: 225,179,398,1987,1574,180,35,723,151
1298: 871,1413,1008,621,101,389,2017
1299: 484,1372,1492,1503,1833,1171,1015
1300: 422,911,463,704,1058,1126,590
1301: 434,1047,990,1243,1784,1167,1539
1302: 829,1953,1941,535,263,1082,581,616,328
1303: 465,340,483,1866,1705,373,1404,1651,1556
1304: 1699,1022,1247,1685,1663,1929
1305: 42,1896,1770,1336,1864,568,367,1528,1372
1306: 706,1248,810,626,1747,1759,469
1307: 871,1413,650,1976,1034,519
1952: 854,430,1847,1398,1698,394,1091
1309: 395,1513,1313,1253,210,863,1261,64
1310: 1897,244,712,527,1893,1363,345,1475,1488,981
1311: 1560,1655,1373,1498,1729,1173
1312: 710,1771,600,1328,2001,1095,417,767,1903,906
1313: 395,1673,1309,1513,676,1272,1253,64
1314: 1743,513,10,1036,365,503
1315: 1540,1937,1650,410,1870,87,466
1316: 546,429,359,732,526
1317: 1118,1930,1940,1435,846,1592,1139,2003
1318: 350,135,1025,970,1909,456
1319: 1205,771,822,268,976,78,1161,1229,496
1320: 924,1202,1591,683,123,372,54
1321: 773,731,166,241,1916,660,934,1375,700
1322: 779,1680,1006,1589,539,622
1323: 1121,543,887,1354,580,648,1812,1461
1324: 1736,1766,694,825,100,1682,1731,1548
1325: 953,575,1761,789,1146,1461,1183,1639
1326: 1494,870,262,1523,139,388,508
1327: 642,814,1194,965
1328: 710,600,1312,1283,2001,2020,1095
1329: 1793,1740,1343,94,1832,1217
1330: 1755,1081,1746,823,1648,194,249,178,1510
1331: 1411,46,1252,910,73,165,1009
1332: 83,1593,1772,646,556,738,1566
1333: 603,233,943,950,298,554,1285,1437,1184,1562
1334: 1458,868,1433,614,1226,743
1335: 656,1664,65,918,1702,1391
1336: 42,1770,1305,1409,367,1218,1503,1372
1337: 1849,1143,862,1653,1763,1942,567
1338: 33,633,1266,15,1515,1944,818,235
1339: 589,264,75,424,1282,1926,260,790
1340: 1799,780,1646,1779,1357,1746,131,1129
1341: 170,754,796,1797,352,1950,1127
1342: 1869,378,2015,892,1938,445,867
1343: 1740,1329,1832,181,1675,1217,84
1344: 1188,573,261,1983,1924,457,555
1345: 1685,1678,356,193,1736,1766,1448
1346: 220,160,668,488,1467,1779,1799
1347: 1900,326,639,922,1367,908,566,1754
1348: 439,757,959,1880,977,212,1440
1349: 1677,1772,646,1392,508,388,1768,558,1647
1350: 1270,1945,949,1935,360,2013,234
1351: 37,1787,1204,944,1045
1352: 273,1883,243,1744,1114,452,813,1369,991,1733
1353: 1283,485,1142,1629,1384,1633
1354: 580,1016,16,1377,747,1489,1812,1323
1355: 584,1958,595,297,330,418,99,1164
1356: 1124,1951,856,1430,1730,1289
1357: 1779,690,194,1799,1340,1746,1129
1358: 1797,1950,1071,1718,1634,58,1240,354
1359: 802,152,175,1962,741,1886,1371,52,192,985
1360: 250,98,1666,1997,1915,1502,1411,1252,1288
1361: 842,123,86,372,1607,1508,376
1362: 1809,1882,270,1752,1544,1096,224,1138
1363: 200,2018,1192,781,68,645,345,981,1310,1893
1364: 1444,1713,1103,984,718,1090
1365: 1944,714,87,1540,1543,235,791
1366: 278,545,343,847,1222,1406,279,815,1963,1990,1798
1367: 922,908,1477,1923,788,1754,1347
1368: 1966,396,1244,90,198,1038,66,216,427,1380
1369: 1741,991,1733,1352,1883,243,122,149
1370: 1801,1978,61,446,1446,1148,197
1371: 242,276,280,52,1104,192,1359,1010,985
1372: 1299,1492,1503,42,1305,1336,1409
1373: 1311,1655,1729,569,833,620,968
1374: 479,604,853,108,119,1656,202,1888,1416
1375: 400,300,934,978,1321,241,1916
1376: 1478,1156,1667,1769,161,1920,1225
1377: 1354,1016,499,747,120,1489
1378: 1442,831,784,927,727,455,348
1980: 1020,1459,1029,283,1000
1380: 1985,1493,1017,74,1038,145,1368,198
1381: 928,365,1583,503,1480,1961,1775
1382: 1288,809,910,145,73,729,1907,1009
1383: 595,142,588,441,1890,537,418,1649,1214
1384: 742,347,635,485,1142,1353,1180
1385: 1483,158,568,256,1528,792
1386: 476,823,749,851,510,760,1906,951
1387: 896,835,286,453,1895,104,2000,1749,2021,1680
1388: 252,1755,1081,1746,131,1592,1660,1129,179,1987,1139,2003
1389: 70,1066,475,1077,1172,201,1067,132
1390: 649,1749,1046,2021,1667,1074,638,1769,161,585
1391: 1873,1335,65,918
1392: 1349,1772,508,1843,1632,1265,558,83
1393: 1097,1155,1069,1582,692,1068,1294,1514,1072
1394: 1102,744,566,778,326,1494,226,870
1986: 1845,1276,1112,1802
1396: 1053,1559,1001,242,276,553
1397: 109,1972,1595,941,1841,2007,834
1398: 1952,430,830,1814,586,394
1399: 1686,1200,473,780,1646,990,1472
1400: 1080,1714,293,495,509,20,1101
1401: 28,220,160,362,1125,1646,1686
1402: 939,1438,995,47,67,759,1862
1403: 1186,697,162
1404: 370,1651,1556,1303,1866
1951: 1356,1124,327,856,522,1430,492
1406: 545,847,1366,630,1765,1963,1499,102
1407: 1841,861,1689,1725,1246,891,311
1408: 332,897,834,1773,1595,1437,607
1409: 42,337,1896,1336,1372,1492,1286,594
1410: 1878,843,24,111,817,1232,992,117
1411: 46,1331,1252,98,1360,1666,1997,208,73
1412: 663,1105,1711,40,1613,605,1727
1413: 871,1307,1298,582,1976,917,797,621,912
1414: 1910,659,435,203,1859,1840
1415: 1751,1051,18,1745,1120,1881,1988,1474,821
1416: 1888,1150,709,137,389,119,253,1374
1417: 774,1089,317,1547,11,379,1065,816
1418: 1108,1194,301,1447,498,1837
1419: 436,1734,1913,268,1936,592,493,296,496
1420: 1723,970,1760,1588,896,286,1895,274
1421: 1478,1156,302,1781,26,1634,58
1422: 720,783,136,2006,1994,517,392,1817
1423: 1955,1970,658,1693,610,1879
1424: 466,253,625,410,1150,356,193,1766,694
1425: 275,1200,362,189,13,925,855
1426: 609,674,737,48,2009,1035
1427: 80,969,534,49,703,157,961,827
1428: 9,1073,787,1237
1429: 1075,1258,333,1670,1080,163,1905,1628,1199
1430: 1842,1577,386,1463,492,267,522,1356,1951,856,1730,1289
1431: 1033,2019,50,1701,1526,1617,1767,195,1271,490
1432: 671,629,570,1933,1052,1711,40,32
1433: 1458,1334,1291,730,657,1968,614
1434: 456,1982,1061,635,1006,1947,1142
1435: 1317,1940,225,1987,1139,151,1767,2019
1436: 1681,438,1844,1698,653,1935,1091,1795
1437: 1285,507,1184,1595,554,2007,1408,897,1333
1438: 521,1402,939,995,381,1620,902,664
1439: 1217,1535,725,1630,45,84
1440: 212,494,564,748,654,439,1348,1635
1441: 1199,522,544,487,675,1628,745
1442: 1378,831,784
1443: 221,1623,593,1645,234,247,1270,112,309
1444: 1364,1713,1557,1225,1103,1769,984,170,1722,746
1445: 1209,1864,367,1127,352,504,1950
1446: 229,895,1631,255,215,61,873,1370,1188,1148
1447: 608,1998,498,328,301,1198,443,1418
1448: 1663,1345,1736,1766,825,1716,1223
1449: 1781,958,662,1534,806,1134,147,26
1450: 1762,1163,518,663,1555,1727,1117
1984: 339,516,1709,1908
1452: 937,938,683,107,455,1202,86
1453: 1221,695,401,437,571,669,393
1454: 1765,1963,60,1527,1078,1605
1455: 1043,1085,1183,953,1761,292,1521
1456: 36,375,919,1855,1549,435
1457: 75,424,1048,1857,517,1552
1458: 868,1334,1433,909,730
1459: 1020,1029,1980,1605,1281,1748,838
1460: 1076,713,1739,860,1257,1827,1002
1461: 1489,1146,1812,1323,1121,1325,575,547,952
1462: 793,1224,1206,1039,764,969,49
1463: 1842,1577,1430,144,1730,1044,1144
1464: 126,1728,907,96,1523,14,458
1465: 266,591,1786,563
2021: 1749,1390,1046,1387,104,779,1680,585
1467: 668,488,217,761,840,1775,451,1346,223
1468: 85,1919,1147,1515,626,1747,818,33
1469: 645,345,1475,1488,981,1192,114,666,246,1622
1470: 583,1520,134,1946,941,1981,109
1471: 1868,1834,239,671,570,859
1472: 434,1256,990,780,1399,473,380
1473: 933,989,34,1760,1723,342
1474: 806,1134,821,1062,1751,1415,1672
1475: 1469,345,1488,1310,244,1869,1482,1622
1476: 1576,1561,1284,1021,800,929,1570
1477: 1267,1923,788,321,684,922,1367,785
1478: 1376,1156,302,1421,58,1797,796,1920
1479: 1574,180,1084,1796,650,1872,1976,519
1480: 503,1961,900,1775,1381,365,1583
1481: 181,923,1675,454,444
1482: 1869,378,1475,1488,244,1093,615
1483: 883,158,1100,1011,1385,1111,568,792
1484: 1825,672,227,489,983,1742,1140,1715,678
1485: 1832,324,213,1892,1092,1217,725
1486: 146,1177,942,1612,1975,742,154,957
1487: 1949,514,597
1488: 645,1469,345,1475,981,1192,1310,244,1482
1489: 1146,1812,1461,499,1354,1016,1377,789,120
1490: 777,1904,715,1152,315,704,1912
1491: 1608,373,63,1651,1556,1538,1691,967
1492: 484,1299,1372,1409,1286,594,1642
1493: 1380,1017,1038,1966,90,198,1519,1750,736,677
1494: 226,870,182,262,1326,1394,566,639
1495: 1201,655,399,1964,407,289,1242,153,1496
1496: 998,769,1495,399,1964,185,524,289,153
2024: 4
1498: 1114,191,55,1173,1917,1560,1311
1499: 1839,945,630,1765,847,1406,1858,102
1500: 702,1506,1818,202,409,479,604,765
1999: 214,841,1698,480,1522,336,956,1918
1502: 1757,1997,1915,765,250,98,1360,1252,1288
1503: 1218,1824,1833,367,1336,1299,1372
1504: 832,1989,308,1721,609,674
1505: 1967,679,602,1658,258,565
1506: 702,1818,1500,409,1850,1003,1174
1507: 256,1528,902,753,521
1508: 1361,123,372,1607,176,1230
1509: 310,1232,966,458,748,817,126
1510: 249,178,1624,1596,823,749,1777,1330,1796
2002: 1555,1727,1627,1613,489,459,1615
1512: 307,287,1582,1155,1069,1919,1147,1294,1514
1513: 395,1673,1309,1313,1716,1223,676,1272
1514: 15,1294,1512,1393,1155,1069,1068,1944,1072,714
1515: 15,1294,1919,1468,818,1338,33
1516: 1107,230,1979,1619,1674,548,231
1517: 33,633,1747,818,1219,852
1518: 1633,431,2014,1,1629,71,190
1519: 1750,374,1921,736,1493,729,677,1231,701,1756,895
1520: 1470,583,134,1946,836,941,109
1521: 915,292,17,860,1183,1002,1455
1522: 1849,1263,336,862,1251,214,1999,480
1523: 907,1464,96,870,1326,139,81,881
1524: 11,1822,724,1085,1959,920,1119
1525: 677,1231,357,1966,1244,90,755,869,1922,617
1526: 1431,1033,2019,50,1617,195,1271,490,1614,506,187
1527: 1078,1213,1179,1748,1060,1605,1454
1528: 256,1507,753,1385,568,1896,1770,1305
1977: 449,544,327,856,433,996
1530: 283,559,344,1000,979,1274,353
1531: 21,403,1808,893,989,342
1532: 1291,909,730,1563,651
1533: 219,105,477,1806,467,1004
1534: 1871,1672,550,1062,806,958,1449
1535: 1439,45,84,121,1887,1064
1536: 1213,1179,2020,304,600,1903,525
1537: 905,28,220,405,339,1125,1709
1538: 1691,967,1491,63,1651,467,43
1539: 414,1167,1301,1047,1032,703,157
1540: 1315,1937,1650,1365,87,791,1678,356
1541: 1229,1898,1638,78,1579,1586,888,643
1542: 25,536,1058,1098,281,1236
1543: 235,791,1697,1365,1266,1685,1022
1544: 1057,1835,1024,1752,1362,224,1138
1545: 1054,246,285,1741,991,149,114
1546: 1791,1958,1851,1113,1164,1581,854,430
1547: 774,1417,284,1724,413,816,188,1597
1548: 1877,208,1324,825,100,1223,676
1549: 435,203,919,1456,1626,204,1290
1550: 269,1628,745,700,267,1905,530
1551: 803,1564,1934,1291,1563,1819,1572
1552: 517,1289,392,1124,1457,1857
1553: 1656,1764,202,97,1030,391,409
1554: 845,1049,758,1670,448,612,1258,333
1555: 1727,936,1627,2002,1117,663,1762,1135,1450
1556: 1404,370,63,1651,483,1303,1866,373,1491
1557: 1444,1713,1225,170,1722,140,746
1558: 1098,708,281,956,751,1918,1028,1844
1559: 1053,1396,1805,1041,294,276,280
1560: 813,1311,1655,1114,1498,1173
1561: 1576,1476,1284,1810,1212,1021,800,716,1609
1562: 692,1068,828,1640,1333,603,233,943,1928,1018
1563: 1291,1532,651,1564,1934,1551,1819
1564: 1758,1176,129,1934,1551,1563,651
1565: 240,996,245,1124,856,1857
1566: 738,325,236,1332,1593,460,167
1567: 1825,44,672,130,1116,656,1664
1568: 1754,1175,807,1981,1900,1585
1569: 540,1794,12,38,688,1662,1031,1153,713
1570: 1659,1867,893,929,1576,1476,1808
1571: 1107,230,685,1979,772,125,864,263
1572: 1059,1819,92,1811,803,884,1551,1044
1573: 1007,892,1807,445
1574: 1479,180,1084,1796,650,1297,35,519
1960: 695,401,56,1813
1576: 1561,1476,1284,1570,893,1808
1577: 1842,386,1430,1463,492,1730,1044
1578: 1786,383,266,684,631
1579: 358,879,1586,1638,1541,402,888,643
1580: 38,533,688,168,903,789,1739
1581: 299,830,1113,1546,854,430
1582: 1512,307,287,607,507,1393,1155,1069,1294
1583: 928,1381,1249,1480,1775,1885,1233
1584: 284,947,726,1668,932,406,756,1688
1585: 341,1725,1568,1981,1900,889,134
1586: 358,1579,879,1638,464,1541,497
1587: 240,904,245,505,75,1282,589
1588: 1760,1881,500,1988,647,1723,1420,896,286,1895
1589: 1,1947,1322,1006,622,71
1961: 503,1480,900,1186,206,513,1381
1591: 924,1320,1159,54,1763,839,257
1592: 131,846,1660,1129,1388,1139,2003,1317
1593: 1332,83,606,1889,1566,1928,460,1063
1594: 1608,373,735,465,340,483,667
1595: 1972,1397,2007,1408,897,834,1437
1596: 249,1510,1624,823,749,1777,752
1597: 390,1969,1992,1547,413,987,188
1598: 1604,1683,1778,1181
1599: 1795,1834,1254,1681,1844
1600: 539,39,984,1074,1103,585,718,143
1601: 999,187,1614,1003,1220,1023,423
1602: 1610,116,1048,720,783,2006,1203,1794,12,533,1856
1603: 1720,468,1168,354,228,1718,504,1950,1011
1604: 1598,1683,681
1605: 1459,1029,1748,1060,1527,1454,60
1606: 113,393,55,1221,401,334,191,2008
1607: 1361,842,1508,1210,376,1230,587
1608: 1594,373,1491,667,51,940,967
1609: 716,1261,64,1253,1293,800,1561,1810,1212
1610: 1926,397,116,1602,720,12,533,1856
1611: 1621,804,425,728,881,310,1782
1612: 520,457,1975,573,1207,1177,1486,555
1613: 1412,40,605,1727,2002,459,1131
1614: 490,1526,1850,1601,187,1003,1220
1615: 130,734,936,1627,2002,489,44
1616: 1050,66,216,930,1726,805
1617: 1431,2019,50,1526,1141,1030,1767,391,1850,490
1618: 833,620,265,1264
1619: 993,224,1674,1138,230,1516,1979
1620: 939,1438,72,664
1621: 1611,804,728,1768,1083,1647
1622: 1869,2015,666,1469,1475,1637
1623: 221,1443,593,1645,112,931,148,557
1624: 249,178,1510,1596,1777,184,1872,1084,1796
2015: 1869,378,1342,1622,1007,1637,892
1626: 204,1635,14,1290,346,1549,494,1728
1627: 1555,1727,936,2002,1117,1135,734,1615
1628: 1550,745,1905,530,1429,1441,1199
1629: 1142,1353,1,71,1633,431,1518
1630: 1439,725,45,1092,1884,115,89
1631: 1446,229,255,215,873,351,1148
1632: 1843,1246,811,262,388,1392,508
1633: 2020,1095,431,2014,1518,304,1283,1353,1629
1634: 58,1240,1696,1781,662,1676,1071,1421,1358
1635: 1626,204,14,346,654,439,494,564,1440
1636: 141,562,955,1820,371,1735,1890
1637: 1245,1007,666,799,1869,2015,1622
1638: 877,464,78,1161,1541,497,1579,1586
1639: 1257,1183,789,1739,1146,953,1325
1640: 603,233,943,1928,1088,1063,692,828,1562,1018
1641: 1182,1208,801,1654,1875,682
1642: 1949,597,594,484,1492,322,1738
1643: 1665,757,959
1644: 622,71,190,1712,39,143,1170
1645: 221,1623,1443,593,247,629,148,69
1646: 1799,1340,780,1401,160,1399,1686
1647: 1083,1737,556,1768,1621,1349,1772,646
1648: 476,823,690,194,150,249,1330
1649: 330,850,418,1214,441,537,595,1383,142,297,588
1650: 1540,1315,410,1870,87,466,1678,356,193
1651: 1404,370,63,1556,483,1303,373,1491,1538
1652: 1106,551,921,824,1154,93
1653: 171,1763,839,176,1942,421,1849,1143,1337,862
1654: 1641,801,1761,547,682,1043
1655: 1560,813,1311,1373,991,833,968,285
1656: 1553,1764,202,1195,108,119,604,1374
2001: 95,1180,1669,1732,1283,1095,710,1328,1312
1658: 1171,602,1967,1015,679,1505
1659: 1570,1867,729,929,374,1756,446
1660: 131,1592,1129,1388
1992: 512,1969,515,1597,987,319,1815,1774
1662: 118,1287,218,1031,540,1569,1794,1153
1663: 1448,1304,1716,1993,1673
1664: 656,1335,1116,672,1567,232,1702
1665: 1899,1643,959
1666: 98,1360,100,1682,528,208,1411,46,1252
1667: 1376,1156,302,696,649,1390,638,1769,161
1668: 726,885,932,724,1065,284,1584,816
1669: 2001,314,95,1180,1732,411,710
1670: 1554,1049,448,509,1080,163,1429,333
1671: 1042,353,1785,559,1804,124
1672: 1534,1871,1062,1120,1751,1474,806
1673: 395,1513,1313,1663,1716,1223,1823,1993
1674: 1619,993,224,1135,548,826,1166,1516
1675: 181,121,923,1481,1343,84
1676: 1187,1781,958,662,954,26,1634,1696
1677: 1349,508,1768
1678: 1685,356,1345,1540,1650,791,193,1736
1953: 829,1941,1302,535,263,1211,685
1680: 1322,779,1006,1387,1895,106,104,1749,2021
1681: 1028,438,1844,1436,1698,653,1935,1945,1795,1254,1599
1682: 100,1731,528,137,1324,98,1666,208
1683: 1604,1598,1778,681,1066,1172
1684: 1962,1064,1789,45,89,450
1685: 1678,1345,1543,791,1697,1304,1022
1686: 1399,1200,1401,160,362,1125,1646
1687: 891,472,311,1265,558,83,606
1688: 228,756,1071,599,932,406,284,947,1584
1689: 341,1725,1013,1246,1841,1407,311
1690: 577,172,751,722,1098,536
1691: 577,477,172,1538,967,1491,467,43
1692: 1269,148,518,663,69,1105,1711,1163
1693: 610,1879,1800,1110,1892,665,1092,1423,213
1694: 478,1079,786,2016,1707,88,1278
2022: 8
1696: 1634,58,1240,954,1187,662,1676,756,1071
1697: 1543,235,633,1266,1685,1178,1699,1022
1698: 214,1999,841,1952,1847,653,1091,1681,1028,438,1436
1699: 1304,1022,1247,1697,848,711,1178
1700: 1757,1915,702,1228,1174,739,691
1701: 1431,1033,2019,1118,1940,719,1767,141,876,195,1271
1702: 988,918,672,232,248,1335,1664
1703: 1026,687,34,1790,1734,377,647
1704: 330,850,418,1214,171,257,421
1705: 1866,465,963,483,1303
1706: 205,776,894,1019,978
1707: 542,786,1788,1848,1694,1079
1708: 671,629,1868,2013,221,234,247
1709: 516,1125,339,1984,28,1537
1710: 1023,423,1726,999,1829,323,552,99
1711: 69,1105,1412,40,629,1432,1692,32
1712: 1644,190,2014,304,529,1060,1170,1179
1713: 1444,1364,1557,1090,746,602,601
1714: 1080,1905,1400,530,509,660,20
1715: 1803,678,634,37,1742,1140,1484,227
1716: 1223,676,825,1448,1663,1993,1673,1513
1717: 93,470,1738,1099,597,921
1718: 228,1071,1240,1720,1603,354,1358
1719: 1911,782,1903,815,525,1771,2005,906
1720: 468,1168,1603,354,228,1071,1718,599
1721: 852,848,711,308,674,832,1989,1504
1722: 170,796,1920,1444,1557,1225
1723: 970,1420,342,34,1473,1760,1588,1025
1724: 284,947,413,816,1547
1725: 1689,1585,341,134,941,1841,1407
1726: 1710,1023,423,323,1050,1616,930
1727: 1555,1627,2002,663,1412,1613,1450,459
1728: 126,907,1464,1626,14,1290,412
1729: 980,1173,1311,1373,569,833,620
1730: 144,1144,1577,1430,1463,1356,1289
1731: 100,1682,528,1150,137,1324,694
1732: 2001,314,95,1669,411,254,710,1185
1733: 1369,1741,991,1352,1883,813
1734: 436,1913,377,1419,592,296,687,1703,1051,18,1109
1735: 441,1890,827,371,961,1636,955
1736: 193,1324,1766,694,825,1678,356,1345,1448
1737: 1083,1647,556,763,1780,707,138
1738: 1717,470,484,322,679,1099,597,1642
1739: 903,789,38,1580,1460,1257,1639
1740: 1793,1329,1343,181
1741: 1369,991,1733,149,114,1545,285
1742: 37,1787,1140,1484,1715
1743: 1314,513,10,1036
1744: 273,1070,1352,1883,243,880,1056,103
1745: 1051,18,1415,1881,500,1988,821
1746: 1330,1388,1755,1081,1779,1357,690,194,1340,1129
1747: 626,818,1468,1306,1517,469,1219
1748: 1281,529,1060,1527,1459,1605
1749: 649,1390,1046,2021,835,1387,453,1895,104,2000,1680
1750: 1519,374,1921,736,145,1493,1017,729
1751: 18,1415,1109,1062,643,1120,1672,1474
1752: 1024,555,520,1544,1096,1809,1362
1753: 769,404,549,185,287,1147
1754: 1568,807,788,1367,1347,1900
1755: 1330,1388,252,1081,1746,194,1129
1756: 61,446,1519,374,1921,701,1659,1867,895
1757: 1915,1502,1700,765,702,691
1758: 1176,1564,129,651
1759: 505,363,364,1248,1306,904,469
1760: 1881,500,1988,1588,647,34,1473,1723,1420
1761: 953,1325,575,547,682,1043,1455,1654
1762: 1057,1163,1835,1135,1450,1555,936,1117
1763: 54,1653,171,839,1591,123,176,1942,428,1337
1764: 1553,1656,202,1195,1034,97,1030,108
1765: 630,1963,1852,1454,60,545,1406,1499
1766: 193,1324,1736,694,825,1424,356,1345,1448
1767: 1141,151,225,1139,1940,1435,1431,2019,50,1701,1617
1768: 139,388,81,1621,728,1677,1349,508,1647
1769: 1103,638,161,1390,1376,1667,1920,1444,1225
1770: 42,337,1896,1305,1336,568,1528,753
1771: 600,1312,417,767,1903,1719,906
1772: 1349,646,1392,508,558,1647,556,1332,83
1773: 332,1408,897,834,693,307,607
1774: 1815,67,169,987,1992,515,319,238
1775: 1480,900,1381,1583,1233,451,1467,217,761
2014: 2020,1633,431,1518,304,190,1712,1060,1179
1777: 752,763,1780,184,749,1510,1624,1596,1872
1778: 1598,1683,1066,1172,637,29,1181
1779: 1357,690,194,223,488,1346,1799,1340,1746
1780: 1777,752,763,623,699,1083,1737
1781: 662,1676,1449,26,1634,58,302,1421
1782: 310,966,117,576,1611,425,133
1783: 803,884,579,636,1842,386,1044
1784: 57,414,1167,1243,1948,2004,1301
1785: 559,344,560,462,1671,1804,124
1786: 1578,1465,266
1787: 37,1742,1351,1140,944,983,627
1788: 1093,615,542,79,1707
1789: 1962,1684,294,1064,1887,450,280,52
1790: 716,1261,210,592,1212,1913,377,1026,1703
1791: 1958,1851,1546,1263,336,854,1847,214
1792: 574,537,491,80,534,441,827
1793: 1740,1329,312,94
1794: 1203,82,540,1569,2006,1602,12,688,168,1856,1662,1031
1795: 1834,1254,1599,1935,1681,1844,1436,1945
1796: 1479,1574,180,1084,184,178,1510,1624,650,179
1797: 352,1950,1358,58,1478,796,1341
1798: 1837,642,1990,782,1830,278,343,1366
1799: 1340,1646,160,1346,1779,1357
1800: 1693,1110,1892,665,1092,306,1884
1801: 1370,1978,446,361,1148,197,1207,1115
1802: 1112,1874,222,1276,1986,1904,715,1152
1803: 914,248,1715,678,634,227,232
1804: 124,1785,1671
1805: 1053,1559,132,1041,1826,1077,201
1806: 467,43,219,1533
1807: 892,1573,445
1808: 1531,1576,1284,1570,893,933,989
1809: 1362,1882,270,1752,1238,1096,295
1810: 1561,1284,1212,800,716,1609
1811: 1059,1819,92,1572,686,803,884,1044
1812: 1489,1146,1461,1354,580,1323,1121
1813: 1040,926,1996,1279,56,1960
1814: 755,1193,869,586,830,427,1398,396,1244
1815: 1111,169,1774,156,512,1992,515,1100
1990: 642,1798,278,343,1222,1366,965,329
1817: 41,972,1863,1994,392,1422,136,2006
1818: 702,1506,1500,202,409,1850
1819: 657,1059,1572,1811,803,1551,1291,1563
1820: 1032,719,371,703,141,1636
1821: 1057,1163,261,1983,1269,1024
1822: 11,1524,379,724,1065,1959,801,920
1823: 1861,1929,1993,640,395,1673,863
1824: 1218,1503,1833,170,754,1127,140
1825: 1484,44,672,1567,227,489,983
1826: 717,1041,975,132,164,1077,1805
1827: 1191,103,1002,1076,1460,1153,1227,880,915
1828: 128,532,303,1116,656,65
1829: 999,142,1932,1710,1023,99
1830: 301,2005,782,278,1837,642,1798
1831: 920,1119,781,68,292,673,17,200,618
1832: 1485,94,324,1329,1343,1217,725
1833: 1218,1824,1503,140,1171,1299
1834: 1868,1795,1254,1471,1599,1844,901,239
1835: 1762,1057,1544,1135,1117,993,224
1983: 385,261,1924,1344,1269,557,1024,1821
1837: 642,1798,301,2005,1830,1418,1194
1838: 859,1912,1933,1052,1262,315
1839: 849,1499,462,945,630,1858
1840: 1102,412,744,1414,1910,435,203,1859,778
1841: 554,861,2007,1407,941,1689,1725,1397
1842: 1577,386,1430,1463,636,1783,884,1044
1843: 1632,1246,811,1265,558,262,1392,508
1844: 1681,1028,438,1436,708,1558,1795,1834,1599
1845: 1259,1986,422,1276
1846: 355,1235,1870,1954,768,1995,1937,410,625
1847: 1952,854,1791,214,1698,1091
1848: 987,2,1707,319,1079
1849: 1143,1522,1263,1337,336,862,1653,421
1850: 391,409,1617,490,1614,1506,1818,1003
1851: 584,1791,1958,1546,421,1143,1263,336
1852: 630,1765,60,1029,283,560,945
1853: 448,1137,70,475,201,637,1189,1049
1972: 109,1397,1595,1250,705,834
1855: 1456,383,659,435
1856: 12,533,688,168,1610,397,116,1602,1203,1794
1857: 75,1457,1124,856,1565,245,517,1289,1552
1858: 1891,102,1839,849,1499
1859: 922,778,908,785,1414,1910,1102,1840
1958: 584,1791,1851,1546,1355,1113,1164
1861: 1929,1823,1993,640,740,974,976
1862: 72,1128,1278,47,67,1402,939
1863: 1817,41,972,1196,578,320,1996
1864: 1209,568,1445,367,1127,158,1305
1865: 1873,661,1123
1866: 1705,465,483,1303,1404,1556
1867: 1659,1570,893,929,1756,446,1978
1868: 1834,1254,1471,2013,1945,671,570,1708
1869: 378,1342,2015,1482,1622,1475,1637
1870: 1846,1235,1954,87,1315,1937,1650,410
1871: 1534,1672,550,358,1062,402,643,1215
1872: 650,582,1976,138,1777,763,184,1624,1479,1084
1873: 1865,1391,532,65,661
1874: 1112,1802,222,1277,1152,886
1875: 547,770,110,497,682,879,1641,1208,680
1876: 1878,843,1925,62,977,1133
1877: 208,1548,100,676,46,1272,1260
1878: 843,1410,1876,24,111,1133,992
1879: 1693,610,1110,1892,812,1423,1970,213
1880: 1348,757,62,977
1881: 1760,500,1988,1588,647,1415,1745,821,896,286
1882: 1809,1362,270,1138,295,125,1979
1883: 273,1352,243,1744,452,813,1369,1733
1884: 306,316,115,1800,1892,665,1092,1630
1885: 510,1233,1965,898,24,1249,1583
1886: 450,741,1962,280,52,192,802,1359
1887: 717,1041,121,1535,294,1064,1789
1888: 1150,1416,137,119,479,1374,853,528
1889: 83,606,1593,472,603,950,1928,1063
1890: 1735,441,1636,955,501,1383,142,588
1891: 1858,102,847,1222,329
1892: 1693,1879,1800,1110,1092,1485,324,213,725,1884
1893: 1897,1310,527,1192,1363,781,68,981
1894: 1938,867,259,795,408
1895: 106,274,104,1588,1420,896,1387,286,1749,1680
1896: 42,337,1770,1305,1409,1528,753,819
1897: 1310,244,712,527,1893,981,1089
1898: 1229,1541,296,436,888,643,1120,1109
1899: 382,1665,346,654,959
1900: 1347,326,889,639,1754,1568,1585
1955: 1423,658,237,461,1267,1923
1902: 144,1044,1144,1994,92,686,41,578
1903: 1911,1719,525,2020,1771,600,1312,1536,906
1904: 1490,777,715,1152,1802,222,1277
1905: 1080,1714,163,530,1429,1550,1628
1906: 623,951,133,851,476,823,1386,749,752
1907: 729,929,1009,910,1382,145,73,1021
1908: 925,689,1984,516,189
1909: 146,942,1115,361,350,135,1318
1910: 1414,631,659,684,1859,785,1840
1911: 1903,1719
1912: 1933,1052,1838,1490,777,315,531
1913: 436,1734,377,1419,210,592,493,1790,296
2019: 1431,1033,50,1701,1526,1617,1118,1940,1435,1767,876,195,1271
1915: 1757,1997,1157,1502,1700,1360,691,1288
1916: 731,1321,241,400,997,1375,541
1917: 980,481,1173,113,393,55,191,1498
1918: 956,751,1999,841,480,1028,1558
1919: 85,1147,1468,1512,15,1294,1515
1920: 1722,796,1376,1478,1156,1769,1225
1921: 1519,1750,374,736,677,1231,701,61,1756,229,895
1922: 755,869,1244,357,1525,207,617
1923: 1477,1267,788,321,1955,1367
1924: 385,261,1983,873,1188,1344
1925: 62,384,271,1939,1876,1133
1926: 1610,397,116,424,1339,260,533
1927: 1970,658,251,237,1241,794,812
1928: 1088,1063,1593,1889,1640,603,943,1562,1018
1929: 1861,1823,1993,1304,1247,740,974
1930: 1317,1118,846,1256,186,719
1931: 293,894,1181,776
1932: 142,588,501,999,1829,99
1933: 859,1912,1052,1838,1432,570,32
1934: 1564,129,541,803,579,1551,1563
1935: 653,1145,360,1681,1436,1350,1945,1795,1254
1936: 268,976,640,863,493,496,1419
1937: 1540,1315,410,837,1846,1235,1870,714,87
1938: 1894,445,867,259,1342
1939: 10,271,1925,928,365,1133
1940: 1317,1118,1435,1139,1767,1033,2019,1701,876
1941: 1953,1302,263,1082,1273,864,328
1942: 176,428,1653,1763,839,1337,567
1981: 1175,1568,807,665,1470,583,134,1946,1585
1944: 1072,714,1365,15,1514,1338,1266,235
1945: 1350,653,1935,360,1681,1868,1795,1254,2013
1946: 1470,583,1520,134,665,1175,1981,306
1947: 1589,1,1434,1982,635,1006,1142