0: 
1: 71,1629,1142,1947,622,1589
2: 188,1597,338,1848,1308,987
3: 
4: 
5: 
6: 613,596
7: 350,1061,942,1486,742,635,766
8: 2022
9: 408,1073,1428
10: 271,365,1036,1939,486,1743,1314,503
11: 317,527,920,1657,1822,670,816,1065,379,1417
12: 688,1569,82,1794,1602,1203,533,1610,1856,38,168
13: 1295,511,820,387,925,973
14: 1290,1626,1728,494,1635,748,126,1464
15: 1514,1072,1919,1294,1069,1515,1944,1338
16: 609,1035,1989,1426,426,580,1016,648
17: 1831,618,857,1191,673,860,915,1002,1827,1521,292
18: 1120,1051,1109,1988,1751,1745,1415,821
19: 282,619,419,449,482,524,153,998,946,904
20: 1714,934,1101,1400,572,660,1019,442
21: 361,403,893,1978,1531
22: 58,1676,1634,1696,1187,662,26,1421,302,1781
23: 1940,1701,1271,719,876,1118,1930,1317,1139,141
24: 843,1878,1410,1249,898,59,992,1885
25: 1542,536,1058,440,1004,1126,463
26: 147,696,806,1449,662,22,1421,302,1781
27: 727,784,935,624,1027
28: 160,1346,1401,220,1709,1537,1125,905
29: 495,1137,1181,1778,1172,637
30: 1132,94,312,794,812,1511,324
31: 1976,582,917,1413,1872,138,912,707,650
32: 882,1432,1933,531,1052,40,605,982
33: 818,1468,1515,1338,1266,1517,633
34: 1703,1760,647,1026,1212,933,989,1473
35: 1574,519,1297,97,1034,723
36: 1456,1855,375,919
37: 634,1351,1742,1787
38: 168,523,1580,713,533,12,1031,688,1569
39: 539,622,1600,1644,143,718,1170
40: 605,982,1727,1613,1711,32,1432,1412
41: 1817,1863,1902,1144,1994,320,578
42: 337,1896,1286,1305,1770,1372,1336,1409
43: 467,1538,1956,370,63,1806,775
44: 1615,1575,1825,489,130,1567
45: 115,1684,1630,1535,1439,1064,1789
46: 208,1877,1666,1331,1411,1260,165
47: 67,1402,1862,939,478,238,1128,1278
48: 264,2009,737,1035,1426,747,790,1016
49: 414,793,1427,157,1462,969
50: 151,1617,490,1141,1767,1118,1526,1431,2019
51: 667,1608,567,628,1251,722,940
52: 280,1962,1886,276,192,1371,872,1359
53: 641,838,1020,601,258
54: 123,176,1763,1320,372,1591,839
55: 113,191,393,1498,1917,669,1221,1606,481
56: 1279,1405,1813,808,695,401,1960
57: 1784,913,1165,2004,1206,414,793
58: 1240,1676,1634,22,1421,1478,302,1781,1797
59: 117,576,992,851,24,898,510,760,1885,951
60: 283,1852,1029,1454,630,1765
61: 229,1148,1370,1446,1756,895,446
62: 1880,977,384,1876,1925
63: 1651,370,1556,1404,1491,43,1538,1956,775
64: 1253,1609,1272,1313,1309,210,716,1790,1261
65: 532,1873,1828,656,1335,1391
66: 930,427,216,1050,1616,1368,1038,1966,396
67: 47,1402,1862,995,169,238,1774,759
68: 1831,196,618,1695,857,781,2018,1363,200,1192,1893
69: 1711,247,290,629,671,1645,148,474,1105
70: 1189,1853,1066,201,475,1389,1137,1172,637
71: 190,1518,1629,1644,1,622,1589,1712
72: 1620,1128,1862,939,787
73: 910,1252,1331,1411,1382,165,1021,1009,1907
74: 691,805,739,1985,1157,1380,1038
75: 424,1282,1339,1587,245,1565,1857,1048,1457
76: 429,1973,1590,1206,721,1316,546,1165
77: 1216,1210,183,963
78: 268,1319,1161,771,1638,464,877,1541,1229
79: 259,542,378,1093,867,1788,1012
80: 534,827,961,1427,969,1087,574
81: 139,1768,508,881,1523,1611,728,1621
82: 12,540,1794,136,2006,1203,159,127
83: 1772,1349,1392,558,1687,606,1593,1332
84: 1535,121,1439,1217,1343,1675,725,923
85: 818,1468,404,1147,1919,626,810
86: 1452,1202,1280,372,842,107,1361
87: 1315,837,1235,1937,714,1365,1540
88: 1128,1237,1278,1694,786,1073,2016
89: 115,1684,316,836,450,291
90: 1493,198,1368,1966,396,869,1244,677,701,736,1922,357,1525
91: 1296,832,1292,1721,1247,711,1989,740,974,1037
92: 686,1968,1044,1059,1572,1811,1902,884,1144,578
93: 470,921,1717,551,1154,1652
94: 312,30,1793,1511,1832,1329,324
95: 485,1180,415,314,1669,1283,1732,2001
96: 907,1464,881,1523,310,458
97: 1034,1195,1553,1764,723,35,519,1030
98: 250,1502,853,528,1682,208,1666,1252,1360,1411
99: 297,366,552,1710,331,1355,1164,323,1113
100: 208,1548,1877,694,1731,1682,1324,825,1666
101: 621,768,1008,272,1298,1954,1776,389,733
102: 329,343,1222,1891,847,1406,1499,1858
103: 243,122,880,1227,1827,857,1191
104: 2021,1046,1749,1895,286,835,896,1387,106,779,1680
105: 1259,1533,440,1004,477,219,422
106: 274,1982,1895,286,1387,104,1680,1006
107: 376,1234,1027,842,455,935,86,1452,1280
108: 119,2017,709,389,272,1195,1374,1656
109: 306,316,583,836,1946,1470,1520,291,1972,705
110: 464,497,543,952,1121,1854,547,879,770
111: 843,1410,212,1440,564,817,748,1232
112: 351,385,873,948,309,593,931
113: 55,393,1917,669,1268,481
114: 246,1741,1545,2018,149,1469,345,645,1192
115: 45,89,1684,1630,1055,1884,316,836
116: 1926,397,1610,1856,517,1048,1457,424,1339,1602,720
117: 59,576,133,992,1410,1782,1232
118: 218,1056,1662,1287,1070
119: 1888,2017,709,1416,108,389,733,1374,1656
120: 499,1377,1489,1901,903,789,1146
121: 84,1535,717,1675,444,975,923
122: 149,243,1369,103,880,196,857
123: 54,176,1508,1763,1320,372,1361,1230
124: 1785,1804,1671,462,849,1839
125: 1882,1979,295,270,411,254,772,1571
126: 494,748,14,1728,1464,1509,458
127: 159,926,1996,972,136,2006,82
128: 548,1107,826,211,303,231,532,1828
129: 541,1934,1564,1758,1176,997
130: 1116,1567,211,44,1615,1575,826
131: 780,1472,1340,1357,1129,434,380,846,1660
132: 1077,1389,1826,164,975,1066,1067
133: 117,576,1782,425,420,951
134: 341,1725,1470,1946,1568,1585,1981,583
135: 361,1909,403,342,1025,350,1318
136: 1817,972,2006,783,1422,127,82
137: 528,1731,1150,1682,1888,1416,694,853
138: 763,1872,1737,556,707,31
139: 870,388,1768,1326,508,81,1523
140: 746,602,1171,1557,170,1833,1824
141: 1820,1636,562,23,1940,1271,719,876,195,955
142: 1932,501,1890,595,588,441,297
143: 644,960,718,39,1644,529,1170
144: 1144,1463,1730,1994,1356,392,1289
145: 809,1017,1382,910,729,1907,1750,374
146: 1207,1909,1115,350,942,1486,1177
147: 26,696,806,1134,1449,2000,649,302
148: 1821,557,1269,221,1623,69,1645,474,1692,1105,1163
149: 243,122,1369,196,114,1741,991,2018,1192
150: 1149,1648,318,840,223,1746,194,690
151: 391,1030,1617,50,1141,1297,1767,723
152: 192,1104,985,1359,802,175,693,994,1964
153: 289,399,1496,1495,1242,769,1679,19,482,524,998,946
154: 1975,1486,742,957,347,766,1180,415,1238
155: 1302,1198,1082,1941,616,328,1998,1447
156: 468,1111,512,1100,169,515,1815,1483
157: 49,414,1427,1539,703,1816,961
158: 1864,568,1100,1209,883,1385,1483
159: 926,1996,127,1287,540,82
160: 28,1346,1686,1401,1646,220,1799
161: 638,1667,1769,585,1046,1390,1074,1103
162: 697,1403,1186,206,339,405
163: 448,1080,1670,1429,333,1554,1905,1075
164: 454,444,975,1067,132,1826
165: 1021,800,1009,46,1331,73,1293,1260
166: 773,269,700,731,1321,934,572,660,241,1916
167: 797,236,460,912,1566,621,866,1008
168: 38,523,1580,903,397,533,1610,1856,12,688
169: 238,1992,1815,1774,156,1111,67,759
170: 754,1824,796,1557,1722,140
171: 421,1143,257,1704,839,1763,1337,1653
172: 1690,577,722,967,940,1691
173: 240,904,433,996,874,544,282,419,449,1977
174: 288,726,305,2012,1197,680,1208,1215,1094,1182,550
175: 332,693,994,802,192,985,1359,152
176: 54,123,1508,1763,839,1230,428,1942
177: 188,1597,1969,413,1547,1724,774,390
178: 1796,1624,1510,368,249,1330,1081,180
179: 2003,252,1081,1987,368,180,398,225,1297,1139
180: 1479,1574,178,1796,368,179,398,1297
181: 1740,1481,1343,1329,1675,923
182: 226,262,811,1494,639,889,326,1326,1013
183: 1210,376,624,1234,1027,1216,77
184: 752,763,1777,1872,1084,1796,1624,1510,582
185: 1753,1964,549,769,1679,994,1496
186: 1047,1816,1032,1930,1256,719,1820
187: 999,506,1526,1431,490,1614,1601
188: 2,177,1597,1547,774,338,1089,987
189: 362,973,1425,516,1908,925
190: 71,1518,1629,1644,431,1633,1170,2014,1712
191: 55,393,1498,1917,1606,2008,1560,1114
192: 1104,1371,872,985,1359,152,52,1886,175
193: 1650,1736,1766,1424,1345,694,466,1678,356
194: 1746,690,1357,150,1648,249,1330,1755
195: 506,1526,1431,2019,1940,1271,876,1033,1118,141,562,501,955
196: 1831,618,1695,68,857,149,122,2018,1363,200,1192
197: 573,1207,1801,1148,1370,255,1188
198: 1493,90,1368,1380,1038,216,1017,1966
199: 1904,1152,1277,777,447,944,1204
200: 1363,345,645,981,1192,1893,1831,196,68,781
201: 475,1805,1077,1389,1053,70,1189
202: 604,1374,1500,1656,1553,1764,409,1818,1506
203: 435,1840,1414,1549,412,1290
204: 382,919,346,1549,1290,1626,1635
205: 776,1706,978,432
206: 900,1961,1186,162,405,1537,905
207: 1922,617,948,755,1193,1661,949
208: 100,46,1548,1877,1731,1682,98,1666,1411,1260
209: 1198,1082,443,1273,417,767
210: 493,592,1309,863,64,1790,1261
211: 130,1116,1575,128,548,826,1828
212: 1440,564,1348,439,977,1876,111,843
213: 812,1879,1511,1693,324,1092,1485,1800,1892
214: 336,1791,1847,1999,854,1952,1698
215: 357,617,948,1231,229,351,1631
216: 805,1050,1616,930,66,198,1368,1038,396
217: 840,1467,668,1775,761,451,1233,1965
218: 118,880,1056,1227,1153,1662,1287,1031,1569,713
219: 467,1806,105,1533
220: 28,160,1346,1401,761,1537,905,488,668
221: 309,1623,593,1443,1860,1270,1708,290,1645,234,148
222: 1904,1802,1152,1277,1874,715,1112
223: 840,1467,488,318,451,150,690,1779
224: 1544,1138,1835,993,1882,1979,1619
225: 398,1141,1297,1139,1435,1767,1987,179
226: 182,1494,639,1347,1394,908,566,326,744,870
227: 232,248,672,678,1715,1484,1825,1567,1803
228: 599,1720,1688,756,947,1071,1718
229: 61,1148,1446,1756,1519,1231,701,895,215,1631
230: 1979,1619,1516,1107,685,1571
231: 1211,303,829,128,1516,548,1107,685
232: 1702,248,672,678,1664,227,1803,988
233: 692,1097,1333,1285,943,1184,603,1640,1562
234: 247,290,1645,1860,1270,1708,2013,221,309,593,1443
235: 1944,1338,1266,1543,791,1365,1178,1697,1022
236: 797,325,460,912,707,1566,167,738,1593,917,621,866,1008
237: 251,1927,461,563,658,1970
238: 169,319,1992,1774,478,47,67
239: 1158,859,1471,1834,1943,1262,590,901
240: 173,904,433,996,874,505,1565,1587,245
241: 432,1375,1916,1019,978,934,660,166,1321
242: 553,1396,612,276,1104,1371,872,1010,655
243: 149,1744,122,1883,1369,103,880,273,1352
244: 1488,615,1482,1475,1310,712,1093
245: 75,1282,1587,1565,856,240,996,874,1857,1124,1457
246: 114,1741,1054,1545,1469,799,666,1622,1637
247: 69,290,629,671,1645,234,1708,1868
248: 1702,232,678,227,914,1803,988
249: 476,1648,823,1330,1596,194,178,1510,1081
250: 765,1502,98,853,479,528,1666,1360
251: 237,1241,1927,563
252: 2003,1755,1081,1987,1388,179,368,398,1139
253: 709,1416,733,625,466,1424,694,1150
254: 1732,1185,411,1669,125,295,772
255: 351,873,1631,1148,1446,573,197,1924,1188
256: 792,902,1385,1528,568,521,1625,753
257: 1704,1159,1591,839,850,171
258: 565,601,602,53,641,1505
259: 79,542,867,1938,795,1894,1012
260: 1926,397,1339,264,499,790,1901
261: 555,1344,1024,1914,1924,1188,385,1983
262: 182,811,1494,889,388,1326,508,1632,1013,1843
263: 772,864,685,1941,1571,1211,1953,1302
264: 48,2009,1282,1339,589,260,790
265: 1190,1264,1255,620,1974,833,968,1618
266: 684,1786,1578,631,591,1465
267: 386,1577,1430,844,899,492,269,745,1550,675,636
268: 496,78,976,1319,1936,1205,1419,296,1229
269: 166,773,700,572,530,745,1550,636,267,386
270: 314,411,1238,957,1096,1809,1138,415,125,1882,295
271: 10,1925,1036,1939,486,384
272: 871,1298,101,1195,2017,108,389,733
273: 813,452,1352,349,1070,243,1744,1883
274: 970,106,1982,1420,1723,1895,286
275: 2004,473,1243,1167,1200,1425,855,1399,1948
276: 1559,294,52,280,1396,242,872
277: 916,831,598,1378,927,938,878
278: 782,815,2005,1798,1830,1719,545,1837,343,1990,1366
279: 545,1078,1963,525,782,815,1911
280: 52,1962,1886,1789,1559,294,276,1371,872
281: 708,1943,1558,751,1542,1236,1098
282: 19,619,419,449,482,946,173,904,433,364
283: 60,560,1980,1852,344,1000,1029,1530
284: 1724,816,1065,1668,1584,1688,932,947
285: 1974,1655,968,1733,1741,991,1054,1545
286: 1881,1895,896,1387,1588,1760,274,106,1420,104
287: 1512,1147,1582,1919,307,1753,549
288: 174,2012,1197,1187,550,406,954
289: 153,399,407,1496,1495,1201,1242,369,482,524
290: 69,247,629,1645,234,1270,1708,221,1623,1443,474
291: 1250,741,705,89,109,836,450
292: 1085,1119,1524,860,915,1521,1455,17,1831,618,673
293: 1931,894,495,1181,442,1101
294: 1559,1887,276,1064,280,1962,1789
295: 125,1882,1979,1809,1138,270,411,254
296: 1541,1898,1229,268,496,1913,1419,436,1109,1734
297: 99,1829,366,552,142,1932,595,418,588,441,331
298: 554,861,891,950,1184,311,472,603,1437,1333
299: 930,323,427,552,1581,1113,830
300: 400,432,1375,997
301: 1447,1418,1837,1198,443,2005,1830
302: 1156,1421,1478,1781,147,26,696,58,22,1667
303: 1211,829,231,128,532,1828,1005
304: 600,1536,2020,431,1633,2014,1179
305: 174,726,2012,1641,680,1208,1215,1875,1182
306: 109,316,583,836,1055,1175,665,1946,1981,1470
307: 607,1408,1155,1773,693,549,1512,1582,287
308: 416,852,1219,1517,1721,469,674,1504
309: 221,593,931,1443,948,1661,1860,1270,112,351,234
310: 1782,1509,966,458,1611,96,881,728
311: 1407,1246,1265,558,298,861,891
312: 1132,94,30,1793,1329
313: 1175,698,807,1981
314: 270,411,1669,1238,1180,95,415
315: 777,1490,1838,1912,1262,590,704
316: 109,306,583,836,1055,665,89,115
317: 11,527,1897,1893,1417,774,1089
318: 451,760,1965,840,223,150,1149
319: 238,1992,1308,1774,987,1079,478
320: 561,578,750,1151,41,1196,1863
321: 684,785,591,1267,1923,1477
322: 1738,470,652,1099,679,1015,1967,484,1642
323: 930,1726,299,427,99,366,552,1710,1616,1113
324: 1485,1892,94,30,812,1511,213,1832
325: 236,460,912,707,1566,1332,556,738
326: 1394,778,908,566,1347,1900,182,226,1494,639
327: 856,1977,1951,522,544,1130,492,996
328: 581,1971,616,535,1998,155,1302,1082,1447,608
329: 102,1990,1222,1891,965
330: 331,1355,595,418,1649,850,1704,421,584
331: 330,1355,1164,595,418,99,297,366
332: 1773,175,693,834,802,1408
333: 758,1258,1554,163,1429,1075,1836
334: 401,1960,1606,2008
335: 447,627,1131,531,605,982
336: 214,1791,1999,1143,1263,1849,1851,862,1522,480
337: 42,1896,762,819,1286,753,1770,594,1409
338: 774,712,1089,2,188,1848
339: 1709,405,697,162,890,1984
340: 587,971,465,1594,735,373,1303,483
341: 134,1725,1689,1585,811,889,1013
342: 1723,1531,989,1025,1473,135,403
343: 102,1990,1222,1366,545,1963,278,815,847,1406
344: 283,560,1000,353,1530,1785,559,462
345: 1469,1363,200,645,981,1192,1893,114,2018,1488,1475,1310
346: 382,204,919,654,959,1899,1626,1635
347: 1384,485,766,1180,415,742,154,957
348: 1378,455,927,938,831,727,784,935,1280
349: 2008,1070,1114,452,273
350: 1061,1318,456,7,942,1909,135,146
351: 112,255,873,1631,1231,215,948,309
352: 1379,1445,504,1950,1341,754,1127
353: 471,824,979,1530,1274,344,1042,559,1671
354: 1358,1950,1718,1240,1603,1720,504
355: 1995,768,866,1008,1063,1640,1088,1018,1846
356: 791,1678,1540,1315,466,193,1650,1345
357: 1922,215,617,948,1525,90,1244,1231,677,701,895
358: 402,1871,1094,1275,643,888,1579,680,879,1215
359: 732,1316,546,1295,511
360: 1350,1661,949,1145,394,653,1935,1945
361: 1909,135,1115,21,403
362: 189,1200,1425,1125,516,1686,1401
363: 1759,469,505,416,737,875
364: 904,433,505,282,619,1248,1759
365: 10,1939,1314,503,1381,928,1480
366: 99,297,1829,552,1710,331,323,1113
367: 1864,1305,1209,1379,1218,1503,1336
368: 178,1796,252,1081,1987,1388,179,180,398
369: 487,1836,1258,289,407,1242,419,449,482
370: 1651,1866,1556,1404,63,43,775
371: 1820,611,1636,703,1032,827,961,1735
372: 86,1202,842,1361,54,123,1508,1320
373: 1651,1866,1556,1303,483,1491,340,465,1594,1608,1956
374: 729,1659,1750,145,1493,1519,736,895,1921,1756
375: 36,382,919
376: 1210,183,1234,1027,842,107,1361,1607
377: 1913,592,1026,1790,436,1734,1703,647,687
378: 79,1093,867,1869,1482,1342,2015
379: 670,816,1065,1668,1417,1524,1657,724,1822,11
380: 846,1660,1930,1256,1592,131,780,1472,434,1047
381: 1620,1438,664
382: 204,919,346,375,1899
383: 1578,631,1855,659
384: 62,486,271,1925
385: 112,873,931,261,1914,1924,1983,557
386: 267,1577,1430,844,899,269,745,1842,1783,636
387: 689,925,13,1295
388: 139,1326,508,262,811,1494,1632,1349,1843
389: 119,2017,709,108,733,101,768,272,1298,1776
390: 599,1168,1720,177,1597,1969,413,515,512
391: 151,1030,1617,490,1553,1850,409,1506
392: 517,1289,1552,144,1994,1817,1422
393: 55,113,191,1917,669,1453,401,1221,1606,1268
394: 1145,586,1091,1193,653,1398,1122,360
395: 1313,1309,863,1513,1673,640,1823,1993
396: 1966,1814,755,869,1244,216,930,66,427,90,1368
397: 116,1926,533,1610,1856,260,1901,168,903
398: 225,1297,1767,368,252,1987,179,1574,180
399: 153,289,1496,1495,1201,1104,985,655,994,1964,1679
400: 432,1375,1916,300,997,541
401: 1960,1221,1606,334,56,1453,695,393
402: 358,1871,1062,1275,1586,643,888,1579,1215
403: 361,135,21,342,1531,989,1025,1318
404: 1753,769,1679,1147,626,810,998,85
405: 1709,339,1537,905,1186,697,162,206
406: 1584,1688,932,756,288,726,1197,954
407: 289,1495,1201,1242,612,655,758,1258,369,482
408: 1073,2016,795,9
409: 1850,1818,1506,1553,391,1030,202
410: 1954,625,1870,466,1315,1937,1650
411: 270,314,1669,125,295,254,1732
412: 1290,1728,203,1840,1102,907
413: 177,1597,1969,1724,947,390,599
414: 49,793,157,1167,57,1784,1539
415: 347,1180,95,154,957,270,314,1238
416: 308,1219,363,469,737,674
417: 1719,767,906,1771,209,443,2005
418: 595,588,537,1649,850,297,330,331,1355
419: 19,282,449,482,524,1242,487,369,173
420: 623,699,1906,951,576,133,425,804
421: 171,1143,1263,1849,1851,584,1704,330,1653
422: 1276,1845,911,463,105,1259,440,1300
423: 1023,1220,1174,1710,1050,1228,1616,1726
424: 75,1282,1339,1857,1048,1457,720,116,1926,1610
425: 728,804,1782,1611,133,420,699
426: 580,648,609,1989,16,1292,822,1014,1037
427: 930,323,299,66,830,396,1814,869
428: 567,1942,1337,176,1763,1230,667,735
429: 76,1973,1590,1316,526,546
430: 1546,854,1581,1952,1398,830,1091
431: 1633,190,1518,2014,1712,1179,304,2020
432: 241,400,1375,205,978,300
433: 173,240,904,996,874,364,505,282
434: 473,990,131,1472,380,1256,1047,1301
435: 203,1414,1456,1855,659,1549
436: 1051,1109,1734,496,1913,377,1419,296
437: 571,1453,596,695,1501,808
438: 1681,1436,1698,841,1844,1028
439: 654,959,1348,977,212,1440,564,1635
440: 105,1259,1004,25,1058,422,911,463
441: 595,588,537,1649,1383,611,1792,1735,142,955,1890,297
442: 1019,1706,978,293,894,20,1101
443: 209,1198,1082,417,1719,906,2005,1830,301
444: 454,164,975,923,1481,121
445: 892,1807,1395,1938,1342
446: 1867,1978,1659,1921,61,1370,1756
447: 627,944,335,531,777,199
448: 163,509,1080,1670
449: 19,282,419,487,369,544,1977,173,904,996
450: 1962,1886,1789,89,1684,291,741
451: 318,1233,1885,1965,1775,217,840,1467,223
452: 813,1114,273,1352,349,2008,1070,1744,1883
453: 1415,1474,821,835,896,1387,1134,2000,1749
454: 164,444,1481
455: 1378,348,927,938,937,727,935,1452,1280,107
456: 350,1061,1318,1025,970,1982,1434
457: 555,1344,1188,573,1207,1612,520
458: 1509,310,966,748,126,1464,96,881
459: 1086,605,1613,1131,2002,983,489
460: 236,325,1566,167,1063,1593,1088,866,1008
461: 563,591,1465,1267,658,237,1955
462: 849,1839,560,1852,344,945,1785,124
463: 422,911,25,1058,440,1126,1300
464: 1638,110,497,543,1586,877,1161,887,78
465: 963,1705,587,340,373,1866,1303,483
466: 410,625,1315,733,253,356,193,1650,1424
467: 43,1538,477,1806,1533,219
468: 156,512,1100,1168,1603,1011,883
469: 363,1759,1306,308,416,1747,1219
470: 322,1738,652,921,1099,1717,1154,93
471: 353,551,824,979,1154,1042,1106
472: 1687,1889,606,603,558,298,891,950,1928
473: 275,2004,1243,990,1167,434,1200,780,1472,1399
474: 663,1692,1105,69,1711,290,1645,148,1269
475: 201,1077,1389,1066,1172,637,70,1189,1853
476: 1149,1648,823,1386,249,1596,760,749,1906,951
477: 467,1538,1691,577,536,105,1533,1004
478: 1079,238,319,1278,1694,47
479: 604,1374,1500,1888,250,765,853
480: 1918,956,1251,1522,841,336,1999
481: 1268,55,113,1917,980,1173
482: 19,282,419,524,153,289,407,1242,369
483: 373,1866,1556,1303,1491,340,465,1705,1594,735
484: 1492,1642,1162,679,1015,322,1738,1099
485: 1384,347,1180,95,1283,1353
486: 384,10,271,1036
487: 369,1075,1199,1836,544,419,449
488: 840,1467,668,223,1346,220,690,1779,1799
489: 983,1140,1484,1825,459,1131,44,2002
490: 391,1617,50,187,1526,1431,1850,1614
491: 574,986,534,1792,537,850,1214,1159
492: 267,1430,844,899,1130,675,327,1951,522,1356
493: 210,1913,592,1419,863,496,1936
494: 1440,564,1635,817,748,126,14,1626,1509
495: 29,1137,1181,293,1101,1400
496: 268,976,1936,1913,493,1419,296,1229,436
497: 1638,110,464,543,1586,952,1579,879,770
498: 608,858,1108,616,1998,1447,1418
499: 120,747,790,1377,1489,1901,260,903
500: 1760,647,687,1988,1051,1745,1881,1588
501: 142,1932,955,1890,562,195,999,506
502: 683,1087,1239,764,1991,937,1452
503: 513,1466,1314,1186,10,365,1381,1480,1961
504: 1011,352,1445,1603,354,1950
505: 240,904,433,364,363,1759,1587,589,875
506: 195,187,999,1526,1431,562,1932,501
507: 607,897,1155,1437,1184,1097,1285,1582
508: 139,388,1768,1326,81,262,1632,1677,1772,1349,1392,1843
509: 448,1080,1137,1714,1400
510: 760,1233,1885,1965,898,59,576,992,851,1386
511: 13,1295,820,721,359,1316,546
512: 156,468,1969,390,1168,515,1815
513: 1466,1743,1314,503,1186,1403,1961
514: 1949,762,1286,594,865
515: 1992,1815,1774,987,1597,1969,390,156,512
516: 1984,1908,1709,1125,189,362
517: 392,1857,1289,1552,1048,1457,720,783,1422,116
518: 1450,663,1692,1105,1163,1269,1057,1117,1555,1762
519: 35,650,1479,1574,1307,1976,582,1413,871,97,1034
520: 957,1096,1752,555,457,1975,1612
521: 1507,664,1625,995,256,902,1438
522: 327,1951,675,1441,1199,544,844,899,492
523: 38,168,1580,713,1739,1257,1076,1460
524: 19,419,482,153,289,1496,1242,1679,998,946
525: 1213,1536,1903,279,1078,1911
526: 732,1316,632,429,1973
527: 11,317,1897,920,1657,781,1893,1417
528: 137,1731,1682,250,98,853,1666
529: 1060,1170,1527,143,960,1748,1281
530: 745,1550,1628,1905,572,1080,269,700
531: 777,1912,1052,32,982,447,335
532: 65,1873,1828,1005,656,128,303,661
533: 1926,397,1610,1856,1901,12,38,168,1580,903
534: 80,1792,827,1427,574,491
535: 581,616,1160,328,1211,1953,829,1302
536: 25,1542,1058,1690,577,477,1004
537: 595,418,588,1649,850,1214,1383,441,1792,491
538: 824,979,1154,1967,565,1274,652
539: 39,622,1074,1600,1589
540: 1031,1569,82,1794,159,1287,1662
541: 129,1934,579,400,1916,997
542: 79,259,1093,867,1707,1788,1012,1694,786
543: 110,464,497,877,1323,648,887,952,1121
544: 487,1199,449,327,1977,522,173,996
545: 279,1963,278,815,847,1406,1765,343,1366
546: 359,1316,511,721,1165,76,429
547: 1761,682,575,952,1121,1854,110,1875,770
548: 128,1516,1107,826,1674,211,231
549: 185,1753,1964,769,1773,693,994,307,1147,287
550: 1187,662,958,1534,680,1094,174,288
551: 471,824,979,1154,921,93,1106,1652
552: 99,297,1829,366,1710,1164,323,1726,299,1113
553: 1396,1001,1049,612,242,845,872,1010
554: 298,861,1184,2007,1841,1437
555: 261,1344,1024,457,573,1612,1752,520
556: 646,1647,1737,738,138,325,707,1332
557: 1821,148,1983,1269,385,1623,931,1914
558: 1246,1265,311,1392,1843,83,891,1687,472,606
559: 1042,1785,1671,560,344,353,979,1530
560: 283,1852,344,630,945,1785,559,462,1839
561: 320,750,1151,614,1226,1196,1169,1279
562: 1820,1636,141,1940,1271,876,1033,195,506,1431,501,955,1890
563: 461,1465,237,251
564: 212,1440,494,1635,817,748,439,111,1509
565: 1274,258,1967,1505,538
566: 1394,778,908,1102,326,1347,744,226,639
567: 428,862,1942,1337,667,51,1251
568: 1528,1864,1305,1770,158,1209,256,1385
569: 980,1729,620
570: 859,1471,1834,1868,671,882
571: 437,669,1453,1268
572: 20,1714,934,660,1080,166,269,700,530
573: 197,1207,1801,1148,255,555,1344,1924,1188,457,1612
574: 1087,1239,986,491,80,534
575: 547,1761,682,1325,952,1854,1461,953
576: 59,117,133,992,851,510,420,951,1386
577: 1690,172,967,1538,477,1691,536,1004
578: 320,750,92,686,1902,41,1863
579: 541,1934,1551,1916,731,803
580: 1323,426,1354,1016,648,1035,16,1812
581: 1971,616,1160,535,328,1998,829,1302,1123
582: 31,1307,1976,917,184,1872,1084,650,1479,519
583: 109,306,316,836,1946,1981,134,1470,1520
584: 421,1263,1851,1704,330,1355,1958
585: 638,161,2021,1046,1390,1322,779,1074
586: 1145,394,1091,1193,1398,830,1814,949
587: 971,340,1607,1210,465,963,1705
588: 595,418,537,1649,850,1214,1383,441,142,1890,297
589: 1282,1339,1587,505,264,2009,875
590: 1262,704,1126,1300,901,239,315,1838
591: 461,1465,1267,266,684,321
592: 210,1913,377,493,1419,1790,1261,1734,1703
593: 221,309,1623,931,1443,1860,112,1645,234
594: 597,865,1492,1642,1409,1372,337,1286,1949,514
595: 418,588,537,1649,441,142,297,330,331,1355
596: 437,6,613,1501
597: 594,865,1642,1738,1717,1949,1487
598: 1973,1590,1224,277,916,1039,878
599: 390,1168,1603,1720,228,947,413
600: 304,1536,1903,2020,1095,1328,1312,906,1771
601: 746,602,1713,53,641,1090,258
602: 140,746,601,1171,1658,1505,258
603: 472,1889,1063,298,950,233,1333,943,1640,1562,1088,1928
604: 479,1374,1500,1656,202,1888,1818
605: 40,459,982,1727,1613,32,1131,335
606: 1687,472,1889,1063,1593,558,1772,83,1332
607: 307,897,1408,1155,507,1437,1773,1582
608: 858,1108,1529,498,1971,616,328,1998,1447
609: 674,1504,1035,1989,1426,16,426
610: 1423,962,1879,1693,698,1110
611: 371,1636,1735,955,1890,1383,441
612: 553,1049,242,845,1010,655,758,1554,407,1201
613: 6,1501,1136,596
614: 1226,1334,1433,657,686,1968,561,750
615: 244,1482,712,1093,1788
616: 581,1971,535,328,1998,155,608,1529,498
617: 1922,215,357,948,1525,207,755,1244
618: 17,1831,196,1695,68,857,1191,673,915,292,1119,781
619: 19,282,706,1248,946,904,364
620: 569,1729,833,968,1373,1618,265
621: 101,768,866,1008,797,236,167,1413,1298
622: 39,539,1589,71,1644,1
623: 749,420,699,1906,951,1780,1596,752
624: 183,1234,1027,27,1216
625: 1954,410,1776,1870,466,709,733,253,1650,1424
626: 706,810,1306,404,85,818,1468,1747
627: 447,944,1131,335,983,1140,1787
628: 751,956,1251,51,722,940
629: 69,1711,247,290,671,882,1432,1105
630: 847,945,1406,1499,1765,60,560,1852,1839
631: 1578,383,659,266,1910,684
632: 526,1973,916
633: 848,1178,1697,818,33,1338,1266,852,1517
634: 37,1715,1742,678,1803
635: 1434,1142,1947,1061,7,1384,766
636: 1783,773,269,700,731,745,267,386
637: 29,1137,1778,1172,1066,475,70,1853
638: 1769,161,585,1074,1600,984,1103
639: 182,226,1494,889,1347,566,326,1900
640: 1823,1861,395,863,976,1936
641: 53,838,1090,960,601,1713,258
642: 1327,965,1798,1830,1194,1837,1990
643: 1541,1898,888,1120,1109,358,402,1672,1871,1062,1275,1751
644: 143,960,718,1364,984,1713,1090
645: 1469,1363,200,345,981,1192,114,1741,2018,1488
646: 1647,1737,556,738,1677,1772,1349,1332
647: 34,500,1703,1760,687,1988,377,1026,1051,1881,1588
648: 1323,426,580,16,822,887,1014,1037,543
649: 2000,2021,1046,1390,1749,835,147,696,1667
650: 1479,1574,519,1084,31,1307,1976,582
651: 909,1758,1564,1532,1563
652: 322,1738,470,921,1099,679,1967,538,824,1154
653: 1145,394,1935,1436,1122,360,1945
654: 959,1348,439,1899,346,1440,1635
655: 1104,1371,985,1010,612,242,399,407,1495,1201
656: 65,532,1828,1116,1664,1335
657: 730,1291,1819,686,1968,1059,1572,614,1433
658: 461,1267,237,1927,1970,1423,1955
659: 1855,631,383,1910,684,435,1414
660: 20,1714,934,572,1019,241,166,700,1321
661: 1865,1123,532,1873,1005,1160
662: 1449,1187,550,958,26,1676,22,1781
663: 1450,474,518,1412,1692,1105,1163,1269,1727,1555
664: 521,1507,995,381,1620,1438
665: 1175,698,1110,1946,1693,1800,1055,306,316
666: 1245,1622,1637,1957,246,1054,1545,799
667: 1594,735,1608,51,428,567,940
668: 217,840,1467,488,761,905,1346,220
669: 571,1453,1221,1268,55,113,393
670: 816,1065,379,1417,1657,11
671: 69,247,629,1708,1868,570,882,1432
672: 1702,232,678,1664,227,1825,1116,1567
673: 17,1831,618,857,1191,915,1521,292,1119,781
674: 609,1504,1426,308,416,1721,737
675: 745,1550,1628,1441,267,844,899,492,522
676: 1548,1877,1223,825,1313,1513,1272
677: 1519,1231,701,736,895,1493,90,1750,357,1525
678: 1702,232,248,672,227,1715,1484,634,914,1803
679: 1658,1015,1967,1505,484,322,652,1099
680: 1208,1215,358,1094,174,305,2012,550
681: 1066,1683,1067,1604
682: 547,1761,1641,1654,575,952,1875,770
683: 502,924,1087,1239,937,1452,1202,1320
684: 266,1910,785,321,631,659,591
685: 263,772,864,1571,230,1516,1107,1211,1953,231
686: 92,1968,1059,1811,1902,657,614,578,750
687: 500,1703,647,1988,377,1051,1734
688: 12,1031,1569,1794,1203,1856,38,168,1580,713
689: 387,925,1908
690: 1746,194,1779,1357,488,223,150,1648,1755
691: 1700,1915,74,1757,739,1985,1157
692: 233,1097,943,1640,1562,828,1068,1393,837
693: 1773,175,332,994,152,307,549
694: 193,1736,1766,1424,253,137,1731,1150,1324,825,100
695: 437,1453,808,56,1405,401,1221
696: 147,26,2000,649,1390,1156,302,1667
697: 1403,162,890,339,405
698: 313,1175,665,1110,807,962,610,1568,1981
699: 420,623,1780,425,804,1083
700: 166,773,269,1321,572,660,530,745,1550,636
701: 1519,1231,677,736,895,1493,90,357,1525,229,1756
702: 1700,1757,1500,1818,1497,1506,1174,765
703: 1539,1816,1032,1427,157,371,961
704: 590,1126,1300,715,1276,911,315,1490,1904
705: 291,1250,1972,741,109,836,1520
706: 626,810,998,1248,1306,946,619
707: 236,325,912,556,738,1872,138,31
708: 281,1943,1844,1028,1558,1599,1158
709: 1888,119,2017,1416,108,389,733,253,625,1150
710: 1732,964,1185,1312,2001,1328,1273,767,1771
711: 848,1178,1247,1699,1721,91,832
712: 338,1089,1897,615,244,1310
713: 38,523,1031,688,1569,218,1153,1076,1460
714: 1068,1072,87,837,1235,1944,1365
715: 1276,911,704,1490,222,1904,1802,1152
716: 1026,1212,1810,1790,1261,64,1609,800,1284
717: 1535,121,975,1826,1887,1041
718: 143,644,39,1600,1364,984
719: 23,1940,1271,876,1930,186,1032,1820,141
720: 1602,783,1203,1422,517,1048,1457,424,116,1610
721: 511,820,546,1948,913,1165,76
722: 1690,172,940,51,628,751,956,1098
723: 97,35,1574,1297,1767,151,1030
724: 801,885,1959,1822,1657,816,1065,1668,379
725: 1092,1485,1892,1884,1832,1217,84,1439,1630
726: 174,305,2012,1197,885,1182,1668,1584,932,406
727: 784,27,935,1378,348,455,927,1027
728: 425,804,1083,1621,881,310,1611,1768,81
729: 929,1659,1907,1750,374,145,1382,1009,1921
730: 657,1532,1291,909,1458,1433
731: 166,773,1321,1916,579,636
732: 359,1316,526
733: 119,2017,709,1416,389,253,101,768,272,1954,1776,625,466
734: 936,993,1117,1135,1166,1555,1627,1615,1575,826,1674
735: 1594,667,971,340,1230,428,483
736: 1519,677,701,895,1921,1017,1493,90,1750,374
737: 48,2009,875,363,416,674,1426
738: 646,556,1772,236,325,707,1566,1332
739: 805,1050,1228,1174,691,1700,74
740: 1929,1861,974,1247,91,1296
741: 291,1250,705,802,1962,450,1886,1359
742: 1975,1486,154,7,942,347,766
743: 798,1136,868,1226,1334,1169
744: 907,1523,1394,566,1102,226,870
745: 530,1550,1628,675,269,700,636,267,386,844,899
746: 140,601,602,1713,1171,1557
747: 499,790,1377,48,2009,1035,1016
748: 1440,494,564,817,126,14,111,1509,1232,966,458
749: 623,1906,476,823,1386,1596,752,1777,1510
750: 320,561,578,686,1968,614,1226
751: 1918,628,956,1690,722,281,1558,1098
752: 184,763,1777,749,623,1906,1780,1596
753: 337,1896,819,256,1528,1770,1507,1625
754: 170,1127,1218,1824,796,1341,352
755: 396,1814,869,1244,1193,1922,617,1525,207,949
756: 1584,1688,1071,406,1696,954,228
757: 959,1348,1643,1665,1880
758: 333,1258,1554,612,845,407,1201,1242
759: 792,902,169,1111,67,1402,995
760: 318,510,1965,59,851,476,1149,1386
761: 1775,900,1480,905,217,1467,668,220
762: 337,819,1286,514
763: 184,752,1777,1872,138,1780,1737
764: 1039,1462,1991,969,502,1087
765: 250,1502,853,479,1500,1757,702
766: 1384,347,7,742,154,635,1142
767: 417,906,1771,710,1312,1273,209
768: 101,621,1995,1008,355,1954,1776,1870,389,733
769: 185,1753,1964,549,1679,404,153,1496,1147,810,998,946
770: 879,1875,952,110,497,547,682
771: 1161,822,887,1014,1037,1296,1292,974,78,976,1319,1205,877
772: 263,864,685,1571,125,1979,254,1185
773: 166,269,700,731,1321,1916,636
774: 338,1089,317,1547,816,1417,177,188
775: 1806,370,63,43
776: 205,1706,894
777: 315,531,1490,1912,199,1904,1152,447
778: 908,566,1102,326,1840,1859,922
779: 1322,1680,1006,104,2021,1046,585
780: 131,1472,1799,1399,1340,1646,473,380
781: 920,1119,1831,618,68,673,1363,200,1893,527
782: 278,815,2005,1830,1911,1719,906,279
783: 2006,1602,720,1203,1422,517,1048,136
784: 727,27,935,1442,1378,348
785: 1910,684,321,1859,1477,922
786: 88,1694,542,1707,2016,1012
787: 1428,1128,1237,72
788: 1367,1477,1754,1923,962,807
789: 1146,1325,1257,1639,120,1489,1739,903
790: 499,747,1377,1901,1339,48,264,2009,260
791: 1678,1365,1540,356,235,1543,1697,1022,1685
792: 256,759,902,1385,1483,1111,995
793: 49,414,57,1206,1224,1462
794: 812,1970,1511,1241,1927,1132,30
795: 408,1073,2016,1894,1012,259
796: 1341,1920,1722,1225,170,754
797: 236,912,167,917,1413,621,1008,1298
798: 1501,743,808,1136,1226,1169,1405
799: 1190,1255,1974,968,246,1054,666,1245
800: 165,1021,1476,1293,1609,716,1810,1561,1284
801: 724,885,1182,1959,1822,1043,1641,1654
802: 1250,834,741,1886,1359,152,175,332
803: 1783,884,579,1551,1819,1572,1811
804: 425,728,1083,1621,1611,420,699
805: 216,739,1050,1228,1616,74,1038
806: 147,26,1134,1672,1474,1449,958,1534
807: 313,1175,698,962,788,1754,1568,1981
808: 1501,798,56,1405,437,695
809: 145,1985,1017,1157,1288,1382,910,1907
810: 626,706,998,1306,946,769,404,1147,85
811: 182,262,1494,889,388,341,1632,1013,1246
812: 794,1879,1970,1511,213,1927,30,1423,1693,324
813: 1733,1560,1114,452,273,1352,1883,1655
814: 1194,1108,1327
815: 278,782,1798,1911,279,545,1963,343,1366
816: 1547,670,1724,1065,284,1668,379,1417,724,11,774
817: 494,564,748,111,1410,1509,1232,966
818: 85,1468,33,1515,626,1747,1219,1517,633
819: 337,1896,762,753
820: 13,511,721,973,855,1948,913
821: 1881,835,896,18,1988,453,1745,1415,1474
822: 1161,771,887,1014,1037,426,648,1205,877
823: 476,1149,1648,1386,249,1330,1596,749,1510
824: 353,471,538,551,979,1154,652,921,1106,1652
825: 1716,1223,1448,1736,1766,1345,694,1324,100,1548,676
826: 128,1516,548,1674,734,1166,1575,130,211
827: 80,534,1792,961,1735,1427,371
828: 1640,1562,1018,692,1068,837,1235,1846
829: 1211,303,1953,231,1005,581,1160,535
830: 430,1581,1398,1113,299,427,1814,586
831: 277,916,1442,1378,348,927
832: 91,1292,1721,711,1504,1989
833: 1974,1655,968,1373,1729,620,1618,265,1264,1255
834: 1250,1972,802,1595,332,1408
835: 821,896,1387,453,1134,2000,104,649,1749
836: 109,306,316,583,89,115,291,705
837: 87,1235,1937,692,1562,828,1068,1072,714
838: 53,641,1090,1020,960,1459,1281
839: 257,1591,54,176,1763,171,1942,1653
840: 217,1467,488,668,223,318,451,1233,1965,150
841: 1918,956,480,1999,438,1698,1028,1558
842: 376,1234,1027,107,1361,86,1280,372,1607
843: 24,111,1878,1410,977,1876,212
844: 267,386,1577,1430,899,1130,492,745,675,522
845: 553,1001,1049,612,1010,1670,758,1554,1201
846: 380,1660,1930,1256,1317,1592,131
847: 630,1406,1499,545,102,343,1222,1366,1891,1858
848: 1178,1699,711,633,852,1721
849: 462,1858,1839,945,124
850: 418,588,537,1649,1214,491,257,1704,1159,330
851: 59,576,992,510,760,1965,1906,951,1386
852: 308,1219,1517,1721,848,633
853: 250,765,98,1888,479,137,528
854: 430,1546,1581,1952,1958,1851,214,1791
855: 973,1200,1425,820,275,2004,1948
856: 327,1565,1977,1951,996,874,1356,1857,1124,245
857: 17,1831,196,618,1695,68,1191,673,1827,122,103
858: 608,1108,1529,498
859: 239,570,1471,1262,882,1933,1838
860: 915,1002,1460,1257,1183,1521,17,292
861: 298,554,891,1184,1407,311,2007,1841
862: 567,1942,1337,1653,1143,1849,336,1251,1522
863: 395,1309,640,1823,1936,210,493,1419
864: 263,772,1273,685,1941,1571,1185
865: 594,597,1492,1642,1286,1949,514,1487
866: 621,1008,355,1063,236,460,167,1088
867: 79,259,542,378,1093,1938,1342,1894
868: 1458,1226,1334,743,1136
869: 1966,396,1814,755,1244,427,90,1193,1922,1525
870: 139,1326,1394,744,1523,226,1494
871: 272,1298,1307,1976,1413,519,1034,1195
872: 192,1104,1371,1010,276,52,280,553,1396,242
873: 112,255,351,385,1631,1446,931,1924,1188
874: 173,240,433,996,1565,856,1977,1857,1587,245
875: 2009,737,505,363,1587,589
876: 23,1940,1701,1271,719,1033,1118,1820,141,562,195
877: 1638,464,543,1586,1161,771,822,887,78,1319
878: 927,938,937,598,277,1039,1991
879: 1579,1208,1215,1875,770,110,497,1586,358
880: 218,1056,1227,1153,1827,243,1744,122,1883,103
881: 96,1523,310,458,1611,81,728
882: 32,1432,1933,859,570,1471,629,671
883: 1011,1209,1445,468,1100,1385,1483,158
884: 1842,803,1783,92,1044,1572,1811
885: 724,801,1182,1822,726,1065,1668,932
886: 1045,1204,1277,1874
887: 1161,771,822,1014,1323,648,464,543,877
888: 643,1541,1898,1638,1586,1579,358,402,1275
889: 182,262,811,639,1585,1900,341,1013
890: 697,339,1984
891: 298,861,950,1265,311,558,1687,472
892: 445,1807,1395,1938,1342,2015,1637,1957,1573,1007
893: 1867,1978,1570,1576,1808,1531,21
894: 293,1931,776,1706,442
895: 1519,1231,677,701,736,1921,374,357,61,229,1756
896: 821,1881,1895,286,835,1387,1588,453,1420,104,1749
897: 607,1408,507,1437,2007,1595,1773
898: 1249,24,1878,59,992,510,1885,1965
899: 267,386,1430,844,1130,492,745,675,1441,522
900: 206,1775,1480,1961,761,905
901: 1262,590,1126,1300,1943,1058,1236,239
902: 256,759,792,995,1438,521,1507,1625
903: 168,1580,1739,397,533,120,499,1901,789
904: 173,240,433,996,364,505,19,282,619,449,1248
905: 405,1537,206,900,761,668,28,220
906: 417,1719,767,1771,600,1903,443,782,1911
907: 1464,96,744,412,1728,1102
908: 778,566,1102,326,1859,1347,1367,922,226
909: 651,730,1532,1458
910: 1997,1252,1331,1360,1411,73,145,809,1157,1288,1382,1009,1907
911: 422,715,1276,463,440,704,1126,1300
912: 797,236,325,707,167,31,917
913: 57,1948,1784,1165,820,721,2004
914: 1803,988,248,678
915: 860,1002,1460,1183,1521,17,618,1191,673,292
916: 277,831,632,1973,598
917: 31,1307,1976,582,1413,797,236,912,1298
918: 1335,1391,1702,988
919: 382,204,346,1549,375,1456,36
920: 1119,1524,1657,781,1831,1893,11,527
921: 470,652,1717,551,824,1154,93,1652
922: 1347,1367,1477,785,1859,778,908
923: 444,975,181,1481,1675,84,121
924: 683,1239,986,1202,1591,1320
925: 689,387,1908,189,973,13
926: 159,1996,127,1040
927: 1378,348,455,938,878,277,831,727
928: 1381,1133,1249,1583,365,1939,1878
929: 729,1659,1907,1021,1476,1009,1576,1867,1570
930: 323,1726,299,66,427,216,1616,396
931: 309,1623,593,112,385,873,557
932: 1584,1688,406,885,726,1197,284,1668
933: 1576,1284,1808,1026,1212,34,989,1473
934: 20,572,660,1019,978,241,1375,166,1321
935: 727,784,27,348,455,1280,1234,1027,107
936: 734,993,1117,1135,1166,1555,1627,1762,1615,1575
937: 455,938,878,1991,502,683,1452,1280
938: 348,455,927,937,878,277,1991,1280
939: 47,1402,1862,995,1128,1620,72,1438
940: 172,722,967,667,1608,51,628
941: 1725,1689,1520,1407,1397,1841
942: 350,1061,7,1909,146,1486,742,1177
943: 233,692,1333,1285,950,603,1640,1562,1928,1018
944: 447,627,199,1204,1351,1787
945: 630,1499,560,1852,462,849,1839
946: 706,810,998,1248,153,769,19,282,619,524
947: 1584,1688,1724,284,413,599,228
948: 215,357,617,207,112,351,309
949: 1661,360,755,1145,586,1193,207
950: 298,891,1184,472,1889,603,1333,943
951: 420,623,1906,59,576,133,851,476,1386
952: 1121,1854,1461,110,497,543,547,682,575,770
953: 1183,1455,1325,1639,1761,575
954: 1676,1696,288,1197,1187,756,406
955: 501,1890,611,1636,141,562,195,441
956: 1918,628,751,1251,1522,480,841,722
957: 1096,520,1975,1486,154,347,415,270,1238
958: 1449,1187,550,662,1534,1094,806
959: 654,757,1348,439,1899,1665,346
960: 143,644,529,641,838,1090,1281
961: 80,827,1735,703,1032,1427,157,371
962: 1923,610,788,1754,698,807
963: 465,1705,1210,77,587
964: 1732,710,1312,2001,1669,1095,1283,1328
965: 1327,642,329,1990,1222
966: 1782,1509,310,1232,458,1611,817,748
967: 172,577,940,1608,1491,1956,1691
968: 1974,1655,833,1373,285,620,265,1255,799
969: 764,1462,49,1427,80,1087
970: 274,1982,1420,1723,1025,1318,456
971: 587,340,1607,1230,1361,1508,735
972: 1817,1196,1863,136,2006,1996,127
973: 189,1425,855,925,13,820
974: 1929,1861,740,91,1296,771,1037,976,1205
975: 164,444,923,121,717,132,1826,1041
976: 268,496,1319,1936,1205,640,1823,1861,974,771
977: 62,1880,1876,1348,439,212,843
978: 205,1019,1706,442,934,241,432,1375
979: 353,471,538,551,824,1154,1530,1274,559
980: 569,1729,1173,481,1917
981: 1363,200,345,645,1192,1893,1897,1488,1310
982: 40,605,32,531,1052,1131,335
983: 1140,1484,1787,489,459,627,1131
984: 1364,1444,1103,638,1600,644,718
985: 192,1104,1371,655,152,175,994,399,1964
986: 924,1239,574,491,1214,1159,1591
987: 319,1992,515,1308,1774,2,188,1597,1969
988: 914,1702,232,248,918
989: 1723,342,1531,1473,933,1284,1808,34,403
990: 473,1243,1167,434,1472,1399,1047,1301
991: 1741,1545,1733,1352,149,1369,285
992: 59,117,576,851,24,1410,898,510
993: 734,936,1117,1135,1166,224,1835,1619,1674
994: 175,693,985,152,399,185,1964,549
995: 67,1402,939,759,792,902,1438,521,664
996: 173,240,904,433,874,544,449,327,1565,856,1977,1951,245
997: 1176,300,400,129,541
998: 706,810,946,153,1496,769,1679,404,19,524
999: 187,506,1932,501,1023,1601,1829
1000: 283,1980,344,1274,1530
1001: 553,1396,1049,845,1053,1189
1002: 860,915,1076,1827,1460,1521,17,1191
1003: 1850,1497,1506,1174,1614,1220,1228
1004: 105,1533,440,577,477,25,536
1005: 532,1873,303,829,1160,661,1123
1006: 1322,779,1680,106,1982,1434,1947
1007: 1573,1190,1245,1957,892,1395
1008: 101,621,1995,768,866,355,797,236,460,167,1298,1776
1009: 165,1021,1476,910,1331,73,1382,729,929,1907
1010: 1104,1371,872,655,553,612,242,845,1201
1011: 1445,883,504,1603,468,1100
1012: 2016,795,79,259,542,786
1013: 1632,1407,1246,182,262,811,889,341,1689
1014: 771,822,887,1037,1989,1296,1292,426,648
1015: 1658,679,1162,1299,484,322
1016: 580,1354,48,1035,16,747,1377
1017: 145,809,1985,1382,1493,198,1380,1750,736
1018: 1640,1562,1088,828,1928,943,1995,355,1846
1019: 1706,442,978,20,934,1101,660,241
1020: 53,838,1029,1459,1281,1980
1021: 165,1476,800,1009,73,1293,929,1561
1022: 1304,1685,235,1266,1543,791,1678,1699,1697
1023: 1220,1601,423,999,1829,1710,1726
1024: 261,555,1821,1983,1752,1362
1025: 1723,342,135,403,970,1318,456
1026: 716,1212,1810,1790,1261,377,933,1284,34,1703,647
1027: 183,376,624,1234,842,107,727,27,935
1028: 708,1844,1558,1918,841,438,1681
1029: 1459,1020,60,283,1980,1852
1030: 391,151,1617,97,1553,1764,723,409
1031: 540,688,1569,1794,38,713,218,1153,1662,1076
1032: 186,703,1047,1816,719,371,1820,1636,961
1033: 1940,1701,1271,876,1118,1141,562,195,1526,1431,2019
1034: 97,1195,1764,1307,35,519,871
1035: 609,1426,16,48,747,580,1016
1036: 10,271,486,1743,1314
1037: 1161,771,822,1014,91,1296,1292,974,426,648,1205
1038: 1493,198,1368,1380,74,805,216,66,1985
1039: 764,1462,1991,598,1224,878
1040: 1279,1813,1151,1196,926,1996
1041: 1559,1887,975,717,1805,1077,1826
1042: 559,1671,353,471,1106
1043: 1761,1654,1455,1085,801,1959
1044: 92,1811,1902,1842,884,1144,1463
1045: 886,1204,1351
1046: 2000,104,649,2021,1390,1749,779,161,585
1047: 1539,186,1816,1301,1032,990,1167,434,380,1930,1256
1048: 517,1857,1552,1457,75,424,1602,720,783,116
1049: 553,1001,612,845,1189,1670,1554
1050: 805,216,739,1228,1616,423,1726,66
1051: 436,1120,1109,18,1734,500,647,687,1988,1745
1052: 531,1838,1912,32,1933,982
1053: 201,1805,1077,1559,1189,1396,1001
1054: 246,1545,1974,285,1255,799,666,1245
1055: 1092,1800,1884,665,1110,115,306,316
1056: 118,218,880,1227,1153,1662,1070,1744
1057: 1544,1835,1821,1269,518,1163,1762
1058: 25,1542,536,1236,440,1126,1300,901,463
1059: 92,686,1968,1572,1811,657,1291,1819
1060: 529,1170,2014,1527,1712,1179,1748
1061: 350,1318,456,7,942,1982,1434,635
1062: 402,1672,1871,1275,643,1120,1751,1474,1534
1063: 1889,606,1593,603,460,1640,1088,1928,866,355
1064: 1535,45,1684,1887,294,1962,1789
1065: 670,816,284,1668,379,1417,724,885,1822,11
1066: 681,1683,1067,132,475,1389,1778,1172,637,70
1067: 681,1066,1683,164,132,1077,1389
1068: 1514,1072,1393,714,692,1097,1562,828,1069,837
1069: 1512,1582,1294,1155,1097,15,1068,1514,1393
1070: 349,118,1056,452,273,1744
1071: 1688,756,1240,1634,1696,1720,228,1718
1072: 15,1068,1514,1393,714,837,1944
1073: 408,2016,795,88,1237,9,1428
1074: 539,1600,638,161,585
1075: 487,1199,1836,163,1429,333,1628,1905,1441
1076: 1002,1827,1460,1031,523,713,1227,1153,1191
1077: 132,201,475,1805,1389,1826,1053,1067,1041
1078: 279,1454,1963,525,1213,1605
1079: 1848,1707,478,319,1308,1694
1080: 163,448,509,1714,572,530,1905
1081: 252,1755,1388,179,249,1330,178,368
1082: 155,209,1302,1198,443,1273,1941,328
1083: 728,804,1621,699,1780,1647,1737
1084: 184,1777,1872,1796,1624,582,650,1479,1574
1085: 292,1119,1524,1521,1455,1043,1959,1822
1086: 459,1727,1613,1450,1412,1555,1627,2002,1615
1087: 502,683,1239,574,764,969,80
1088: 1640,1928,1018,1889,1063,603,460,1995,866,355
1089: 774,712,338,317,1897,1417,188
1090: 641,838,1364,644,960,601,1713
1091: 394,586,430,1952,1398,1847,1122
1092: 1693,725,1485,1800,1892,1055,1884,213
1093: 79,542,378,867,615,244,1482,1788
1094: 358,1871,1275,680,1215,174,550,958,1534
1095: 1283,1328,1353,1633,964,1312,2001,600,2020
1096: 957,1752,1809,520,1975,1362,270,1238
1097: 233,692,1333,1285,1155,507,1069,1068,1393
1098: 1542,1236,1918,751,1690,722,281,1558
1099: 322,1738,470,652,1717,679,1967,484,1154
1100: 156,468,1111,1011,883,1483,158
1101: 20,1714,1400,293,495,1019,442
1102: 1394,778,908,566,1840,412,907,744
1103: 1444,1722,984,1225,1376,638,1769,161,1600
1104: 192,1371,872,985,1010,655,152,242,399,1201
1105: 1450,474,518,663,1412,1692,69,1711,629,148
1106: 1652,471,551,824,1042
1107: 128,1516,548,230,685,1571,1211,231
1108: 608,858,498,1194,1418,814
1109: 436,1120,1051,18,1734,643,1898,296
1110: 1175,665,698,1879,610,1693,1800,1055
1111: 156,1100,169,1815,759,792,1483
1112: 1986,222,1802,1874
1113: 1546,1581,830,99,366,552,1958,1164,323,299
1114: 813,1560,452,1352,349,2008,191,1498
1115: 361,1909,146,1207,1801,1177
1116: 130,1567,211,672,1664,1828,656
1117: 734,936,993,1135,1166,1555,1627,1762,1450,518,1163,1835
1118: 23,1940,1701,1271,876,1033,1141,1139,1435,1767,50,195,1526,1431,2019
1119: 292,920,1085,1524,1657,781,1831,618,673
1120: 1051,1109,18,643,1898,1062,1275,1751,1415
1121: 952,1854,1461,1812,1323,110,543,547
1122: 1935,1436,1698,1952,1847,394,1091,653
1123: 661,1865,1005,581,1971,1160
1124: 1356,1857,1289,1552,1457,1130,1565,856,1951,245
1125: 1709,1537,516,28,1686,1401,362
1126: 590,704,1300,901,25,1058,1236,911,463
1127: 754,1218,1824,1341,352,1379
1128: 88,1237,1278,47,1862,939,787,72
1129: 1746,1357,131,1340,1755,1388,1660,1592
1130: 1430,844,899,492,327,1951,1730,1356,1124,1289
1131: 627,335,459,605,982,1613,983,489
1132: 312,30,1241,794
1133: 928,1249,1876,1925,1939,1878
1134: 147,806,453,1474,835,2000
1135: 734,936,993,1117,1166,1555,1627,1762,1835,1674
1136: 1501,743,798,868,613
1137: 29,495,637,70,1853,1400,509
1138: 224,1362,1544,1809,270,1882,295
1139: 225,1435,1767,2003,252,1987,1388,179,1317,1592,23,1701,1118
1140: 1715,983,1484,1742,1787,489,627
1141: 225,1435,1767,1033,1118,151,1617,50,1526,2019
1142: 635,1947,1384,766,1629,1,1353
1143: 171,421,1263,1849,862,1337,1653,336
1144: 144,1463,1730,1994,92,1044,1902,41
1145: 394,586,1193,653,1398,949,360
1146: 789,1325,1639,120,1489,1461,1812
1147: 1512,1919,287,1753,549,769,404,810,85,1468
1148: 61,229,1370,1446,255,573,197,1801,1188
1149: 150,476,1648,823,1386,318,760
1150: 137,1731,1324,709,1416,253,1424,694
1151: 320,561,1196,1169,1279,1813,1040,1996
1152: 199,222,1904,1802,1277,1874,715,777,1490
1153: 218,880,1056,1227,1662,1031,713,1076,1827
1154: 471,538,551,824,979,470,652,921,1099,93,1652
1155: 307,607,507,1097,1285,1582,1069,1393
1156: 1421,1376,1478,302,696,1667,1769
1157: 809,1985,1288,1382,1502,691,1915,74,1757,910,1997
1158: 239,1471,1834,708,1943,1844,1599
1159: 257,1704,1591,986,491,850,1214
1160: 581,1971,535,829,1005,661,1123
1161: 771,822,887,1037,78,1319,1205,1638,464,877
1162: 1299,1503,1372,1336,1015,484,1492
1163: 518,663,1692,1821,148,1269,1057,1117,1762
1164: 331,1355,1958,99,552,1546,1581,1113
1165: 57,1948,1784,913,721,546,76,1206
1166: 734,936,993,1117,1135,1627,1575,826,1674
1167: 275,2004,473,1243,990,1784,1539,1047,1301,414
1168: 390,599,1603,1720,468,512
1169: 1279,1405,1226,561,1151,743,798
1170: 529,1060,1712,39,190,1644,143
1171: 140,746,602,1833,1299,1658
1172: 29,1778,637,1066,1683,475,1389,70,1853
1173: 980,1729,1311,481,1498,1917,1560
1174: 1003,1497,1506,1220,423,1700,702,739,1228
1175: 313,665,698,1110,807,1946,1981,306
1176: 1758,997,129
1177: 1975,1486,1612,1115,146,1207,942
1178: 848,1699,1697,711,633,235,1266
1179: 1060,2014,1527,1712,431,304,1213,1536,2020
1180: 1384,347,485,95,415,154,314,1669,1283
1181: 29,495,1778,1598,293,1931
1182: 801,885,1641,1654,174,726,305,2012
1183: 953,1521,1455,1257,1639,860,915
1184: 298,554,861,950,2007,507,1437,233,1333,1285
1185: 254,1732,710,772,864,1273
1186: 513,1466,503,1403,162,206,1961,405
1187: 1449,550,662,958,288,1676,1696,954,22
1188: 261,1344,1924,457,1148,1446,255,873,573,197,1207
1189: 70,1853,201,475,1053,1001,1049
1190: 265,1264,1255,799,1245,1007
1191: 17,618,857,673,915,1002,1076,1827,103
1192: 1363,200,345,645,981,1893,149,196,68,114,2018
1193: 1145,394,586,1814,755,869,207,949
1194: 1418,1837,1108,1327,642,814
1195: 97,1034,1764,272,871,108,1656
1196: 972,1863,320,561,1151,1040,1996
1197: 174,288,726,2012,1584,932,406,954
1198: 155,209,1082,443,1998,2005,301,1447
1199: 487,1075,1836,544,1628,1441,522
1200: 362,1425,855,1686,1399,275,473,1243
1201: 289,399,407,1495,1242,612,845,1104,1010,655,758,1258
1202: 86,1452,372,683,924,1239,1320
1203: 2006,1602,720,783,1856,12,688,82,1794
1204: 886,1045,1351,199,1277,944
1205: 268,976,1319,1296,1861,974,1161,771,822,1037
1206: 76,1590,1224,57,1165,793
1207: 146,573,197,1801,1115,1188,457,1177,1612
1208: 680,879,1215,1875,1641,174,305
1209: 1379,1445,883,1864,568,158,367
1210: 183,376,1234,77,587,1607,963
1211: 303,1953,829,231,1107,263,685,535
1212: 716,1026,1810,1790,1609,1561,933,1284,34
1213: 525,1536,1527,1179,1605,1078
1214: 588,537,1649,850,1383,1792,986,491,1704,1159
1215: 1579,680,879,1208,1875,358,402,1871,1094,174,305
1216: 77,183,624
1217: 1832,1343,1675,725,1485,84,1439
1218: 754,1127,1833,1824,1379,367,1503
1219: 308,416,1747,852,1517,818,469
1220: 1023,1614,1601,423,1003,1174,1228
1221: 401,1606,669,1453,695,55,393
1222: 102,329,343,1990,1366,1891,1798,847,965
1223: 1716,825,1673,1548,676,1877,1513,1272
1224: 1590,598,1206,793,1039,1462
1225: 1444,1722,1103,1376,1769,796,1920
1226: 614,868,1334,561,750,743,798,1169,1279
1227: 218,880,1056,1153,1076,1827,1744,103
1228: 805,739,1050,1003,1174,1220,423,1700
1229: 1541,1898,296,268,496,78,1319,1638
1230: 971,123,176,1508,428,1942,735
1231: 1519,677,701,895,215,357,229,1446,1756,351,1631
1232: 1782,1509,966,817,748,111,1410,117
1233: 451,510,1885,1965,1583,1775,217,840
1234: 1210,183,376,624,1027,842,107,935
1235: 87,1315,837,1846,1937,828,714,1870
1236: 1542,1058,1098,281,1943,1126,901
1237: 88,1128,1278,1073,787,1428
1238: 270,314,154,957,1096,1809,415
1239: 502,683,924,1087,574,986,1202
1240: 58,1634,1696,1071,354,1358,1718,1797
1241: 251,1927,1132,794
1242: 153,289,407,1495,1201,758,1258,369,419,482,524
1243: 275,2004,473,990,1167,1200,1399,1948,1784,1301
1244: 1966,396,1814,755,869,90,1368,1922,357,617,1525
1245: 666,1637,1957,1054,1190,1255,799,1007
1246: 1632,1407,1013,1265,311,558,811,1689,1843
1247: 1699,711,1304,91,1929,740
1248: 706,1306,946,619,904,364,1759
1249: 928,1133,1583,898,24,1878,1885
1250: 291,1972,834,741,705,802
1251: 628,956,1522,480,567,862,1337,51
1252: 1666,910,1997,1331,1360,1411,73,1502,98,1288
1253: 64,1293,1609,1272,1260,1313
1254: 1708,1795,2013,1945,1868,1599,1935,1681,1350,1834
1255: 265,1190,1264,799,1974,833,968,1054,1618,1245
1256: 380,846,1930,434,186,1047,1301
1257: 789,1639,523,1739,860,1460,1183
1258: 333,758,1554,407,1201,1242,369,1836
1259: 105,440,422,1845
1260: 1253,1293,1272,208,46,1877,1331,165
1261: 716,1026,1790,1309,64,1609,210,592
1262: 590,901,239,859,1471,1933,315,1838
1263: 421,1143,1849,1851,584,336,1791
1264: 265,1190,1255,833,1618
1265: 1632,1246,311,558,1349,1392,1843,891,1687
1266: 1944,235,1338,1543,33,1178,1697,633,1022
1267: 461,591,658,321,1923,1955
1268: 481,571,669,113,393
1269: 1821,148,557,474,518,663,1692,1163,1057
1270: 1350,1661,1860,1708,2013,1945,221,309,1443,290,234
1271: 23,1940,1701,719,876,1033,1118,141,562,195,1431,2019
1272: 64,1253,1293,1260,1223,1548,676,1877,1313,1513
1273: 864,1941,710,1185,767,209,1082
1274: 565,1000,353,538,979,1530
1275: 358,402,1672,1871,1062,1094,643,888,1120,1751,1534
1276: 422,715,1986,1845,911,704,1802
1277: 199,222,1904,1152,1874,886,1204
1278: 88,1128,1237,1694,478,47,1862
1279: 56,1169,1405,1813,1040,1226,561,1151
1280: 86,1452,348,455,938,937,935,842,107
1281: 1459,1748,960,529,838,1020
1282: 75,424,1339,1587,245,589,264
1283: 1095,1353,1633,485,1180,95,964,2001
1284: 1576,1561,933,1808,1476,800,716,1026,1212,1810,989
1285: 233,1097,1333,943,1184,1155,507,1437
1286: 42,337,762,594,865,1492,1409,514
1287: 159,540,118,218,1662
1288: 809,1157,1382,1915,910,1997,1252,1360
1289: 1356,392,517,1124,1552,1130,144,1730,1994
1290: 14,412,1626,1728,204,1549,203
1291: 657,730,1532,1563,1819,1551,1059,1433
1292: 91,1296,832,1989,426,771,1014,1037
1293: 1253,1609,1272,1260,165,1021,800
1294: 1512,1582,1919,1069,15,1514,1393,1515
1295: 13,511,387,359
1296: 91,1292,740,974,771,1014,1037,1205
1297: 398,225,1435,1767,1987,179,35,1574,180,723,151
1298: 272,871,797,1307,917,1413,101,621,1008,389
1299: 1162,1503,1833,1171,1658,1015
1300: 590,704,1126,901,1058,422,911,463
1301: 1539,1047,1816,1243,990,1167,434,1256
1302: 155,1082,263,1941,1953,581,535,328
1303: 1651,373,1866,1556,1404,483,340,465,1705
1304: 1022,1685,1247,1699,1697
1305: 1528,1864,568,1770,367,1372,1336,42,1896,1409
1306: 626,706,810,1248,1759,469,1747
1307: 1976,582,917,1413,650,519,871,1298,1034
1308: 319,1992,1774,987,2,1079,1848
1309: 395,1313,863,1513,64,210,1261
1310: 1488,244,1475,345,981,1897,712
1311: 1729,1173,1498,1560,1655,1373
1312: 710,964,1095,1328,600,767,1771
1313: 395,1309,1513,676,64,1253,1272
1314: 513,1466,1743,503,10,365,1036,1961
1315: 87,1235,1937,410,1870,466,1540,356,1650
1316: 359,732,526,546,511,76,429
1317: 846,1930,1592,2003,1987,1139,1435,23,1701
1318: 350,1061,456,1025,1909,135,403,970
1319: 268,78,976,1205,1161,771,877,1229
1320: 54,123,683,924,1202,372,1591
1321: 166,773,700,731,934,660,241,1375,1916
1322: 779,1680,1006,1947,585,1589
1323: 580,1354,648,887,1121,1461,1812,543
1324: 1731,1150,1682,1736,1766,694,825,100,1548
1325: 789,1146,1639,1854,1461,953,575
1326: 870,139,388,508,1523,182,262,1494
1327: 965,642,1194,814
1328: 1095,1633,710,964,1312,2001,600,2020,1771
1329: 1832,1343,1793,94,312,1740,181
1330: 1648,823,249,1746,194,178,1510,1755,1081,1388
1331: 910,1252,1411,73,46,1260,165,1009
1332: 325,1566,1772,83,646,556,738,606,1593
1333: 233,1097,1285,943,298,950,1184,603,1437,1562
1334: 614,1458,868,1226,1433,743
1335: 918,1391,1702,1664,65,656
1336: 1162,1503,1372,1864,1305,367,42
1337: 428,567,862,1942,1653,1763,171,1143,1849,1251
1338: 1944,235,1266,15,33,1515,633
1339: 75,424,1282,589,264,116,1926,260,790
1340: 131,780,1799,1746,1779,1357,1129,1660
1341: 796,1950,352,754,1127
1342: 445,892,1938,2015,1957,378,867
1343: 1832,1217,1329,1675,181,84
1344: 261,555,1924,1188,457,573
1345: 193,1650,1736,1766,1424,1678,356,1685,1448,825
1346: 28,160,1646,220,1467,488,668,1779,1799
1347: 1367,922,1754,908,566,326,1900,226,639
1348: 654,757,959,439,1880,977,212
1349: 1677,1772,1392,1843,83,388,1768,508,1632,1265,646
1350: 1661,1860,1270,360,1935,1254,1708,2013,1945
1351: 1045,1204,944,1787,37
1352: 1733,813,1114,452,273,243,1744,1883,1369,991
1353: 1095,1283,1633,1142,1384,485,1518,1629
1354: 1323,580,1016,1377,1489,1812
1355: 330,331,1958,1164,595,418,99,584
1356: 1124,1289,1552,1430,1130,492,856,1951,144,1730
1357: 1746,194,690,1779,1129,131,1799,1340,1755,1660
1358: 354,1950,1718,1797,1240
1359: 192,1371,152,52,1886,741,802,175
1360: 1666,910,1997,1252,1411,250,1502,98,1915,1288
1361: 376,842,86,372,123,1508,971,1607
1362: 1544,1138,1024,1096,1752,1809
1363: 200,345,645,981,1192,1893,196,68,781,2018,1488
1364: 1557,1444,984,644,718,1713,1090
1365: 791,1540,714,87,1944,235,1543
1366: 343,1990,1222,545,278,815,1798,847
1367: 1347,788,1477,922,1754,908
1368: 198,90,1380,1038,216,66,1966,396,1244
1369: 149,243,122,1883,1733,1352,1741,991
1370: 61,1148,1756,446,1978,197,1801
1371: 192,1104,872,985,1010,655,1359,52,280,242
1372: 1162,1336,1305,42,594,1492,1409
1373: 1655,833,968,1729,620,1311
1374: 479,604,1656,202,1888,119,108
1375: 241,400,432,1916,978,934,300,1321
1376: 1156,1478,1667,1769,1920,1225,1103
1377: 120,499,747,790,1489,1354,1016
1378: 348,455,927,277,831,1442,727,784
1379: 352,1209,1445,1127,1218,1864,367
1380: 1493,198,1368,1038,74,1985,1017
1381: 928,1583,365,503,1775,1480,1961
1382: 145,809,1017,1157,1288,910,73,1009,729,1907
1383: 588,537,1649,1214,441,611,1792,1735,1890
1384: 347,485,766,1180,635,1142,1353
1385: 256,792,1483,883,1528,568,1770,158
1386: 476,1149,823,576,851,510,760,749,1906,951
1387: 1895,286,835,896,453,106,2000,104,2021,1749,1680
1388: 2003,252,1755,1081,1987,1330,1746,1129,368,1660,1592,1139
1389: 132,201,475,1077,1066,1067,1172,70
1390: 649,2021,1046,1749,696,1667,161,585
1391: 918,1335,65,1451
1392: 1772,1349,1843,83,508,1632,1265,558,1687
1393: 1068,1514,1072,1155,692,1097,1582,1294,1069
1394: 566,1102,326,744,226,1494,870
1395: 445,892,1807,1957,1573,1007
1396: 553,1001,242,1053,1559,276,872
1397: 2007,1595,1841,941,1520,1972
1398: 430,1581,1952,830,1145,394,586,1091
1399: 780,1472,1686,1646,1200,275,473,1243,990
1400: 20,1714,1101,495,1137,509
1401: 28,160,1686,1646,220,1125,362
1402: 47,67,1862,939,995,759,1438
1403: 697,162,513,1186
1404: 1651,370,1866,1556,1303,63
1405: 56,1169,1279,1813,798,808,695
1406: 630,847,1499,1765,545,1963,102,343
1407: 1013,1246,311,941,1725,1689,1841,861
1408: 307,607,897,1437,834,2007,1595,1773,332
1409: 594,1492,1305,1372,42,337,1896,1286
1410: 24,111,843,817,1232,117,992
1411: 1666,910,1997,1252,1331,1360,73,1502,98,208,46
1412: 1450,663,1105,1711,1432,40,1086,1727,1613
1413: 31,1307,1976,917,797,519,621,871,1298
1414: 203,435,1840,1859,659,1910
1415: 1751,453,1745,1474,1120,18,1988,821,1881
1416: 1888,119,2017,709,733,253,137,1150
1417: 1547,670,816,1065,379,11,317,527,774,1089
1418: 301,1447,1194,1837,1108,498
1419: 1913,493,592,863,268,496,1936,296,436,1734
1420: 274,970,1760,1723,1473,1895,286,896,1588
1421: 1156,1478,302,1781,26,58,1634,22,1797
1422: 2006,720,783,1994,392,517,1817,136
1423: 1955,610,658,812,1879,1970
1424: 193,1650,1766,1345,694,625,466,253,1150
1425: 189,362,973,1200,855,1686,275
1426: 609,674,1504,1035,16,48,2009,737
1427: 49,157,703,969,80,534,827,961
1428: 787,1073,1237,9
1429: 163,333,1554,1628,1905,1075,1836
1430: 267,386,1577,844,899,1130,492,1842,1463,1730,1356
1431: 195,187,506,1526,2019,1271,1033,1118,562,50,490
1432: 32,882,1933,1711,629,671,1412,40
1433: 614,1458,1334,657,730,1291,1968
1434: 635,1947,1982,1061,456,1006
1435: 225,1141,1297,1139,1767,1987,1317,1940,1701,1118
1436: 438,1935,1681,1122,1698,1847,653,1844,1795
1437: 607,897,1408,507,2007,1595,298,554,1184,1333,1285
1438: 381,1620,1402,939,995,902,521,664
1439: 84,1535,1217,725,1884,45,1630
1440: 212,494,564,1635,748,654,439,111
1441: 1550,1628,675,1075,1199,1836,899,522
1442: 831,1378,784
1443: 221,309,1623,593,1860,1270,1708,290,1645,234
1444: 1364,1557,1722,984,1225,1103
1445: 1011,352,1209,1379,883,504,1950
1446: 61,229,1148,1756,1231,255,873,1631,1188
1447: 301,1418,155,1198,328,1998,608,498
1448: 1716,825,1678,1736,1345,1663,1685
1449: 1187,662,958,1534,147,26,806,1781
1450: 518,663,1412,1692,1105,1086,1727,1117,1555,1627
1451: 65,1873,1391,1865
1452: 86,1202,1280,455,937,502,683,107
1453: 437,571,669,695,401,1221,393
1454: 1078,1963,1605,60,1765
1455: 953,1183,1521,1761,1043,292,1085
1456: 36,1855,919,1549,435
1457: 517,1857,1124,1552,1048,75,424,245,720,116
1458: 868,1334,1433,909,730
1459: 1029,1748,1605,1281,838,1020
1460: 860,915,1002,1076,1827,523,713,1257
1461: 952,1121,1854,1812,1489,1323,1146,1325,575
1462: 764,1039,969,1224,49,793
1463: 144,1144,1730,1842,1577,1430,1044
1464: 907,96,14,1728,126,458
1465: 461,563,591,1786,266
1466: 513,1314,503,1186,1961
1467: 217,840,488,668,223,761,451,1346
1468: 85,818,33,1515,1147,1919,626
1469: 345,645,114,246,2018,1622,1869,1488,1475
1470: 134,1725,1520,1946,1981,109,306,583
1471: 239,1158,859,570,1834,1262,882
1472: 131,780,1399,473,990,434,380
1473: 1723,342,989,933,34,1760,1420
1474: 1751,453,1415,1672,1062,821,806,1134
1475: 1488,244,1482,1310,1469,345,1622,1869
1476: 1021,800,1009,929,1576,1561,1284,1570
1477: 788,1367,922,785,321,1923
1478: 1156,1421,1376,302,58,1797,1920
1479: 650,1574,519,180,1084,1796,1624,582
1480: 1775,900,1961,761,365,503,1381,1583
1481: 181,1675,454,444,923
1482: 1488,615,244,1475,1622,1869,378,1093
1483: 792,1385,156,1111,1100,883,158
1484: 1715,983,1140,1742,1825,489,678,227
1485: 324,725,1092,1892,1884,213,1832,1217
1486: 1975,742,1177,154,1612,146,7,942,957
1487: 597,865,1717,1949
1488: 244,1482,1475,1310,1469,1363,345,645,981,1897
1489: 120,499,1377,1354,789,1146,1461,1812
1490: 315,777,1912,704,715,1904,1152
1491: 1651,373,1556,483,63,1594,1608,967,1956
1492: 484,594,865,1642,1409,1162,1372,1286
1493: 198,90,1380,1038,1017,1966,1750,374,1519,677,701,736
1494: 182,226,262,811,639,1394,326,870,388,1326
1495: 153,289,399,407,1496,1201,1242,655,1964
1496: 153,289,399,1495,185,1964,769,1679,524,998
1497: 1850,1818,1003,1506,1174,1700,702
1498: 55,191,1917,1560,1114,1311,1173
1499: 630,847,945,1406,102,1858,1839
1500: 479,604,202,1818,765,702
1501: 798,808,1136,613,437,596
1502: 250,765,98,1915,1757,1997,1252,1360,1411,1157
1503: 1162,1299,1336,1218,1833,367
1504: 609,674,1989,1426,308,1721,832
1505: 1658,679,1967,602,565,258
1506: 1850,409,1818,1003,1497,1174,391,202,702
1507: 521,664,1625,902,753
1508: 123,176,372,1361,971,1607,1230
1509: 1782,310,1232,966,458,494,564,817,748,126
1510: 178,1796,1624,749,823,249,1330,1596,184,1777
1511: 794,812,1879,1970,213,94,30,324,1892
1512: 1147,1582,1919,287,1294,1069,307
1513: 395,1313,1309,1716,1223,1673,676,1272
1514: 15,1068,1072,1393,1294,1069,1944
1515: 818,1468,33,1919,1294,15,1338
1516: 548,1107,826,1674,230,1979,1619,685,231
1517: 308,1747,852,1219,818,33,633
1518: 71,190,1629,431,1353,1633,2014
1519: 1231,677,701,736,895,1921,1493,1750,374,229,1756
1520: 941,1725,1470,109,583,1972,705,1397
1521: 1183,1455,860,915,1002,17,673,292,1085
1522: 956,1251,480,1849,862,336,1999
1523: 96,881,744,870,139,1326,81
1524: 292,920,1085,1119,1657,1959,1822,379
1525: 1922,357,617,90,1966,755,869,1244,677,701
1526: 195,187,506,1431,2019,1141,1033,1118,1617,50,490,1614
1527: 529,1060,1179,1213,1748,1605
1528: 568,1305,1770,256,1385,1625,1896,753
1529: 608,858,1971,616
1530: 353,979,1274,283,344,1000,559
1531: 342,989,1808,893,21,403
1532: 730,1291,1563,1564,651,909
1533: 105,1004,467,477,219
1534: 1449,550,958,1672,1871,1062,1094,1275,806
1535: 84,121,717,1439,1064,45,1887
1536: 525,304,600,1213,1903,2020,1179
1537: 1709,405,1125,905,206,28,220
1538: 43,467,1956,477,1691,63,577
1539: 703,1047,1816,1301,1167,1784,414,157
1540: 791,1678,1365,356,87,1315,1937,1650
1541: 643,1898,888,296,1229,78,1638,1586
1542: 25,536,1058,1236,1098,1690,281
1543: 1944,235,1266,791,1365,1697,1022,1685
1544: 224,1362,1138,1835,1057
1545: 114,246,1741,991,1054,1974,285,666
1546: 430,854,1581,1952,1113,1958,1164,1851
1547: 1724,816,1417,774,177,188
1548: 100,208,676,1877,1324,1223,825,1272
1549: 204,919,1456,203,435,1290,1626
1550: 530,745,1628,1905,675,1441,269,700,267
1551: 1934,579,1564,803,1291,1563,1819,1572
1552: 1356,392,517,1857,1124,1289,1048,1457
1553: 97,1764,391,1030,1656,202,409
1554: 333,758,1258,1049,612,845,163,1670,1429
1555: 734,936,1117,1135,1627,1762,1450,518,663,1086,1727
1556: 1651,370,373,1866,1303,1404,483,63,1491
1557: 1364,1444,1722,170,140,746,1713
1558: 281,708,1844,1028,1918,751,841,1098
1559: 1887,294,1041,276,1805,1053,280,1396
1560: 813,1114,191,1498,1311,1173,1655
1561: 1576,1284,1609,1021,1476,800,1212,1810
1562: 1640,828,1928,1018,603,233,692,1333,943,1068,837
1563: 1532,1291,1819,1934,1564,1551,651
1564: 129,1934,1551,1758,651,1532,1563
1565: 856,1977,1951,240,996,874,1857,1124,75,245
1566: 236,325,460,167,1332,738,1593
1567: 130,1116,44,1825,672,1664,227
1568: 1585,1900,1981,1754,698,807,134
1569: 12,540,1031,688,1794,38,713,218,1662
1570: 893,1867,1476,929,1659,1576,1808
1571: 263,772,864,685,125,230,1979,1107
1572: 92,1059,1811,1551,803,884,657,1819
1573: 1007,892,1807,1395
1574: 35,650,1479,519,180,1084,1796,398,1297,723
1575: 44,1615,734,936,1166,1627,826,130,211
1576: 1561,933,1284,1808,1476,929,893,1570
1577: 267,386,1430,844,1842,1783,1463
1578: 631,383,1786,266
1579: 879,1215,497,1586,888,358,402
1580: 38,168,523,1739,903,533,1856,688
1581: 430,1546,854,1398,1113,830,1164,299
1582: 1512,287,1294,1069,307,607,1155,507,1393
1583: 1381,928,1249,1775,1480,1233,1885
1584: 1688,932,756,947,406,726,1197,284,1668
1585: 1568,1900,1981,889,134,341,1725
1586: 1638,464,497,877,1541,888,1579,879,402
1587: 75,1282,245,589,240,874,505,875
1588: 1881,1895,286,896,500,1760,647,1988,1420
1589: 539,622,1322,1947,71,1
1590: 76,429,1973,598,1206,1224
1591: 257,1159,839,924,986,54,1763,1320
1592: 380,846,1660,1317,1129,2003,1388,1139
1593: 1889,606,1063,83,236,460,1566,1332
1594: 667,735,1608,340,373,483,1491
1595: 2007,1397,1841,1972,834,897,1408,1437
1596: 476,823,249,749,623,1906,752,1777,1624,1510
1597: 2,177,188,1969,413,390,515,987
1598: 1683,1604,1181,1778
1599: 1254,1795,1935,1681,708,1844,1158,1834
1600: 39,539,1074,638,984,1103,718
1601: 1023,1614,1220,187,999,1829
1602: 2006,720,783,1203,1048,116,1610,1856,12
1603: 599,1168,1720,354,1950,1718,468,1011,504
1604: 681,1683,1598
1605: 1459,1748,1527,1213,1078,1454
1606: 401,1221,334,2008,55,191,393
1607: 587,971,1210,376,842,1361,1508
1608: 1594,667,51,373,1491,967,940
1609: 64,1253,1293,800,716,1212,1810,1790,1261,1561
1610: 116,1926,397,533,1856,424,1602,720,12,168
1611: 1782,310,966,881,81,425,728,804
1612: 1975,1486,1177,573,1207,555,457,520
1613: 40,1086,459,605,1727,1412,1131,2002
1614: 1220,1601,490,187,1526,1850,1003
1615: 44,2002,1575,1086,734,936,1627,130
1616: 805,216,1050,423,930,323,1726,66
1617: 391,151,1030,50,490,1141,1526,1850
1618: 620,833,265,1264,1255
1619: 230,1882,1979,224,993,1516,1674
1620: 381,72,1438,939,664
1621: 728,804,1083,1768,81,1677,1647
1622: 666,1637,1869,246,1469,1482,1475
1623: 221,593,931,1443,290,1645,148,557
1624: 178,1796,1510,1596,184,1777,1084,1479
1625: 521,1507,256,902,1528,753
1626: 14,1290,1728,204,346,1549,494,1635
1627: 734,936,1117,1135,1166,1555,1450,1086,2002,1615,1575
1628: 530,745,1550,1905,675,1441,1429,1075,1199
1629: 71,190,1518,1,1142,1353,1633
1630: 45,115,1684,725,1884,1439
1631: 255,351,873,1231,215,229,1446
1632: 1013,1246,1265,262,811,388,508,1349,1392,1843
1633: 431,1095,1283,1328,1353,190,1518,1629,2014,304,2020
1634: 58,1240,1676,1696,22,1071,1421,1797
1635: 1440,494,564,204,346,654,439,14,1626
1636: 371,1820,611,141,562,1032,1735,955
1637: 666,1245,1622,1957,1869,246,892,2015
1638: 464,497,1586,877,1161,78,1541,888,1229
1639: 789,1146,1325,1257,1739,953,1183
1640: 1562,1088,828,1928,1018,1063,603,233,692,943,355
1641: 682,1654,1208,1875,801,1182,305
1642: 484,594,597,865,1492,322,1738,1717
1643: 1665,757
1644: 71,190,39,622,143,1170,1712
1645: 69,247,290,234,221,1623,593,1443,148,474
1646: 160,1346,1686,1401,780,1799,1399
1647: 646,1737,556,1083,1621,1677,1772
1648: 150,476,1149,823,249,1330,1746,194,690,1755
1649: 595,418,588,537,850,1214,1383,441,1704,330
1650: 193,1424,1345,1315,1937,410,625,1870,466,1678,1540,356
1651: 370,373,1556,1303,1404,63,1491,1956
1652: 1106,921,551,824,1154,93
1653: 862,1942,1337,839,1763,171,421,1143,1849
1654: 1761,682,1043,1641,801,1182,1959
1655: 1974,833,968,1373,285,1733,813,1560,1311
1656: 604,1374,202,1195,1553,1764,119,108
1657: 920,1119,1524,724,1959,1822,11,527,670,379
1658: 679,1015,1505,602,1171,1299
1659: 729,929,374,1921,446,1867,1570,1756
1660: 380,846,1592,1357,1129,131,1340,1388
1661: 1350,1860,1270,949,360,207,309
1662: 118,218,1056,1153,1287,540,1031,1569,1794
1663: 1685,1716,1448,1673,1993
1664: 1702,232,672,1116,1567,656,1335
1665: 1643,757,959,1899
1666: 1252,1360,1411,528,1682,250,98,100,208,46
1667: 1769,161,696,649,1390,1156,1376,302
1668: 816,1065,284,379,724,885,726,1584,932
1669: 314,411,1180,95,254,1732,964,2001
1670: 163,448,1049,845,1554
1671: 1042,1785,559,1804,124,353
1672: 1871,1062,1275,643,1751,1474,1534,806
1673: 1716,1223,1663,1993,395,1513
1674: 1516,548,826,734,993,1135,1166,1619
1675: 1217,1343,181,1481,923,84,121
1676: 58,1634,1696,954,22,1187,662,1781
1677: 1772,1349,1768,508,1621,646,1647
1678: 791,1540,356,193,1650,1736,1345,1022,1685,1448
1679: 185,1753,1964,769,404,153,399,1496,524,998
1680: 1322,779,1006,1895,1387,106,1982,104,2021
1681: 438,1935,1436,1844,1028,1254,1795,1945,1599
1682: 137,528,1731,1324,98,100,208,1666
1683: 681,1066,1598,1067,1604,1778,1172
1684: 45,89,115,1630,1064,1962,450,1789
1685: 1304,1022,1663,1543,791,1678,1345,1697,1448
1686: 160,1401,1646,1125,362,1200,1425,1399
1687: 472,1889,606,1265,558,1392,83,891
1688: 1584,932,756,947,1071,406,284,228
1689: 341,941,1725,1407,1013,1246
1690: 172,577,722,751,1542,536,1098
1691: 1538,1956,477,172,577,967
1692: 1450,474,518,663,1105,1163,148,1269
1693: 1092,1800,1892,812,1879,213,610,665,1110
1694: 88,1278,786,542,1079,1707,478
1695: 1831,196,618,68,857
1696: 1240,1676,1634,954,22,1187,756,1071
1697: 1178,1699,633,235,1266,1543,791,1304,1022,1685
1698: 438,1436,1122,214,1847,1999,841
1699: 848,1178,1247,1697,711,1304,1022
1700: 691,1915,1757,702,1497,1174,739,1228
1701: 23,1940,1271,876,1033,1118,1317,1139,1435
1702: 232,248,672,678,1664,988,918,1335
1703: 34,647,687,1988,377,592,1026,1790,1734
1704: 257,1159,1649,850,1214,330,171,421,584
1705: 465,963,587,1866,1303,483
1706: 205,776,1019,442,978,894
1707: 1079,1848,1788,542,1694,786
1708: 1254,2013,1868,1350,1270,221,1443,247,290,671,234
1709: 339,405,1537,1125,516,1984,28
1710: 99,1829,366,552,1023,423,323,1726
1711: 69,629,1432,474,1412,1105,40,1727
1712: 1060,1170,2014,1179,71,190,1644,431
1713: 746,601,1364,1557,644,641,1090
1714: 20,1101,1400,572,660,509,1080
1715: 1140,1484,1742,634,678,227,1803
1716: 1223,1448,825,1673,1736,1663,1993,1513
1717: 1738,470,921,1099,597,1642,93,1487
1718: 354,1358,1071,1240,1603,1720,228
1719: 417,906,443,278,782,2005,1830,1911
1720: 390,599,1168,1603,228,1071,354,1718
1721: 308,852,848,711,674,1504,1989,91,832
1722: 1557,1444,1225,1103,796,1920,170
1723: 342,989,1025,1473,1760,274,970,1420
1724: 1547,816,284,947,177,413
1725: 134,341,941,1470,1689,1520,1585,1407
1726: 930,323,1023,423,552,1710,1050,1616
1727: 40,1086,605,1613,1711,1450,663,1412,1555,2002
1728: 14,412,1290,1626,126,907,1464
1729: 569,980,620,1311,1173,833,1373
1730: 144,1144,1463,1430,1130,1356,1289
1731: 137,528,1150,1682,1324,694,100,208
1732: 254,710,964,1185,2001,95,411,1669
1733: 813,1352,1883,1369,1655,285,991
1734: 436,1051,1109,1913,377,592,1419,296,1703,687,1988
1735: 1792,827,961,371,611,1636,1383,441
1736: 193,1766,1345,694,1678,1324,1716,1448,825
1737: 646,1647,556,1083,1780,763,138
1738: 322,470,652,1099,1717,484,597,1642
1739: 523,1580,903,789,1257,1639
1740: 181,1793,1329
1741: 114,246,991,1545,2018,149,1369,285,645
1742: 1715,1140,1484,1787,37,634
1743: 513,1314,10,1036
1744: 243,1883,1070,880,1056,1227,452,273,1352
1745: 1751,1415,1051,18,500,1988,821,1881
1746: 194,690,1779,1357,1129,150,1648,1330,1340,1755,1388
1747: 1219,1517,626,1306,818,469
1748: 1459,1605,1281,529,1060,1527
1749: 2000,104,649,2021,1046,1390,453,835,896,1387
1750: 729,374,145,1017,1493,1519,677,736
1751: 1745,1415,1474,643,1120,18,1672,1062,1275
1752: 1096,1809,520,555,1024,1362
1753: 185,549,769,1679,404,1147,287
1754: 1347,788,1367,962,807,1568,1900
1755: 252,1081,1388,1648,1330,1746,194,690,1357,1129
1756: 61,229,1370,1446,1659,374,1519,1231,701,895,1921,446
1757: 691,1700,1915,702,765,1502,1997,1157
1758: 1176,129,1564,651
1759: 363,469,1248,1306,364,505
1760: 34,500,647,1988,1723,1473,1881,286,1588,1420
1761: 547,682,1043,1654,575,953,1455
1762: 936,1117,1135,1555,518,1163,1835,1057
1763: 54,123,176,1591,839,171,428,1942,1337,1653
1764: 97,1034,1195,1553,1030,1656,202
1765: 630,1406,545,1454,1963,60,1852
1766: 193,1736,1424,1345,694,1324,825
1767: 398,225,1141,1297,1139,1435,1118,723,151,50
1768: 139,508,81,728,1621,1677,1349
1769: 638,1667,161,1156,1376,1225,1103
1770: 1528,568,1305,1385,42,337,1896,753
1771: 417,767,906,1328,710,1312,600,1903
1772: 1677,1349,1392,83,508,646,1647,738,606,1332
1773: 332,693,307,607,897,1408,549
1774: 169,238,319,1992,515,1815,1308,987,67
1775: 900,1480,761,1381,1583,451,1233,217
1776: 1954,625,101,1995,768,1008,389,733
1777: 184,752,763,1084,749,1596,1624,1510
1778: 29,1181,1172,637,1066,1683,1598
1779: 1746,690,1357,488,223,1346,1799,1340
1780: 623,699,1083,1737,752,763
1781: 1421,302,1449,662,26,58,1676,22
1782: 1509,310,1232,966,1611,117,133,425
1783: 1842,803,884,636,386,1577
1784: 57,1948,913,1165,2004,1243,1167,1539,414
1785: 559,1804,1671,124,560,344,462
1786: 1578,1465,266
1787: 983,1140,1742,627,944,1351,37
1788: 1707,615,79,542,1093
1789: 280,1962,450,1064,45,1684,1887,294
1790: 716,1026,1212,1261,64,1609,210,1913,377,592,1703
1791: 214,336,1847,1999,1958,1263,1851,854,1952
1792: 534,827,1735,491,537,1214,1383,441
1793: 94,312,1740,1329
1794: 12,540,1031,688,1569,82,2006,1203,1662
1795: 1254,2013,1945,1599,1935,1681,1436,1844,1834
1796: 178,1624,1510,368,184,1084,1479,1574,180
1797: 1358,58,1240,1634,1421,1478
1798: 278,815,1830,1837,1990,1222,1366,642
1799: 780,1340,488,160,1346,1646,1779,1357
1800: 1693,1092,1892,1055,1884,213,665,1110
1801: 573,197,1207,1148,1370,1115
1802: 222,1904,1152,1874,715,1986,1276,1112
1803: 914,1715,634,232,248,678,227
1804: 1785,1671,124
1805: 201,1077,1826,1053,1559,1041
1806: 775,43,467,219
1807: 445,892,1395,1573
1808: 1576,933,1284,893,1570,1531,989
1809: 1096,1752,1362,1138,270,1238,295
1810: 716,1026,1212,1609,800,1561,1284
1811: 92,686,1044,1059,1572,1902,1842,803,884,1819
1812: 1121,1854,1461,1489,1323,580,1354,1146
1813: 56,1279,1405,1040,1151,1960
1814: 396,755,869,1244,427,830,586,1193
1815: 169,1992,515,1774,156,1111,512
1816: 1539,186,703,1047,1301,1032,157
1817: 41,972,1863,136,1994,392,1422
1818: 1850,409,1497,1506,604,1500,202,702
1819: 657,1291,1563,1551,803,1968,1059,1572,1811
1820: 371,1636,141,562,186,1032,719,876
1821: 148,1983,557,1269,1024,1163,1057
1822: 724,801,885,1959,1085,1524,1657,11,1065,379
1823: 640,1929,1861,1993,395,863,976
1824: 170,754,1127,1218,1833,140
1825: 1484,489,44,1567,672,227
1826: 132,1805,1077,164,975,717,1041
1827: 1002,1076,1460,880,1227,1153,103,17,857,1191
1828: 65,532,656,128,1116,211,303
1829: 297,366,552,1710,999,1932,1023,1601
1830: 278,782,2005,1798,1719,443,301,1837,642
1831: 17,196,618,1695,68,857,673,292,920,1119,781,200
1832: 1217,1343,1329,94,324,725,1485,1892
1833: 1218,1824,140,1171,1299,1503
1834: 239,1158,570,1471,1254,1795,1868,1599
1835: 224,1544,1057,993,1117,1135,1762
1836: 487,369,1075,1199,1429,333,1258,1441
1837: 301,1194,1418,278,2005,1798,1830,642
1838: 315,1912,1052,859,1262,590,1933
1839: 462,849,1858,560,630,945,1499,124
1840: 203,1414,1859,412,778,1102
1841: 2007,1397,1595,941,1407,554,861
1842: 1783,884,386,1577,1430,1044,1811,1463
1843: 1349,1392,262,388,508,1632,1246,1265,558
1844: 708,1943,1028,1558,438,1681,1436,1795,1599,1158
1845: 422,1986,1276,1259
1846: 1235,1937,828,1018,1995,355,1870
1847: 214,1791,1999,1952,1091,1436,1122,1698
1848: 1079,1707,338,2,1308
1849: 421,1143,1263,862,1337,1653,336,1522
1850: 409,1818,1003,1497,1506,391,1617,490,1614
1851: 421,1263,584,1958,1546,854,336,1791
1852: 60,283,560,1029,630,945,1765,462
1853: 70,1189,475,1137,1172,637
1854: 952,1121,1461,1812,1325,110,547,575
1855: 1456,36,659,383,435
1856: 116,397,533,1610,1602,1203,12,688,168,1580
1857: 517,1124,1552,1048,1457,1565,856,874,75,424,245
1858: 849,1839,847,1499,102,1891
1859: 1840,1414,1910,785,922,778,908
1860: 1350,1661,1270,221,309,593,1443,234
1861: 640,1929,1823,740,974,976,1205
1862: 47,67,1402,939,1128,1278,72
1863: 41,1817,972,1196,320,578,1996
1864: 568,1305,158,367,1209,1379,1336
1865: 661,1123,1873,1451
1866: 370,373,1556,1303,1404,483,465,1705
1867: 893,446,1978,1570,929,1659,1921
1868: 1254,1708,2013,570,1834,247,671
1869: 1622,1637,1469,1482,1475,2015,378
1870: 1954,410,625,1995,768,1315,1235,1846,1937,1650
1871: 358,402,1672,1062,1094,1275,643,1215,1534
1872: 184,763,138,1084,707,31,1976,582
1873: 65,532,1005,661,1865
1874: 222,1802,1152,1277,1112,886
1875: 879,1208,1215,770,547,682,1641,305
1876: 62,977,1925,212,843,1878,1133
1877: 100,208,46,1548,676,1223,1272,1260
1878: 24,843,1876,928,1133,1249,898
1879: 812,1970,1511,213,1423,610,1693,1892,1110
1880: 62,977,757,1348
1881: 821,286,896,1588,500,1760,647,1988,1745,1415
1882: 125,1979,295,1619,224,1138,270
1883: 243,1744,1369,880,1733,813,452,273,1352
1884: 725,1092,1485,1800,1892,1055,1439,115,1630
1885: 451,510,1233,1965,24,1249,1583,898,59
1886: 52,280,1962,450,741,802,192,1359
1887: 1559,294,1041,1535,717,1064,1789
1888: 119,709,1416,479,604,1374,137,853
1889: 1687,472,606,1063,1593,603,950,1088,1928
1890: 142,1932,501,955,611,562,588,1383,441
1891: 102,329,1222,847,1858
1892: 1693,324,725,1092,1485,1800,1884,1879,1511,213,1832
1893: 1363,200,345,981,1192,68,920,781,317,527,1897
1894: 795,1938,259,867
1895: 286,896,1387,1588,274,106,1420,104,1680
1896: 42,337,819,753,1528,1305,1770,1409
1897: 317,527,981,1893,1488,1310,712,1089
1898: 643,1541,888,296,1229,1120,1109
1899: 654,959,1665,382,346
1900: 1568,1585,1347,1754,326,639,889
1901: 120,499,790,1926,397,533,260,903
1902: 92,686,1044,1811,1144,1994,578,41
1903: 525,600,1536,906,1771,1911
1904: 199,222,1802,1152,1277,704,715,777,1490
1905: 530,1550,1628,163,1080,1429,1075
1906: 749,420,623,951,851,476,1386,1596,752
1907: 729,929,910,73,145,809,1382,1009
1908: 516,1984,689,925,189
1909: 361,135,1115,146,350,1318,942
1910: 684,785,631,659,1414,1859
1911: 782,815,525,1903,1719,906,279
1912: 315,531,777,1490,1838,1052,1933
1913: 377,493,592,1419,496,1790,296,436,1734
1914: 261,385,1983,557
1915: 691,1700,1757,1502,1997,1360,1157,1288
1916: 241,400,1375,166,773,731,1321,541,579
1917: 55,113,191,393,1498,481,980,1173
1918: 751,956,480,841,1028,1558,1098
1919: 1512,1147,287,1294,15,85,1468,1515
1920: 796,1376,1478,1722,1225
1921: 1519,736,895,729,1659,374,446,1867,1756
1922: 357,617,1525,207,90,755,869,1244
1923: 1955,962,1267,321,788,1477
1924: 261,1344,1188,255,385,873,573
1925: 271,1939,62,384,1876,1133
1926: 116,397,533,1610,260,424,1339,1901
1927: 237,251,1241,658,794,812,1970
1928: 1640,1562,1088,1018,472,1889,1063,603,943
1929: 1823,1861,740,974,1993,1247
1930: 380,846,1256,1317,186,1047,23,719
1931: 293,894,1181
1932: 142,501,1890,999,506,297,1829
1933: 32,882,1432,859,1262,1838,1912,1052
1934: 129,541,579,1564,1551,1563
1935: 1681,1436,1122,653,1350,360,1254,1795,1945,1599
1936: 268,496,976,640,863,493,1419
1937: 87,1315,837,1235,1846,410,1870,1540,1650
1938: 445,892,1342,259,867,1894
1939: 10,271,365,1925,928,1133
1940: 23,1701,1271,719,876,1033,1118,1435,141,562,195,2019
1941: 263,864,1273,1953,155,1302,1082
1942: 428,567,862,1337,1653,839,176,1763,1230
1943: 281,708,1844,1236,239,1158,901
1944: 235,1338,1266,1543,15,1514,1072,714,1365
1945: 1254,1795,2013,653,1935,1681,1350,1270,360
1946: 1175,665,1981,109,306,583,134,1470
1947: 1434,635,1142,1322,1006,1589,1
1948: 1784,913,1165,855,820,721,275,2004,1243
1949: 514,594,597,865,1487
1950: 354,1358,1603,1341,352,1445,504
1951: 327,1565,856,1977,522,1130,492,996,1356,1124
1952: 430,1546,854,1398,214,1791,1847,1091,1122
1953: 1211,829,263,685,1941,1302,535
1954: 410,1776,625,1870,101,1995,768,733
1955: 1923,1423,461,1267,658,1970
1956: 43,1538,1691,1651,373,63,1491,967
1957: 666,1245,1637,1007,892,1395,1342,2015
1958: 1355,1164,1851,584,1546,854,1113,1791
1959: 724,801,1822,1043,1654,1085,1524,1657
1960: 401,334,56,1813
1961: 206,900,1480,513,1466,1314,503,1186,1381
1962: 52,280,450,1886,1789,1064,1684,294,741
1963: 279,545,1078,1454,815,1406,1765,343
1964: 185,549,769,1679,985,152,994,399,1496,1495
1965: 318,451,510,760,1233,1885,898,851,217,840
1966: 396,869,1244,66,1493,198,90,1368,1525
1967: 679,1505,565,322,652,1099,538
1968: 92,686,1059,657,1819,614,1433,750
1969: 177,1597,413,390,1992,515,987,512
1970: 794,812,1879,1511,237,1927,658,1423,1955
1971: 581,616,1160,328,1123,608,1529
1972: 1250,834,705,109,1520,1397,1595
1973: 76,429,1590,598,526,632,916
1974: 1655,833,968,285,1054,1545,265,1255,799
1975: 1486,742,1177,154,1612,957,1096,520
1976: 31,1307,582,917,1413,1872,650,519,871
1977: 327,1565,856,1951,544,449,173,996,874
1978: 893,446,1867,1370,21
1979: 125,230,1882,295,1619,224,1516,772,1571
1980: 283,1000,1020,1029
1981: 1568,1585,313,1175,698,807,1946,306,583,134,1470
1982: 274,970,106,1061,456,1680,1006,1434
1983: 1821,557,385,261,1024,1914
1984: 516,1908,890,1709,339
1985: 809,1017,1157,691,74,1380,1038
1986: 1276,1845,1802,1112
1987: 2003,252,1388,179,368,1317,398,225,1297,1139,1435
1988: 500,1703,1760,647,687,1051,18,1734,1745,1415,821,1881,1588
1989: 609,1504,16,1721,91,832,1292,426,1014
1990: 329,343,1222,1366,278,1798,965,642
1991: 764,1039,938,937,878,502
1992: 169,238,319,515,1815,1308,1774,987,1969
1993: 1929,1823,1663,1716,1673,395
1994: 144,1144,1902,392,1289,41,1817,1422
1995: 768,1008,355,1088,1018,1846,1954,1776,1870
1996: 159,926,127,1151,972,1196,1863,1040
1997: 910,1252,1360,1411,1502,1915,1757,1157,1288
1998: 581,616,328,155,1198,1447,608,498
1999: 214,336,1791,1847,1522,480,841,1698
2000: 649,1046,1749,453,835,1387,147,696,1134
2001: 1732,710,964,95,1669,1095,1283,1328
2002: 1615,1086,459,1727,1613,1627,489
2003: 252,1987,1388,179,1317,1592,1139
2004: 275,473,1243,1167,855,57,1948,1784,913
2005: 278,782,1830,417,1719,1198,443,301,1837
2006: 1602,783,1203,1422,972,136,127,82,1794
2007: 1397,1595,1841,554,861,1184,897,1408,1437
2008: 349,1606,334,191,1114,452
2009: 48,264,737,875,589,1426,747,790
2012: 174,288,726,305,1197,680,1182
2013: 1254,1708,1795,1945,1868,1350,1270,234
2014: 1060,1712,1179,190,1518,431,1633,304
2015: 892,1342,1637,1957,1869,378
2016: 408,1073,795,1012,88,786
2017: 119,709,1416,108,389,733,272
2018: 114,1741,149,196,68,1469,1363,345,645,1192
2019: 195,1526,1431,1141,1940,1271,1033,1118,50
2020: 304,600,1536,431,1095,1328,1633,1179
2021: 104,649,1046,1390,1749,1387,779,1680,585
2022: 8