0: 
1: 71,1518,1629,1589,1142,1947
2: 1848,338,188,1597,987,1308
3: 
4: 
5: 
6: 596,613
7: 766,742,1486,942,635,1061
8: 2022
9: 1428,408,1073
10: 271,365,1939,486,1036,1743,1314,503
11: 1822,527,670,1657,920,379,1417,1065,317
12: 38,1794,688,1569,168,1856,1610,1602,1203,82
13: 387,925,1295,973,511,820
14: 1728,1290,1464,1626,1635,126,748,494
15: 1294,1919,1515,1514,1072,1338,1944
16: 426,580,648,609,1989,1016,1354,1035
17: 1831,1191,618,915,673,1827,1002,1521,857,292
18: 1751,1120,821,1415,1745,1051,1109,1988
19: 282,619,482,946,524,419,449
20: 1714,1101,1400,572,660,934,1019,442
21: 361,403,1531,1808,893,1978
22: 1187,1676,1634,1696,662,1421,1781,302,26,58
23: 1118,1940,195,1271,2019,1033,1701,719,141,876
24: 992,1878,1410,898,843,1133,1885,1249
25: 440,1004,536,1542,1058,1126,463
26: 1421,1781,302,696,147,1449,22,662
27: 727,1027,935,784,624
28: 1709,1537,1125,905,160,220,1346,1401
29: 495,1137,637,1778,1172,1181
30: 94,312,324,1132,794,812,1511
31: 1976,1413,917,707,138,1872,582,912,650
32: 1432,1933,531,1052,40,1711,982,605
33: 1338,818,1468,633,1515,1266,1517
34: 1703,1760,647,1026,933,1473,989
35: 519,1574,723,1297,97,1034,1030
36: 375,1456,1855,919
37: 634,1742,1787,1351
38: 12,688,1569,168,523,1580,1031,713
39: 143,1600,718,539,622,1644
40: 1613,1727,1711,1412,32,1432,982,605
41: 320,578,1863,686,1902,1144,1994,1817
42: 337,1896,1286,1770,1409,1305,1336,1372
43: 1806,775,467,63,370,1538,1956
44: 130,1575,1615,489,1825,672,1567
45: 89,115,1684,1439,1630,1535,1064,1789
46: 1666,1331,1411,208,1260,1877,165
47: 67,1402,238,478,1278,1128,1862,939
48: 1426,2009,737,609,747,790,1016,1035
49: 157,1427,961,414,793,1462,969
50: 1526,490,1767,2019,1431,1617,1141
51: 667,1608,567,1251,628,940
52: 1371,1962,1886,1359,192,1789,276,280,1104
53: 258,641,838,1020,601
54: 123,176,1763,839,1591,1320,372
55: 1917,191,1498,1221,1606,481,669,113,393
56: 401,1960,808,1405,1813,1279,695
57: 1784,913,1165,414,793,1206
58: 1358,22,1634,1421,302,1478,1797
59: 117,576,951,851,992,898,1885,510
60: 1852,1029,1459,1605,1454,630,1765
61: 895,446,1370,1756,229,1446,1148
62: 977,1876,1880,384,1925
63: 1651,1491,1556,1404,370,1538,1956,775,43
64: 1253,1293,1609,1313,1309,210,716,1261,1790
65: 1335,1391,532,1828,656,1873,1451
66: 930,427,1616,1050,216,1038,396,1368
67: 47,1402,169,238,759,1774,1862,995
68: 1893,1363,200,1192,781,857,1831,618,2018,196
69: 474,1692,1105,148,247,290,1645,629,1711,1412
70: 1189,1853,1066,1172,201,475,1389,637
71: 1,1518,1629,1589,622,1644,2014,190
72: 787,1128,1862,1620,939
73: 1252,1331,1411,1382,910,1288,165,1009,1907
74: 805,739,691,1157,1985,1038,1380
75: 1457,1857,424,245,1565,1282,1339,1587,1048
76: 1206,1590,721,429,546,1973,1165
77: 1216,183,1210,963
78: 1229,1541,1161,1319,1638,877
79: 1788,542,378,1093,867,1012,259,786
80: 1792,827,1427,961,969,574,534
81: 139,1523,96,1611,728,881,1768,508
82: 159,540,127,136,2006,1203,12,1794
83: 1332,1772,558,1392,606,1349,1687,1593
84: 1217,1343,1439,923,1675,1535,121
85: 404,1147,1919,626,810,1468
86: 1452,1202,372,1280,1361,842,107
87: 1315,1937,1235,837,714,1365,791,1540
88: 1694,1278,1073,2016,786,1128,1237
89: 45,115,1684,291,450,1630,316
90: 1966,396,1368,869,1244,198,677,1493,1922,1525
91: 1296,740,1292,1247,711,1989,832
92: 686,1902,1044,1144,1811,1463,884,1572,1059,578
93: 1717,921,470,1154,1652,551
94: 1329,312,30,324,1793,1511,1832
95: 2001,1732,964,1669,1180,314,415,1283,485
96: 1523,81,1464,907,126,458,310,881
97: 1034,1195,1553,1764,35,519,723,1030
98: 250,1502,853,528,1682,208,1666,1252,1411,1360
99: 297,331,1355,1164,552,1710,366,323,1113
100: 208,1548,1877,1324,1731,1682,825
101: 621,1995,768,1776,1008,272,1298,389,2017,1954,733
102: 343,1990,1222,1366,847,1406,1499,1858,1891,329
103: 880,243,122,857,1827,1227,1744,1191
104: 1387,2021,1749,1895,896,286,106,1680,1046,779
105: 1533,440,1004,422,1259
106: 1006,1680,1982,286,274,970,1420,104,1387,2021,1895
107: 842,376,1234,455,1280,1027,935,86
108: 272,871,389,2017,1195,119,709,1374,1656
109: 836,583,705,1520,1470,291,941,1397,1972
110: 1121,543,1323,952,464,547,770,1854,1875,879,497
111: 1410,212,1440,843,977,748,564,817,1232
112: 309,593,931,948,873,351
113: 1268,481,669,393,1606,55,1917,1498
114: 2018,1741,1545,149,645,345,1192,246,1469
115: 45,89,291,1055,1884,1630,306,316
116: 1610,1602,720,1048,517,424,1339,1926,397,1856
117: 59,576,133,1232,966,992,1410,1782
118: 1287,1070,218,1056,1662,349
119: 1888,1416,709,108,2017,253,1374,1656
120: 789,1146,1489,1901,1377,499,903
121: 1887,1535,923,1675,84,717,975
122: 880,243,1369,103,857,1883,149,196
123: 54,176,1763,1320,372,1361,1230,1508
124: 1839,849,462,1671,1785,1804
125: 1882,1979,295,270,411,772,254,1571
126: 748,494,1509,458,14,1728,1464,96
127: 159,82,972,136,2006,1996
128: 303,1828,548,1116,826,1107,231
129: 1758,1176,1564,997,541,1934
130: 1116,44,211,1575,826,1615,1567
131: 780,1340,1660,380,1129,1472,846
132: 164,975,1826,1067,1805,1077,1389
133: 117,576,951,420,1782,425,699
134: 1568,1585,341,1470,1981,1946,1520,1725
135: 350,1318,1909,342,361,403,1025
136: 1422,1817,972,2006,783,82,127
137: 528,1731,1150,1682,1888,1416,694,853
138: 763,1872,1780,707,1737,556,31
139: 1523,81,1494,870,388,1768,1326,508
140: 746,1713,1557,170,1824,1833,1171,602
141: 371,1820,955,1636,562,876,719,195,1271,23,1033
142: 595,588,1383,441,1932,501,1890,297
143: 39,718,1644,1170,960,644,529
144: 1289,392,1730,1994,1144,1463
145: 1382,809,910,1985,1017,729,1907,1750
146: 1486,942,1177,361,1115,1207,1909
147: 1449,1134,806,2000,302,26,696
148: 1269,474,1692,1105,69,1623,221,1645
149: 114,2018,1741,196,243,1369,122,991,1192
150: 318,1149,840,223,1648,194,690
151: 723,225,1767,1297,1435,1030,1141
152: 1104,985,994,1359,192,802,693,175
153: 289,524,1679,1496,769,998,482,946
154: 347,742,1180,1975,1486,415,1238,957
155: 1941,1082,328,1302,1447,1198,1998,616
156: 468,1100,512,515,1815,169,1483,1111
157: 49,703,1427,961,1539,414,1816
158: 1864,568,1209,1100,1385,1483,883
159: 82,540,127,926,1996,1287
160: 1799,220,1346,1401,1646,28,1686
161: 1074,1667,1390,1156,585,1103,638,1769
162: 697,1403,339,1186,206,405
163: 1905,1429,1080,1670,333,509,1075
164: 444,975,132,1826,454,1067
165: 1021,1009,800,1260,46,73,1331,1293
166: 773,269,700,934,572,660,241,1916,1321,731
167: 797,236,460,912,866,621,1008
168: 12,38,688,1856,1610,397,903,523,1580,533
169: 67,238,759,1774,1815,156,1111
170: 754,1127,1824,1722,796,140,1557
171: 257,1704,1763,839,421,1653,1143
172: 1690,722,940,577,967,1691
173: 856,1977,996,874,449,282,904,433
174: 288,680,305,2012,1215,1208,1094,550,1197
175: 693,1359,802,332,152,994
176: 54,123,1763,839,1230,1508,1942,1653,428
177: 1547,188,1597,1724,413
178: 1796,1624,368,180,249,1510,1330,1081
179: 2003,252,1081,1987,1388,1139,398,368,180,225,1297
180: 178,1796,368,1479,179,398,1574,1297
181: 1481,1675,1740,1329,1343
182: 262,811,226,639,326,1494,889,1326
183: 1216,77,1210,1027,624,376,1234
184: 763,1777,1872,582,1084,752,1510,1796,1624,1479
185: 1753,404,1147,769,399,1964,994,549,1679
186: 1816,1032,1047,719,1930,1256,1820
187: 1526,490,506,501,999,1614,1601
188: 1547,177,1597,1724,413,774,338,2,987
189: 516,1908,925,362,973,1425
190: 1644,1170,2014,1712,71,1518,431,1179
191: 55,1917,2008,1498,1114,334,1606,393
192: 52,1371,1886,1359,242,1104,152,985
193: 1736,1766,1424,1345,694,1650,466,1678,356
194: 1746,690,1755,1357,1129,150,223,249,1648,823,1330,1081
195: 1271,2019,23,1033,1431,141,562,876,1526,506
196: 2018,149,122,857,618,200,68,1192
197: 1801,1207,1148,1370,1188,573
198: 1985,1038,1017,1380,216,1966,396,90,1368,677,1493
199: 886,1204,944,1277,1904,1152,777,447
200: 1893,1363,345,68,981,1192,781,1831,618,645,196,920
201: 1053,475,1805,1077,1389,1189,70
202: 604,1374,1500,1656,1553,1764,409,1506,1818
203: 412,1840,1414,435,1549,1290
204: 1626,919,346,382,1549,1635,1290
205: 776,978,1706,300
206: 900,1186,1961,162,405,1537,905
207: 1661,617,948,949,869,1193,755,1922
208: 100,1260,1548,1877,1682,98,1666,46,1411
209: 1273,1082,417,767,443,1198
210: 1913,1419,493,592,863,1313,1309,64,716,1261,1790
211: 130,1116,826
212: 1348,439,1440,843,977,564,111
213: 1693,812,1879,1511,324,1485,1092,1892
214: 1791,1847,1952,1999,841,336,1522,1698
215: 229,351,1631,1446,1231,357,948
216: 805,1050,1616,66,198,1038,1368
217: 1775,761,668,1233,1583,451,1965,840,1467
218: 1153,1056,1227,1031,713,1662,1569,1287,118
219: 1806,467,1533
220: 160,1346,1401,761,668,28,1537,905,488
221: 234,247,290,1645,309,1623,593,1443,148
222: 1904,1802,1152,715,1112,1874,1277
223: 1779,840,1467,488,318,451,150,194,690
224: 1138,1882,1979,1544,1835,993,1619,1674
225: 1767,1297,151,1435,179,1987,1139,398
226: 1394,566,639,326,1494,870,908,182,262
227: 1825,232,672,678,1567,1484,1803,248,1715
228: 947,599,1718,1071,1720,1688,756
229: 351,1631,215,1446,1519,701,1231,357,61,895,1756,1148
230: 1619,1516,1979,1571,1107,685
231: 1211,1107,685,1516,548,826,128,303,1828
232: 227,672,678,1664,1567,1803,248,1702,988
233: 692,1097,1562,1285,1333,603,943,1640
234: 221,247,290,1645,1708,1860,1270,2013,309,593,1443
235: 1944,1365,1266,1543,1338,633,791,1697
236: 797,325,460,912,167,1566,866,707,738,621,1008
237: 251,1927,658,563,461,1970
238: 47,67,169,1774,319,1992,1815,478
239: 1262,590,901,1943,1158,1834,1471,859
240: 904,433,505,1565,996,874,245,1587
241: 1375,1916,1321,978,934,1019,660,166,773
242: 553,1010,1201,872,276,1396,1371,192,1104,655
243: 880,1369,122,103,273,1352,1883,1744,149
244: 1488,1310,1482,1475,712,1897,1093,615
245: 1457,1857,75,1565,856,996,874,240,1282,1587
246: 666,1622,1637,1469,114,1545,1054,799
247: 221,234,290,1645,1708,629,671,69
248: 914,1803,232,227,678,1702,988
249: 1510,1648,823,1330,1596,194,178
250: 765,1502,98,853,479,528,1682,1666,1360
251: 237,1241,1927,563
252: 2003,179,1081,1987,1388,1139,398,1755,368,1592
253: 1954,410,625,466,733,389,2017,119,1416,709,1424,1150
254: 1185,772,411,125,295,1732,1669
255: 873,1631,1446,1148,1188,1924,1344
256: 521,1507,1625,753,902,1528,1385,792
257: 1704,1159,1214,171,850,839,1591
258: 565,53,601,602,1505
259: 408,795,1012,79,867,1938,1894
260: 1926,397,1901,424,264,1339,499,747,790,903
261: 1983,385,1188,1924,1344,555,1024
262: 182,1632,811,1013,226,639,1494,870,889,1349,388,1326,508,1246
263: 1211,1953,685,772,864,1571,1941,1302
264: 589,1282,1339,2009,260,790
265: 1618,833,620,1264,968,1190,1974,1255
266: 1786,1465,1578,631,591,684
267: 636,386,269,1550,745,675,1430,844,899
268: 496,1205,1936,1319,976,771,1419,1229
269: 166,773,700,530,1550,745,636,386,267
270: 314,411,415,1238,957,1096,125,1138,1882,295,1809
271: 10,1925,1939,486,384,1036
272: 871,1298,389,108,2017,101
273: 813,1352,1883,452,1744,349,1070,243
274: 970,1420,286,1895,106,1982
275: 855,1200,1425,1948,473,1243,1167,2004
276: 1559,294,280,1396,52,1371,553,242,872
277: 916,831,927,598,1378,878,938
278: 782,815,1830,2005,1798,343,1990,1366,545
279: 525,1078,1963,815,1911,545
280: 1559,276,294,1396,1789,52,1371,1962,1886,872
281: 1098,1542,1236,1943,751,1558,708
282: 19,619,946,419,449,173,364,904,433
283: 560,1980,1852,1029,1000,1530,344
284: 1668,816,932,1584,1688,1724,947
285: 1655,991,968,1733,1741,1545,1054,1974
286: 896,1881,1588,1760,274,1420,104,1387,1895,106
287: 1753,1147,307,549,1582,1512,1919
288: 174,2012,550,726,1197,406,954,1187
289: 153,524,1496,1495,1242,407,369,482
290: 221,234,247,1645,1708,1270,1443,629,69
291: 89,115,1684,450,109,836,316,705,741,1250
292: 1524,1085,1119,860,1521,1183,1455,17,1831,915,673
293: 1931,894,1181,495,442,1101
294: 1559,276,280,1887,1064,1789,1041,1962
295: 125,1138,1882,1979,1809,270,411,254
296: 1229,1541,1898,496,1913,1419,436,1734,1109
297: 331,1355,99,1932,595,418,1383,142,1829,366
298: 1333,603,950,891,861,554,1184
299: 830,1581,1113,552,930,323,427,1616
300: 205,978,400,432,1375
301: 1447,1837,1418,1830,2005,443,1198
302: 1156,1421,1781,26,696,147,22,1667,58,1478,1376
303: 128,532,1828,1211,829,231,1005
304: 2020,1536,431,1179,1633,2014,1712,1213
305: 174,680,2012,1875,1215,1208,1641,1182,726
306: 1470,1175,665,1946,1055,115,836,316,583
307: 1773,549,693,1582,607,1155,897,287,1512
308: 1219,1517,852,1721,469,416,737,674,1504
309: 112,593,931,1443,948,1860,351,221,234
310: 1782,1611,881,1509,458,966,96
311: 1246,1265,891,861,1687,1013,1407,1689
312: 1329,94,30,1132,1793
2020: 304,1536,431,1633,1095,1328,2014,1903,600
314: 270,411,415,1238,1180,1669,95
315: 1912,1838,1262,590,704,1490,777
316: 836,583,1055,306,89,115,291
317: 774,1089,11,527,1657,379,1417,1897
318: 451,760,1965,1149,150,840,223
319: 1774,987,1992,1308,1079,478,238
320: 561,578,750,1196,1863,41,1151
321: 591,1923,1267,684,785,1477
322: 1738,470,679,1099,1967,1015,484,1642,1492
323: 930,1616,1726,1710,366,99,552,299,1113
324: 94,30,812,1511,213,1832,1485,1892
325: 797,236,912,1566,707,556,738
326: 1394,226,566,639,1494,778,1347,908,1900,182
327: 856,1977,1951,996,522,544,492,1130
328: 581,1971,1302,535,155,1082,608,1998,616
329: 1891,102,1990,1222,965
330: 584,421,1958,418,1649,1704,1214,850,331,1355
331: 297,1355,99,1164,595,418,366,330,1113
332: 802,834,1408,1773,693,175,897
333: 163,1429,1670,1836,758,1258,1554
334: 401,1960,1606,191,2008
335: 447,627,1131,982,605,531,944
336: 1999,1522,1263,1851,1849,862,1143,214,1791
337: 42,1896,1286,819,1770,1409,594,762
338: 774,1089,712,188,1848,2
339: 697,162,890,1709,405,1984
340: 735,971,465,587,1594,483,1303
341: 1585,134,889,1013,1689,1725
342: 1473,989,403,1531,1025,1723,135
343: 102,1990,1222,1366,545,1963,278,815,847,1406
344: 1785,559,283,560,1000,1530,353,462
345: 1893,1363,200,981,1192,114,2018,645,1469,1488,1310,1475
346: 1626,204,1899,382,654,1635
347: 1384,766,742,154,1180,1486,415,485
348: 878,455,938,937,831,927,1378,784,727,935
349: 273,452,118,1070,2008,1114
350: 135,1318,456,1909,942,1061
351: 873,229,1631,215,357,948,112,309
352: 1445,504,1379,1950,754,1127,1341
353: 1530,471,1274,824,979,1671,559,344,1042
354: 1358,1240,1718,1071,1720,1603,504,1950
355: 1018,1846,828,1088,866,1995,1008
356: 791,1678,1540,1315,1650,410,466,193,1736,1766,1345
357: 1922,1231,1525,1244,677,617,948,229,351,215
358: 402,1871,1062,643,888,1215,1579,879,1094
359: 1316,546,1295,732,511
360: 1350,1945,1145,653,1935,394,1661,949
361: 21,403,1531,1978,1801,1115,135,1909,146
362: 1200,1425,1686,1125,516,189,1401
363: 1759,469,416,505,737,875
364: 904,433,505,282,619,706,1248,1759
365: 10,1939,928,1314,503,1381,1480
366: 1710,1829,1932,297,331,99,552,323,1113
367: 1864,1305,1209,1379,1127,1503,1218,1336
368: 178,1796,180,252,179,1081,1987,398
369: 487,419,449,1836,1258,1242,407,289,524,1199,482
370: 1404,1866,1651,1556,63,775,43
371: 1820,1636,141,1032,703,961,1735,827
372: 86,1202,1320,1361,842,54,123,1508
373: 1651,483,1491,1556,1303,1594,1608,1956
374: 1519,1750,701,736,729,1659,1756,1921
375: 382,36,919
376: 1361,842,107,1234,1607,183,1210
377: 436,1734,1051,1913,592,1026,1790,687,1703,647
378: 79,1093,867,1869,1482,1342,2015
379: 11,1822,670,1657,1417,1524,724,816,1065,317
380: 131,780,1660,434,1472,846,1256,1047
381: 1620,1438,521,664
382: 375,1899,204,919,346
383: 1578,631,659,1855
384: 486,62,271,1925
385: 261,1983,557,873,931,1924,1344
386: 1842,636,1783,267,269,745,1577,1430,844,899
387: 689,925,1295,13
388: 1349,1326,508,1494,139,1632,262,811,1843
389: 272,108,2017,101,768,1776,1954,253,733,709
390: 1597,413,599,515,1969,512,1168
391: 1617,1030,1141,1850,409,1553,1506
392: 144,1289,1994,1552,517,1422,1817
393: 1268,669,113,1453,1221,401,1606,55,1917,191
394: 653,1122,1091,1145,1398,586,360
395: 1313,1309,1513,1673,640,1823,863
396: 1966,90,1368,869,1244,930,427,66,198,1814
397: 260,1926,1901,1610,116,168,1856,903,533
398: 252,179,1987,1139,368,180,1574,225,1297
399: 655,985,1964,994,407,1679,1496,1495,185
400: 1375,1916,300,997,541
401: 1960,334,1606,56,695,1453,1221,393
402: 358,1275,1871,1062,643,888,1215,1579,1120
403: 361,21,1531,342,989,1025,135,1318
404: 185,1753,1147,769,85,998,626,810
405: 1709,1537,905,1186,162,339,206
406: 1584,1688,1197,756,954,288,932,1696
407: 758,1258,1242,612,1201,399,655,289,1496,1495,369
408: 1073,795,259,1894,9
409: 391,1617,1030,1850,1553,1500,202,1506,1818
410: 1954,253,625,466,733,1846,1315,1937,1870,1650,356
411: 270,314,125,295,1732,1669,254
412: 203,1840,1102,1728,1290,907,744
413: 1547,177,188,1597,1724,390,947,599,1969
414: 57,1784,793,1167,49,157,1539
415: 270,314,1238,957,347,154,1180,95
416: 363,469,308,1219,737,674
417: 1771,767,906,1312,209,1719,2005,443
418: 595,1649,1383,1214,850,297,331,1355,330
419: 487,369,449,524,19,282,482,946
420: 576,133,951,425,623,1906,699
421: 584,1263,1851,330,1704,171,1849,1653,1143
422: 911,463,1276,1300,105,440,1259,1845
423: 1220,1601,1710,1023,1050,1228,1726
424: 1457,517,1857,75,1282,1339,1610,720,1048,116,260,1926
425: 1782,1611,728,133,420,804,699
426: 16,580,648,609,1989,1292,1014
427: 930,66,830,299,396,1368,869,586,1814
428: 667,176,1763,735,1230,567,1942,1337
429: 1316,526,546,1973,76,1590
430: 1546,830,1581,1091,1952,854,1398
431: 2020,304,1179,1518,1629,1633,1095,2014,190
432: 1375,978,300
433: 364,240,904,505,282,996,874,173,1587
434: 1301,473,990,1472,380,1256,1047
435: 1456,1855,1549,659,203,1840,1414
436: 1734,1109,377,496,1913,1419,493,592,1229,296
437: 571,695,1453,1501,808,596
438: 1844,1028,1681,841,1122,1436,1698
439: 654,212,1635,1348,1440,757,959
440: 105,25,1004,1058,422,463,1259
441: 1735,1792,827,611,491,534,1890,588,537,1649,1383,142,1214
442: 1019,1706,293,894,776,20,1101
443: 301,2005,1198,417,209,1082,1719
444: 164,975,1481,923,454
445: 892,1342,1395,1807,1938
446: 61,1370,1756,1921,1867,1978,1801
447: 627,335,982,531,777,1204,199,944
448: 1853,1049,1137,509,1670
449: 487,369,544,419,19,282,1977,996,173
450: 89,1684,291,1789,1962,741,1886
451: 318,1965,1885,1233,1775,217,840,1467,223
452: 273,813,1352,1883,1744,349,1070,2008,1114
453: 2000,1387,1749,835,821,1415,1474,896,1881,1134
454: 1481,164,444
455: 348,938,937,1280,927,1378,727,935,1452,107
456: 350,1318,970,1025,1982,1434,1061
457: 555,520,1612,1207,1188,1344,573
458: 126,748,1509,966,1464,96,310,881
459: 1613,1727,1131,605,1086,2002,489,983
460: 236,167,1566,866,1593,1063,1088
461: 591,1267,1955,563,1465,237,658
462: 1839,849,124,560,945,1785,344
463: 422,911,1300,1058,25,440,1126
464: 1638,877,887,1586,1161,110,543,497
465: 963,1705,1866,587,340,483,1303
466: 1954,410,253,625,1315,1650,356,193,1766,1424
467: 1806,43,1538,477,1533,219
468: 156,1100,512,1011,1603,1168,883
469: 363,1759,416,1747,1248,1306,308,1219
470: 322,1738,652,1099,1154,93,1717,921
471: 824,979,1154,353,1106,551,1042
472: 603,950,891,1687,606,1928,1889
473: 434,1243,990,1167,1472,1200,275,1399,780
474: 1692,1105,148,69
475: 201,1077,1389,1066,1067,1172,637,1189,1853,70
476: 1648,823,1596,951,760,1386,1149,749,1906
477: 577,1538,1691,467,1533,1004,536
478: 1694,1278,1079,319,47,238
479: 604,1374,1500,1888,250,765,853
480: 1918,1999,841,1522,956,862,1251,628
481: 1268,113,55,1917,980
482: 19,946,1242,153,289,524,369,419
483: 373,1491,1556,1303,735,340,465,1705,1866,1594
484: 1642,1492,1162,1299,1015,322,1738,679
485: 1283,1353,1384,347,1180,2001,95
486: 384,1036,10,271
487: 369,544,419,449,1836,1199
488: 1779,840,1467,223,668,1799,220,1346,690
489: 983,1140,1484,459,2002,44,1825
490: 50,187,1526,1431,1617,1850,1614
491: 986,534,1792,441,537,1159,1214
492: 1356,1430,899,1130,522,675,327,1951
493: 210,1913,1419,592,863,496,1936,436
494: 126,748,564,1509,817,1626,1635,1440,14
495: 29,1137,293,1181,1101,1400
496: 268,1936,1319,1913,1419,493,1229,296,436
497: 1579,879,110,543,952,1638,877,464,1586,770,1875
498: 608,858,1998,616,1447,1418,1108
499: 1377,747,790,260,1901,903,120,1489
500: 1881,1588,1988,687,1760,647,1745
501: 506,1932,1890,999,955,562,611,187,588,142
502: 937,1991,764,1087,1239,1452,1202,683
503: 513,1961,1314,10,365,1381,1480
504: 1445,352,1950,354,1011,1603
505: 364,240,904,433,363,1759,589,1587,875
506: 501,999,195,955,562,187,1526
507: 1582,607,1155,897,1184,1437,1097,1285
508: 1677,1349,388,1768,1326,139,81,1632,262,1772,1392
509: 1714,1400,1137,448,163,1080,1670
510: 760,1965,1386,898,1885,1233,59,576,851
511: 721,820,1295,13,359,546
512: 156,468,1168,390,1992,515,1815,1969
513: 1186,1961,1314,503,1743,1403
514: 1949,865,1286,594,762
515: 1774,987,1992,1815,1969,390,156,512
516: 1984,1908,189,1709,1125,362
517: 1552,1457,1857,424,1289,392,1422,720,783,1048,116
518: 1269,663,1163,1692,1105,1762,1555,1117,1450
519: 35,650,1574,582,1479,1307,1976,1413,871,97,1034
520: 457,1096,1752,555,1612,1975,957
521: 1507,664,902,256,381,1438,995
522: 1441,675,1199,544,492,899,327,1951
523: 1739,1580,38,168,713,1076,1460,1257
524: 153,289,1496,1242,769,998,369,419,19,482,946
525: 279,1078,1213,1536,1903,1911
526: 429,1316,1973,632
527: 11,1657,920,1893,981,781,1897,1089,317
528: 137,1731,1682,1888,250,98,853,1666
529: 1281,1748,1527,143,1060,1170,1712,960
530: 269,700,1550,1714,572,1905,1080,1628
531: 1912,1052,32,777,447,335,982
532: 303,1828,656,65,661,1873,1005
533: 903,1580,1610,397,1901,168,1856
534: 574,986,491,80,1792,827,441
535: 581,328,1302,1953,829,1160,616
536: 25,1004,1690,577,477,1542,1058
537: 595,588,1649,1383,1792,441,491,1214,850
538: 1274,824,979,1154,565,652,1967
539: 585,622,1322,779,1074,1589,1600,39,1644
540: 159,82,1794,1569,1287,1031,1662
541: 1934,579,997,400,1916,129
542: 79,1788,1093,1707,1012,786,1694
543: 110,1121,1812,1323,952,648,877,464,887,497
544: 487,449,522,1441,1199,327,1977,996
545: 343,1366,279,1963,278,815,847,1406,1765
546: 359,429,1316,721,511,1165,76
547: 770,682,1854,1875,1761,110,952,575
548: 1516,1674,1166,1575,826,1107,231,128
549: 307,693,1964,994,1679,185,1753,1147,769,287
550: 1534,1094,958,1871,174,288,1187,662
551: 1106,1652,471,824,979,1154,93,921
552: 99,1164,1710,366,323,299,1113
553: 242,1010,845,612,872,276,1396,1371,1001,655
554: 2007,1184,1437,1841,891,861,298,1333
555: 457,1096,1752,520,1612,1344,573,261,1983,1024
556: 646,707,1737,738,1647,1332,138,325
557: 1821,1983,385,1623,931,1269
558: 1772,1392,83,606,1349,1265,1843,891,1687
559: 1671,1785,344,560,1530,979,353,1042
560: 283,1852,630,945,1785,559,344,1839,462
561: 320,750,1196,614,1226,1169,1151,1279
562: 955,1636,141,876,195,1271,1033,1431,1526,506,501
563: 1465,237,251,461
564: 748,494,817,212,1635,1440,111
565: 258,1505,1967,538,1274
566: 1394,226,744,639,326,1494,778,1102,1347,908
567: 862,1942,1337,1251,667,51,428
568: 158,1864,1305,1209,1385,1528,1770
569: 980,1729,1373,620
570: 882,1432,1933,629,671,859,1868,1834,1471
571: 437,1453,1268,669
572: 20,1714,660,934,166,700,530
573: 1188,1344,1801,197,1207,1148,457,555,1612
574: 986,1239,534,969,1087,80
575: 953,1639,1325,1461,952,547,1854,1761
576: 59,117,133,951,851,420,992,510,1386
577: 1538,477,1691,1690,172,536
578: 320,750,1863,41,1968,92,686,1902
579: 1551,541,1934,803,1916,731
580: 16,426,648,1016,1354,1035,1812,1323
581: 1971,328,1302,535,829,1123,1160,616
582: 184,1872,1084,1479,31,1976,917,650,519
583: 109,836,316,1520,1470,306,1946
584: 421,1958,1263,1851,330,1704,1355,1143
585: 539,1322,779,2021,1074,1390,161,1046,1600
586: 1145,1398,1193,1814,427,830,394
587: 465,963,1705,1607,1210,971,340
588: 595,537,1649,1383,142,611,441,501,1890
589: 264,1282,1339,1587,505,2009,875
590: 1262,901,1126,239,1300,704,315
591: 461,321,1267,1465,266,684
592: 210,1913,1419,493,716,1026,1261,1790,436,1734,377,1703
593: 112,309,1623,931,1443,221,234
594: 1372,1642,1492,337,1286,1409,1949,514,597,865
595: 418,588,537,1649,1383,142,850,297,331
596: 6,613,1501,808,437
597: 1949,1487,865,594,1642,1738,1717
598: 1224,1590,1973,277,916,1039,878
599: 947,1720,228,413,390,1168
600: 1771,1312,1903,1095,1328,2020,1536
601: 641,1090,746,1713,602,258,53
602: 1658,1171,1505,140,746,601,258
603: 298,1333,950,943,472,891,1928,1889,1063,1088,233,1562,1640,1018
604: 479,1374,1500,1656,202,1818,765,853
605: 335,1131,982,32,40,1613,459
606: 1332,558,83,1687,472,1593,1889,1063
607: 1582,1155,507,897,1773,307
608: 858,1998,1529,498,616,1971,328,1447
609: 674,1504,1989,48,1426,1035,16,426
610: 698,1423,962,1693,1879,1175,1110
611: 1735,441,955,1636,501,1890,588,1383
612: 553,1010,845,1201,1049,655,758,1554,407
613: 1501,1136,596,6
614: 1433,1334,1226,1968,1458,561,750
615: 1788,1093,1310,244,1482,712
616: 608,1998,1529,498,155,581,1971,328,535
617: 207,948,1244,755,1922,357,1525
618: 17,1831,1191,915,673,857,196,200,68,781
619: 19,282,946,998,706,1248,364,904
620: 1618,833,265,569,1729,1373,968
621: 101,1008,797,236,167,866,1413,1298
622: 539,1322,71,1589,39,1644
623: 749,752,1780,1906,699,951,420
624: 1027,27,1234,1216,183
625: 1954,410,253,466,733,1650,709,1424
626: 810,1747,1306,404,85,818,1468
627: 447,335,1131,944,983,1140,1787
628: 751,722,940,1251,51,480,956
629: 1432,671,570,247,290,1645,1708,1105,69,1711,1412
630: 945,1406,1499,1765,60,560,1852,1839
631: 1578,383,659,266,1910,684
632: 526,1973,916
633: 1338,818,33,235,1266,1517,852,848,1178,1697
634: 37,1742,678,1803,1715
635: 1434,1142,1947,1061,1384,7,766
636: 1783,386,267,731,773,269,700,745
637: 29,1137,1778,1172,475,1853,70
638: 1103,1769,984,1074,1390,161,1600
639: 226,566,326,1494,1347,1900,889,182,262
640: 1823,1861,395,1936,976,863
641: 838,1090,1020,644,601,1281,53
642: 1327,965,1194,1837,1830,1798,1990
643: 358,402,1275,1871,1062,888,1541,1898,1109,1579,1751,1120,1672
644: 960,641,838,1090,984,143,718,1713,1364
645: 114,2018,1363,200,345,981,1192,1469,1488
646: 1737,556,738,1647,1332,1772
647: 34,687,1703,1760,1026,1051,377,1881,500,1588,1988
648: 16,426,580,1292,822,1037,1014,543,1323,887
649: 1667,1390,1046,2000,1749,835,696
650: 519,1574,1872,582,1084,1479,31,1307,1976,1413
651: 1532,1758,1564,1563
652: 1738,470,679,1099,1967,538,824,1154,921
653: 1935,1122,1436,394,1145,1681,1945,360
654: 1635,439,1440,1899,959,346
655: 399,1104,985,1371,553,242,1010,612,1201,407,1495
656: 532,1828,1116,1664,1335,65
657: 730,1819,1291,1968,1059,686,1433
658: 237,1927,461,1267,1955,1970,1423
659: 631,383,435,1855,1910,1414
660: 20,1714,572,978,934,1019,241,1321,166,700
661: 1865,1123,1873,1005,1160,532,1451
662: 1187,22,1676,550,958,1449,1781,26
663: 518,1163,1692,1105,1727,1412,1555,1086,1450
664: 521,1507,381,1438
665: 1175,1981,1110,306,1946,698,1055,1800
666: 1622,1637,246,1469,1054,799,1245,1957
667: 1594,51,1608,428,735,567,940
668: 761,217,905,840,1467,488,220,1346
669: 1268,113,393,571,1453,1221,55
670: 11,379,1417,1065
671: 882,1432,629,570,1868,247,1708
672: 1825,232,227,678,1664,1567,1116,44,1702
673: 17,1831,1191,618,915,1521,292,1119,781
674: 609,1504,416,308,1721,1426,737
675: 745,522,1628,1441,1550,267,492,899
676: 1260,1548,1877,1223,825,1313,1513,1673,1272
677: 1519,1750,701,736,1493,198,90,1244,1231,357,1525,895
678: 232,227,672,1484,634,914,1803,248,1715,1702
679: 322,1738,652,1099,1967,1658,1015,1505,484
680: 174,305,2012,1875,1215,879,1208,1094
681: 1066,1683,1067,1604
682: 547,770,1875,1761,1641,1654
683: 1452,1202,1320,1087,502,937,924,1239
684: 1910,785,266,1578,631,321,591
685: 1211,1107,1953,231,263,1979,1516,230,1571
686: 92,1902,1811,657,1968,1059,578,750,41
687: 1703,647,1734,1051,377,500,1988
688: 12,38,1794,1569,168,1856,1203,1580,1031,713
689: 387,925,1908
690: 1746,194,1357,150,1779,488,223,1648
691: 1700,1915,1757,74,739,1157,1985
692: 233,1097,1393,1562,943,1640,828,837,1068
693: 1773,307,549,175,332,152,1964,994
694: 193,1324,1736,1766,1424,137,1731,1150
695: 437,1453,1221,808,1405,401,1960,56
696: 1156,302,26,147,2000,1667,649
697: 1403,162,339,890
698: 610,962,807,1175,665,1981,1110
699: 623,1780,425,133,420,804,1083
700: 166,773,269,530,1550,572,660,1321,745,636
701: 1519,677,736,374,1231,1525,895,1756,229
702: 1506,1818,1497,1500,1174,765,1700,1757
703: 157,961,1539,1816,1032,371,1820
704: 911,1300,1262,590,1126,315,1490,715
705: 109,836,291,741,1250,1972
706: 810,1248,1306,998,619,946,364
707: 1737,556,738,138,1872,236,325,912,31
708: 1558,1844,1028,281,1236,1943,1158,1599
709: 119,1416,389,108,2017,253,625,733
710: 1732,964,1328,1185,767,1312,1273
711: 848,1247,1699,1721,832,91
712: 1310,244,1897,1089,338,615
713: 218,1153,1031,1076,38,688,1569,523,1460
714: 837,1068,1514,1072,87,1937,1235,1944,1365
715: 1490,222,1904,1802,1152,911,1276,704
716: 1026,1212,1261,1790,64,1609,800,210,592,1561,1810
717: 975,1826,923,1887,1535,121,1041
718: 143,1600,39,984,1364,960,644
719: 186,1032,1930,1701,1118,1271,23,1820,141,876
720: 1610,1602,783,1048,116,1203,1457,517,424,1422
721: 1948,511,820,546,913,1165,76
722: 1690,172,751,628,940,956
723: 1297,151,35,97,1030,1141
724: 1668,816,1065,1959,801,885,1822,1657,379
725: 1884,1092,1630,1892,1832,1217,1485,1439
726: 1668,932,885,1182,288,305,2012,1584,1197
727: 27,935,1378,784,348,455
728: 1611,425,881,81,1768,1621,804
729: 929,1907,1659,1382,145,1009,1750,374
730: 657,1291,909,1532,1458,1433
731: 1916,1321,166,773,579,636
732: 1295,359,1316
733: 1954,410,253,625,101,768,1776,389,2017,1416,709
734: 1615,1627,936,1555,1117,1135,1674,1166,1575,826
735: 971,1230,340,1594,667,428,483
736: 1519,1750,677,701,374,1493,1231
737: 48,1426,2009,875,363,416,308,674
738: 646,707,556,1332,1772,1593,236,325,912,1566
739: 805,74,1050,1228,1174,691,1700
740: 91,1296,1247,1929,1861,974,1205,976
741: 1886,1359,291,450,705,802,1250
742: 1384,347,7,766,154,1486,942
743: 798,1136,1169,868,1334,1226
744: 1394,566,870,412,1102,907,1523
745: 1628,1441,675,269,700,1550,636,386,267,899
746: 140,1713,1557,1090,601,602
747: 1377,499,790,1016,1354,1035,48,2009,260
748: 126,494,564,1509,817,458,1232,966,1440,14,111
749: 752,623,1906,1386,476,1510,823,1596,1777
750: 320,561,578,1968,686,614,1226
751: 1690,722,628,1918,956,1558,1098,281
752: 749,623,1780,1596,184,763,1777
753: 1507,1625,256,1528,1896,819,1770
754: 170,1127,1824,1341,1722,796,352,1218
755: 1193,1814,869,1244,1922,1525,207,617,949
756: 1584,1688,1197,406,954,1696,947,1071,228,1240
757: 1643,1665,959,1880,1348,439
758: 1258,1554,1242,407,1010,845,612,1201,333
759: 67,1402,169,792,1111,995,902
760: 318,510,1965,1386,1149,851,476
761: 1775,900,1480,217,668,905,1467,220
762: 337,1286,819,514
763: 184,138,1777,1872,752,1780
764: 1039,1462,969,1087,878,502,1991
765: 250,1502,853,479,604,1500,702,1818,1757
766: 1384,347,7,742,635,1142
767: 417,1771,1312,710,209,1273
768: 101,1995,1776,1008,389,1954,733
769: 185,1753,404,1147,998,1964,549,153,524,1679,1496,946,810
770: 547,682,1875,110,952,879,497
771: 1161,822,1037,1014,1296,974,268,1205,1319,877,887
772: 1185,864,254,1571,125,1979,263
773: 166,269,700,241,1916,1321,731,636
774: 1089,338,317,1417,816,1547,188
775: 1806,43,63,370
776: 205,894,1706,442
777: 1490,1904,1152,315,1912,531,447,199,1277
778: 1840,1102,922,1859,908,566,326
779: 585,539,1322,104,2021,1749,1006,1680,1390,1046
780: 131,1340,380,1799,1646,1399,473,1472
781: 1893,1363,200,68,1831,618,673,1524,1119,527,920
782: 278,815,1719,1911,906,1830,2005,1798
783: 1602,720,1203,517,1422,136,2006
784: 1442,1378,348,727,27,935
785: 922,1910,684,1859,1477,321,1367
786: 2016,795,1012,79,542,1707,88,1694
787: 72,1128,1237,1428
788: 1367,1754,1923,1477,962,807
789: 1146,120,903,1739,1257,1639
790: 1377,499,747,264,1339,48,2009,260
791: 1678,356,1540,1685,87,235,1365,1543,1022,1697
792: 1385,1483,1111,759,902,256
793: 57,414,1224,1206,49,1462
794: 1241,1927,1132,30,812,1970,1511
795: 408,1073,2016,1012,259,786,1894
796: 1920,1797,1225,170,754,1127,1341,1722
797: 236,325,912,167,1413,917,621,1008,1298
798: 1501,743,808,1136,1169,1405
799: 1054,1190,1974,1255,1245,968,666,246
800: 165,1021,1293,1609,716,1212,1561,1476,1810
801: 1641,885,1182,1654,1959,1043,1822,724
802: 1250,332,834,741,1886,1359,152,175
803: 1551,579,1783,884,1819,1572,1811
804: 1621,1083,1611,425,728,699
805: 74,739,1050,1228,216,1038,1368
806: 147,1449,1134,1474,1672,1534,958
807: 698,962,788,1754,1175,1981,1568
808: 1501,798,1405,596,437,695,56
809: 1382,910,1157,1288,145,1985,1017,1907
810: 626,706,1248,1306,404,769,85,998,946
811: 182,1632,262,1013,889,388,1246,1843
812: 1879,1970,1511,213,1927,794,30,324,1423
813: 273,1352,1883,452,1560,1114,1733
814: 1108,1327,1194
815: 278,782,1911,279,1963,343,1366,545
816: 724,1668,284,1065,379,1417,774,1547,1724
817: 748,494,564,1509,1232,966,111,1410
818: 1338,1468,33,633,1515,626,1747,1219,1517
819: 337,1896,753,762
820: 1948,721,511,13,855,973,913
821: 1751,1415,1474,18,1745,896,1881,1988,1134,453,835
822: 1161,771,1037,1014,648,1205,877,887
823: 249,476,1510,1648,1330,1596,1149,749,194
824: 471,538,979,1154,353,652,921,1106,1652,551
825: 1716,1223,1448,1324,1736,1766,1345,100,1548,676
826: 130,1116,211,1575,734,1516,548,1166,231,128,1828
827: 1735,80,1792,441,1427,961,371,534
828: 1640,1018,1846,355,1088,692,1562,837,1068,1235
829: 1211,1953,303,581,535,1005,1160
830: 430,1581,299,1113,427,1398,586
831: 277,916,927,1442,1378,348
832: 1504,1989,1721,848,711,91,1292
833: 1618,620,265,1729,1373,1655,968,1974,1255
834: 802,1250,332,1972,1408,1595
835: 2000,1387,453,1749,821,896,1134,649
836: 109,316,583,705,1520,306,291
837: 1068,1072,714,692,1846,828,87,1937,1235
838: 960,641,1090,1020,644,1281,53
839: 54,176,1763,1591,257,171,1942,1653
840: 1467,488,223,1233,217,668,318,451,1965,150
841: 1918,1999,480,956,214,1698,1558,438,1028
842: 1361,376,107,1234,1607,1280,1027,86,372
843: 977,1876,212,24,111,1878,1410
844: 1577,1430,899,386,267
845: 553,1010,612,1396,1001,1049,758,1554
846: 1317,1592,1930,1256,131,1660,380
847: 1406,1499,102,343,1222,1366,545,1858,1891
848: 1178,1699,711,1697,633,852,1721,832
849: 1839,1858,462,124
850: 257,1704,1214,595,418,537,1649,1383,330
851: 59,576,951,510,760,1965,1386,1906
852: 308,1219,1517,1721,633,848
853: 250,765,98,1888,479,604,1374,137,528
854: 1091,1791,1847,1952,1958,1851,430,1546,1581
855: 973,1200,1425,275,1948,820,2004
856: 327,1565,1977,1951,996,874,173,1356,1130,1857,1124,245
857: 122,103,17,1831,1191,618,196,68
858: 608,1529,498,1108
859: 1933,570,1471,1262,239,1838
860: 1460,1002,1257,1521,1183,915,292
861: 311,891,1407,1841,2007,554,298
862: 1849,567,1337,1251,1143,336,480,1522
863: 210,1419,493,640,1823,395,1309,1936,976
864: 1185,772,1571,263,1941,1273
865: 1949,514,1487,597,1286,594,1642,1492
866: 236,460,167,1063,1088,355,621,1995,1008
867: 79,378,1093,1342,1938,1894,1012,259
868: 1458,1334,1226,743,1136
869: 1966,396,90,1368,1244,427,1193,1814,755,1922,1525,207
870: 1394,226,744,1494,139,1523,262,1326
871: 272,1298,108,1307,1976,1413,519,1034,1195
872: 553,242,276,280,1396,1371
873: 351,1631,255,112,931,1188,1924,385
874: 1565,856,1977,996,173,240,433,1857,1124,245,1587
875: 2009,737,505,363,589,1587
876: 1820,141,562,1701,719,1118,195,1271,23,1033
877: 1638,464,887,1586,1161,771,822,1319,543,1541,78,497
878: 348,938,937,1991,598,277,927,764,1039
879: 1215,1579,1208,497,110,1586,770,1875,358,680
880: 243,122,103,1070,1827,1153,1056,1227,1744
881: 1611,310,728,458,1523,96,81
882: 1432,1933,671,570
883: 1385,1483,468,1100,1011,1445,158,1209
884: 1842,1783,803,1572,92,1044,1811,1463
885: 801,1182,724,1668,1065,932,726
886: 1045,1204,199,1277,1874
887: 877,464,648,1161,771,822,1014,543,1323
888: 358,402,1062,643,1638,1541,1898,1579,1120
889: 1585,341,1900,639,182,262,811,1013
890: 697,339,1984
891: 311,1265,861,1687,1407,558,554,298,603,950,472
892: 1957,1342,2015,445,1573,1007,1395,1807,1938
893: 1570,1867,1978,1576,1808,21,1531
894: 293,1931,776,1706,442
895: 61,1756,1921,1519,677,701,1231,229,1446
896: 1881,286,1588,821,1420,104,1387,453,1749,835,1895
897: 607,1155,507,332,1408,2007,1595,1184,1437,1773,307,1285
898: 24,992,1878,1885,1249,59,510
899: 492,1577,1430,844,1130,745,522,1441,675,386,267
900: 206,1775,1480,761,1961,905
901: 1262,590,1126,239,1058,1236,1943,1158,1300
902: 521,1507,256,759,792,1438,995
903: 1739,1580,533,260,397,1901,499,168,789,120
904: 364,240,433,505,282,619,996,173,1759
905: 28,405,1537,206,900,761,668,220
906: 417,1771,1312,1903,782,1719,1911
907: 1728,1464,412,744,1523,96
908: 1347,1367,922,1859,778,1102,226,566,326
909: 1532,730,1458
910: 1382,809,1997,1157,1288,145,73,1252,1331,1411,1009,1907
911: 422,463,1276,1300,704,715
912: 797,236,325,167,707,738,31,1413,917
913: 57,2004,1784,1165,1948,721,820
914: 1803,248,678,988
915: 17,1191,618,673,860,1002,1521,292
916: 277,831,1973,632,1590,598
917: 31,1307,1976,1413,582,797,912,1298
918: 1335,1391,1702,988
919: 204,36,375,382,1456,1549
920: 11,527,1657,1831,1524,1119,1893,200,781
921: 93,1717,470,652,1099,824,1154,1652,551
922: 785,1859,1477,778,1347,1367,908
923: 1481,1675,84,717,444,975,121
924: 986,1239,1202,1320,683,1159,1591
925: 689,387,13,1908,189,973
926: 1813,1040,1996,159
927: 277,831,1378,878,348,455,938
928: 365,1133,1939,1381,1249,1583
929: 729,1907,1659,1021,1009,1576,1476,1570
930: 323,427,1616,66,299,396
931: 112,309,1623,593,873,557,385
932: 1668,284,726,885,1584,1688,1197,406
933: 1473,989,1026,1212,1284,1808,34
934: 978,1019,1706,20,572,660,241,1375,1321,166
935: 727,1027,27,784,348,455,1280,107,1234
936: 1762,1555,1117,1135,993,1615,1627,1450,734,1166,1575
937: 878,348,455,502,938,1991,1280,1452,683
938: 878,348,455,937,1991,277,927
939: 1620,1438,995,47,1402,72,1128,1862
940: 172,722,628,667,51,1608,967
941: 1407,1689,1725,1397,1841,109,1520
942: 1486,1177,146,350,1909,1061,7,742
943: 1333,603,950,1928,233,692,1562,1285,1640,1018
944: 1204,1351,199,447,627,335,1787
945: 630,1499,560,1852,1839,462
946: 19,282,619,482,153,524,769,998,419,706,810,1248
947: 599,228,284,1584,1688,756,1724,413
948: 207,617,357,351,215,112,309
949: 207,1661,1145,1193,755,360
950: 298,1333,603,943,472,891,1687,1928,1889
951: 59,576,133,851,420,1386,623,1906,476
952: 110,1121,543,1461,575,547,770,1854,497
953: 1183,575,1455,1639,1325,1761
954: 1197,756,406,288,1187,1676,1696
955: 1636,141,562,611,506,501,1890
956: 1918,841,480,1251,751,722,628,1558
957: 270,415,1238,1975,1486,1096,520,154
958: 1534,550,1449,806,1187,662
959: 1643,1665,757,1899,654,1348,439
960: 838,644,143,718,1170,1281,529
961: 49,703,157,1427,371,1735,80,827
962: 698,1423,610,807,1923,1955,788
963: 465,1705,587,77,1210
964: 2001,1732,710,1669,95,1328,1095,1312
965: 1327,642,1798,1990,1222,329
966: 748,1509,817,458,1232,1782,310,117
967: 1956,1691,1608,1491,172,940
968: 285,1655,1373,833,620,265,1974,1255,799
969: 764,1462,1087,49,1427,80,574
970: 274,1420,1025,1723,1318,456,106,1982
971: 735,1230,1508,340,1361,1607,587
972: 1817,136,2006,1196,1863,1996,127
973: 855,1425,189,925,13,820
974: 1861,1296,740,771,1037,1205,976
975: 717,164,444,132,1826,923,121,1041
976: 268,1205,1936,1319,1296,740,640,1823,1861,974,863
977: 62,843,1876,1880,212,1348,111
978: 934,1019,1706,205,660,300,241,432,1375
979: 1530,471,538,1274,824,1154,353,559,551
980: 569,1729,1173,481,1917
981: 1893,1363,200,345,645,527,1488,1310,1897
982: 447,335,1131,605,32,531,1052,40
983: 489,1140,1484,459,627,1131,2002,1787
984: 1444,1103,638,1600,718,1364,644
985: 399,1104,152,655,1964,994,192
986: 574,924,491,1239,534,1159,1214
987: 1774,319,1992,515,1308,1969,188,1597,2
988: 232,914,248,918,1702
989: 933,342,1473,1284,1808,34,403,1531,1723
990: 1301,434,473,1243,1167,1472,1047
991: 285,1655,1733,1369,1741,1545,149
992: 24,1410,898,1232,59,117,576
993: 1762,936,1117,1835,1135,224,1619,1674,1166
994: 399,152,985,1964,549,693,175,1679,185
995: 939,1438,67,1402,759,521,902
996: 327,1565,856,1977,1951,874,173,544,449,240,904,433,245
997: 400,1176,129,541
998: 1753,404,769,153,524,619,946,706,810
999: 506,1932,501,187,1601,1023,1829
1000: 283,1980,1530,1274,344
1001: 1189,1049,1053,1396,553,845
1002: 860,1460,1257,1521,1827,1076,17,1191,915
1003: 1614,1220,1174,1850,1506,1497
1004: 105,25,1533,440,536,477
1005: 661,1873,1160,829,532,303
1006: 106,1680,1982,1434,1947,1322,779,1589
1007: 1573,1395,1190,1245,1957,892
1008: 101,621,1995,768,1088,797,236,167,866,355,1298,1954
1009: 165,1021,73,1331,1382,910,729,929,1907
1010: 553,242,845,612,1201,1104,655,758
1011: 468,1100,1603,1445,504,883,1209
1012: 2016,795,259,786,79,542,867
1013: 1632,262,811,341,889,1407,1689,1246,311
1014: 1161,771,822,1037,1989,1296,1292,426,648,887
1015: 1658,1171,1162,1299,484,322,679
1016: 1377,747,1354,1035,48,16,580
1017: 1985,198,1380,1382,809,145,1750,1493
1018: 1640,1846,828,355,603,943,1928,1088,1562
1019: 978,934,1706,442,20,1101,660,241
1020: 641,838,1281,1459,53,1980,1029
1021: 165,1009,800,1293,929,1907,1576,1561,1476
1022: 1178,1699,1697,1543,791,1685,1304
1023: 1710,1829,999,423,1220,1601,1726
1024: 1362,1544,261,1983,1752,555
1025: 970,1420,1723,342,1473,403,1531,135,1318,456
1026: 716,1212,1261,1790,592,1284,377,34,1703,647,933
1027: 27,935,624,842,107,1234,183
1028: 1558,708,438,1844,1681,1918,841
1029: 60,283,1980,1852,1020,1459,1605
1030: 391,1617,1141,409,35,723,151,97,1553,1764
1031: 218,1153,713,1076,1662,540,38,1794,688,1569
1032: 1816,186,1047,719,703,371,1820
1033: 1118,1940,195,1271,2019,23,1431,1701,141,562,876,1526
1034: 97,1195,1764,1307,35,519,871
1035: 747,1016,1354,48,1426,609,1989,16,580
1036: 486,1743,10,271,1314
1037: 1161,771,822,1014,1296,1292,974,648,1205
1038: 1985,198,1380,805,74,216,66,1368,1493
1039: 764,1462,1224,598,878,1991
1040: 1813,1151,1279,926,1996,1196
1041: 1805,1077,717,975,1826,1887,1559,294
1042: 471,353,1671,559,1106
1043: 1085,1959,1455,1761,801,1654
1044: 92,1902,1144,1811,1463,1842,884,1577,1572
1045: 886,1204,1351
1046: 1390,649,104,2021,1749,585,779
1047: 1816,186,1032,380,1301,434,990,1167,1930,1256,1539
1048: 720,116,1552,1457,517,1857,75,424
1049: 1001,1189,1853,448,845,612,1670,1554
1050: 805,739,1228,216,423,1616,66,1726
1051: 1734,1109,377,687,647,1120,1415,18,1745,1988
1052: 1912,531,1838,32,1432,1933,982
1053: 201,1805,1077,1559,1396,1001,1189
1054: 1974,1255,799,1245,285,1545,666,246
1055: 1884,1092,1800,665,1110,306,115,316
1056: 218,1153,1227,118,1070,1744,880
1057: 1544,1821,1983,1269,1163,1762,1835
1058: 1542,1236,25,440,536,901,1126,463,1300
1059: 657,1819,1291,1968,1572,92,686,1811
1060: 1170,2014,1712,1179,1748,1527,529
1061: 1434,635,350,1318,456,942,7
1062: 358,402,1275,1871,643,888,1751,1120,1415,1474,1672,1534
1063: 1928,1593,1889,1088,606,603,460,1566,866
1064: 1887,1535,1789,45,1684,294,1962
1065: 724,1668,816,885,11,1822,670,1657,379,1417
1066: 681,1683,1778,1067,1172,475,1389,70
1067: 681,1066,1683,164,132,475,1077,1389
1068: 837,1514,1072,714,692,1097,1393,828,1069
1069: 1512,1294,1919,1582,1155,1393,1068,1514
1070: 118,1056,273,452,1744,349,880
1071: 1718,1720,228,1688,756,1634,1696,354,1240
1072: 837,1068,1514,714,1393,15,1944
1073: 408,2016,795,88,9,1428,1237
1074: 1390,161,585,539,638,1600
1075: 1628,1441,1199,163,1905,1429,1836
1076: 1827,1153,1227,1031,713,523,1460,1002
1077: 1053,201,475,1805,1389,1041,132,1826,1067
1078: 279,525,1454,1963,1213,1527,1765
1079: 1848,1707,319,1308,478,1694
1080: 163,1905,1670,1714,509,530
1081: 252,179,1388,1330,194,1755,178,368
1082: 155,209,1941,1273,328,1302,443,1198
1083: 1621,1647,804,1780,699,1737
1084: 184,1777,1872,582,1796,1624,1479,1976,650
1085: 292,1524,1119,1959,1043,1455,1822
1086: 2002,1615,1627,1450,663,1613,1727,459,1555
1087: 764,969,502,1991,574,1239,683
1088: 1928,1889,1063,603,460,866,1640,1018,828,355,1995,1008
1089: 774,338,317,527,1417,712,1897
1090: 641,838,644,601,746,1713,1364
1091: 1847,1952,854,430,1398,1122,394
1092: 1055,1884,725,1800,1630,1892,1693,213,1485
1093: 79,1788,542,378,867,615,244,1482
1094: 1534,550,1215,358,1871,174,680
1095: 1633,1283,2001,964,1328,2020,431,1312,600
1096: 1752,555,520,1975,1362,270,1238,957,1809
1097: 233,692,1393,1285,1333,1155,507,1068
1098: 1542,281,1236,1690,751,1558
1099: 322,1738,470,652,679,1967,1154,1717,921
1100: 156,468,1011,1483,1111,883,158
1101: 20,1714,1400,293,495,1019,442
1102: 412,1840,778,908,1394,744,566
1103: 1444,638,1769,984,161,1376,1225,1722,1364
1104: 152,655,985,52,1371,192,242,1010
1105: 474,518,663,1692,148,69,629,1727,1711,1412,1450
1106: 1652,551,471,824,1042
1107: 1211,231,685,1516,548,230,1571,128
1108: 814,1418,858,498,1194
1109: 436,1734,1051,1898,296,643,1120,18
1110: 1175,665,1693,1879,698,610,1055,1800
1111: 1483,792,1815,156,1100,169,759
1112: 1874,1986,222,1802
1113: 1546,830,1581,299,366,331,99,1164,552,1958,323
1114: 191,2008,1498,1560,813,1352,452,349
1115: 1801,1207,361,1909,146
1116: 130,211,826,672,1664,1567,128,1828,656
1117: 1762,936,1555,1835,1135,993,518,1627,734
1118: 1940,1271,2019,23,1033,1139,1317,1930,1701,719,1435,876
1119: 292,1524,1085,1831,673,781,920
1120: 1751,1415,18,1672,1898,1051,1109,402,1062,643,888
1121: 110,543,1461,1812,1323,952,1854
1122: 653,1935,1436,1698,394,1091,1847,1952,438,1681
1123: 661,1865,1160,581,1971
1124: 1552,1857,1356,1130,1565,856,1951,874,1289
1125: 1709,28,1537,516,1401,362,1686
1126: 590,901,1058,1236,25,463,1300,704
1127: 170,754,1824,1341,796,1445,352,1379,367,1833,1218
1128: 787,72,1237,1862,88,1278,47,939
1129: 1746,194,1755,1357,131,1340,1660,1388,1592
1130: 1356,492,1577,1430,899,327,856,1951,1289,1730,1124
1131: 627,335,982,605,1613,459,2002,983
1132: 1241,794,312,30
1133: 1925,1939,928,1876,24,1878,1249
1134: 147,1449,806,821,1474,2000,453,835
1135: 936,1555,1117,1835,993,1627,734,1674,1166,1575
1136: 1501,743,798,868,613
1137: 29,495,637,1853,448,509,1400
1138: 1882,1979,295,224,1809,1362,1544,270
1139: 2003,252,179,1987,398,1317,1592,225,1767,1435,1118,1940
1140: 489,983,1484,627,1742,1787,1715
1141: 391,1617,1030,723,1767,151,50
1142: 635,1947,1384,766,1,1629,1589,1353
1143: 1849,862,1337,1653,171,584,421,1263,336
1144: 92,1902,1044,1463,144,1730,1994,41
1145: 1398,586,1193,653,1935,394,949,360
1146: 789,120,1489,1461,1812,1639,1325,1854
1147: 185,1753,404,769,85,287,549,1512,1919,1468
1148: 1801,197,61,1370,229,1631,1446,255,1188,573
1149: 318,760,1386,150,476,1648,823
1150: 137,1731,253,1888,1416,1766,1424,694
1151: 1813,1279,1040,1996,320,561,1196,1169
1152: 1490,222,1904,1802,715,777,1874,199,1277
1153: 1827,218,1056,1227,1031,713,1076,1662,880
1154: 471,538,824,979,470,652,1099,93,921,1652,551
1155: 1582,607,507,897,307,1097,1393,1285,1069
1156: 302,696,1667,161,1478,1376,1769
1157: 1382,809,910,1997,1288,691,1915,74,1985
1158: 1834,1599,1471,708,1844,1943,901,239
1159: 257,1214,986,924,491,1591
1160: 661,1123,1005,829,581,1971,535
1161: 771,822,1037,1014,1205,1319,1638,877,464,887,78
1162: 1299,1503,1336,1015,484,1372,1492
1163: 1269,518,663,1692,1821,1057,1762,1555
1164: 331,1355,99,552,1958,1546,1581,1113
1165: 57,913,721,546,76,1206
1166: 1516,548,1674,936,1135,993,734,1575,826
1167: 1301,473,1243,990,275,2004,1784,414,1047,1539
1168: 468,512,1603,390,599,1720
1169: 743,798,1405,1226,561,1151,1279
1170: 1644,1060,190,1712,143,960,529
1171: 1658,1015,602,140,1299,1833
1172: 1066,1683,1778,475,1389,29,637,1853,70
1173: 980,1729,1311,1917,1498,1560
1174: 1220,1003,702,1506,1497,1700,739,1228
1175: 665,1981,1110,306,1946,698,610,807
1176: 1758,1564,129,997
1177: 1975,1486,942,146,1207,1612
1178: 848,1699,1022,1697,633,1266
1179: 304,1536,431,1060,2014,190,1712,1527,1213
1180: 1384,347,154,314,415,1283,485,1669,95
1181: 293,1931,1598,1778,29,495
1182: 1641,801,885,1654,305,2012,726
1183: 953,1455,1639,860,1257,1521,292
1184: 2007,554,1437,298,1333,507,897,1285
1185: 772,864,254,1732,710,1273
1186: 513,1961,1403,162,206,405
1187: 22,1676,1696,662,288,550,958,954
1188: 1924,1344,573,873,1446,255,197,1207,1148,261,457
1189: 1001,1853,1049,70,1053,201,475
1190: 1974,1255,799,1245,265,1264,1007
1191: 17,618,915,673,1827,1002,103,857
1192: 1893,1363,200,345,68,114,2018,149,645,196
1193: 1145,586,1814,755,869,207,949
1194: 1327,642,1837,1418,814,1108
1195: 97,1034,1764,871,108,1656
1196: 320,561,1863,972,1151,1040,1996
1197: 1584,756,406,954,174,288,2012,932,726
1198: 301,1447,2005,443,155,209,1082,1998
1199: 1075,522,1628,1441,1429,1836,487,369,544
1200: 855,362,1425,275,1399,1686,473,1243
1201: 242,1010,612,655,758,1242,407,1495
1202: 86,1452,1320,372,683,502,1280,924
1203: 1610,1602,720,783,2006,82,12,1794,688,1856
1204: 886,1045,1351,199,944,1277,447
1205: 268,1319,976,1296,740,1861,974,1161,771,822,1037
1206: 76,1224,1590,57,1165,793
1207: 1801,1115,197,1188,573,1177,146,457,1612
1208: 1215,879,1875,1641,174,680,305
1209: 158,1864,568,367,1011,1445,1379,883
1210: 77,183,376,1607,963,587
1211: 1107,1953,829,231,685,263,303
1212: 716,1026,1790,1609,800,1561,1284,1810,933
1213: 525,1078,304,1536,1179,1527
1214: 257,1704,1159,850,441,986,491,418,537,1649,1383,330
1215: 1579,879,1208,1875,358,402,1871,174,680,305,1094
1216: 77,183,624
1217: 1832,1343,1485,84,1439,1675,725
1218: 1503,1833,1379,754,1127,1824,367
1219: 308,1517,852,1747,818,469,416
1220: 423,1614,1601,1174,1003,1023,1228
1221: 695,1453,401,1606,669,393,55
1222: 102,1798,343,1990,1366,847,965,1891,329
1223: 1716,825,1324,1548,1877,676,1313,1513,1673
1224: 1206,1590,598,793,1039,1462
1225: 796,1920,1376,1444,1103,1769,1722
1226: 614,1334,868,561,750,743,1169
1227: 1827,218,1153,1056,1076,880,103
1228: 805,739,1050,423,1220,1174,1700,1726
1229: 1541,1898,78,296,268,496,1319,1638,436
1230: 735,971,1508,123,176,428
1231: 357,1525,1519,677,701,736,895,1756,229,215
1232: 748,1509,817,966,111,992,1410,117
1233: 1885,1583,1775,217,451,510,1965,840
1234: 842,376,107,1027,935,624,183
1235: 87,1315,1937,1870,1846,828,837,714
1236: 1098,1542,281,1058,1943,708,901,1126
1237: 787,1128,1073,2016,88,1278,1428
1238: 270,314,415,957,1096,154,1809
1239: 574,986,924,1087,502,683
1240: 354,1358,756,1634,1696,1718,1071
1241: 251,1927,794,1132
1242: 758,1258,407,1201,289,524,369,482
1243: 1301,473,990,1167,1472,1200,275,1948,2004,1784
1244: 1966,396,90,1368,869,1814,755,677,1922,357,1525,617
1245: 1054,1190,1255,799,666,1637,1007,1957
1246: 311,1265,1843,1632,262,811,1013,1407,1689
1247: 1699,711,1304,91,740,1929
1248: 706,810,1306,619,946,364,1759,469
1249: 1885,1583,1133,928,24,1878,898
1250: 802,834,1972,291,705,741
1251: 567,862,51,480,1522,956,628
1252: 1666,73,1331,1411,1360,1502,98,1915,910,1997,1288
1253: 64,1293,1609,1272,1260,1313,1309
1254: 1868,1834,1599,1935,1681,1350,1795,2013,1945
1255: 1054,1190,1974,799,1245,968,1618,833,265,1264
1256: 846,1930,380,434,186,1047
1257: 860,1460,1002,1521,523,1739,789,1183,1639
1258: 1836,758,1554,1242,407,1429,333,369
1259: 1845,105,440,422
1260: 208,1877,676,46,1331,1253,1293,1272,165
1261: 716,1026,1790,1309,64,1609,210,592
1262: 590,901,239,704,859,315,1838
1263: 584,421,1851,1849,1143,1791,336
1264: 1618,265,1190,1255
1265: 1246,311,1843,891,1687,1632,558
1266: 1944,235,1543,1338,33,633,1178,1697
1267: 461,321,591,1923,1955,658
1268: 481,669,113,393,571
1269: 518,1163,1692,148,1623,1821,1983,557,1057
1270: 1350,2013,1945,1661,1860,1443,234,290,1708
1271: 1118,195,2019,23,1033,1431,1701,719,141,562,876,1526
1272: 1253,1293,1260,1548,1877,676,1313,1513
1273: 209,1941,1082,710,1185,864,767
1274: 1530,538,979,353,565,1000
1275: 402,1871,1062,643
1276: 422,911,1845,1802,715,1986
1277: 886,1204,199,222,1904,1152,777,1874
1278: 88,478,1694,47,1128,1237,1862
1279: 1813,1151,1040,561,1169,1405,56
1280: 455,937,935,86,1452,1202,842,107
1281: 1459,1748,529,960,641,838,1020
1282: 589,264,1339,1587,75,424,245
1283: 1633,1095,1353,485,1180,2001,95,1328
1284: 1576,1561,1808,1810,1026,1212,933,989,1531
1285: 233,1097,1184,1437,1333,943,1155,507,897
1286: 42,337,1409,594,1492,762,514,865
1287: 118,159,540,218,1662
1288: 1382,809,910,1997,1157,1502,1915,73,1252,1360,1985
1289: 144,392,1730,1994,1356,1130,1552,517,1124
1290: 14,1728,1549,1626,204,203,412
1291: 657,730,1819,1563,1059,1551,1532,1433
1292: 91,1296,1989,832,426,648,1037,1014
1293: 64,1253,1609,1272,1260,165,1021,800
1294: 1512,1069,1919,1515,15,1582,1393,1514
1295: 387,13,732,511,359
1296: 91,740,1292,974,771,1037,1014,1205,976
1297: 723,225,151,1435,180,179,1987,398,35,1574
1298: 272,871,797,1307,1413,917,101,621,1008
1299: 1162,1503,1833,1658,1171,1015,484
1300: 422,911,463,704,1058,590,901,1126
1301: 434,1243,990,1167,1816,1047,1539
1302: 581,328,535,1953,263,155,1941,1082
1303: 1651,483,373,1556,340,465,1705,1866,1404
1304: 1993,1663,1685,1247,1699,1022,1697,1929
1305: 1864,568,367,1336,1528,42,1896,1770,1372
1306: 626,706,810,1747,1248,1759,469
1307: 1976,1413,917,650,519,871,1298,1034
1308: 1774,987,319,1992,1079,1848,2
1309: 395,1313,1513,64,1253,210,863,1261
1310: 1488,244,1475,712,1897,345,981,615
1311: 1729,1373,1173,1560,1655
1312: 417,1771,767,906,1903,600,1095,2001,1732,710,964,1328
1313: 395,1309,1513,1673,1223,676,64,1253,1272,210
1314: 513,1961,503,1036,1743,10,365
1315: 87,1937,1235,1870,1650,410,466,356,1540
1316: 359,429,526,546,732
1317: 846,1592,1930,1701,2003,1139,1118,1940
1318: 350,135,456,1909,403,970,1025,1061
1319: 268,496,1205,976,1161,771,877,1229,78
1320: 1202,372,683,924,54,123,1591
1321: 241,1375,1916,731,934,660,166,773,700
1322: 585,539,622,779,1006,1680,1589
1323: 110,1121,543,1461,1812,1354,580,648,887
1324: 1736,1766,694,1731,1682,1223,825,100,1548
1325: 953,575,1639,1146,1461,1854
1326: 388,508,1494,870,139,1523,182,262
1327: 965,642,1194,814
1328: 2001,710,964,1095,1283,2020,1771,1312,600
1329: 94,312,1793,1740,181,1832,1343
1330: 249,1510,1648,823,1746,194,1755,178,1081,1388
1331: 1666,46,73,1252,1411,1260,910,165,1009
1332: 1772,83,606,646,556,738,1593,1566
1333: 298,603,950,943,554,1184,1437,233,1097,1285
1334: 614,1433,1226,1458,868,743
1335: 918,1391,1702,65,1664,656
1336: 1162,1503,1864,1305,367,42,1372
1337: 1849,567,862,1942,1653,1143,1763,428
1338: 818,1468,33,633,1515,15,1944,235,1266
1339: 589,264,1282,75,424,116,260,1926,790
1340: 131,780,1660,1779,1799,1746,1357,1129
1341: 754,1127,796,1797,352,1950
1342: 892,2015,445,1395,378,867,1938
1343: 1832,1217,84,1329,181,1675
1344: 1188,1924,573,255,261,385,457,555
1345: 193,1736,1766,1650,1678,356,1540,1685,1448,825
1346: 1799,160,220,1646,668,28,1779,1467,488
1347: 1367,1754,908,1900,922,566,639,326
1348: 212,439,1440,757,959,1880,977
1349: 1677,388,1768,508,1632,262,1843,1772,558,1392,83
1350: 1270,2013,1945,360,1935,1661,1860,1254
1351: 1045,1204,944,37,1787
1352: 273,813,1883,452,1744,1114,243,1369,1733
1353: 1633,1283,485,1142,1384,1629
1354: 1377,747,1016,1035,16,580,1489,1812,1323
1355: 297,331,99,1164,418,584,1958,330,1546
1356: 492,1430,1130,856,1951,1289,1730,1552,1124
1357: 1746,194,690,1755,1129,1779,1799,1340
1358: 354,1240,58,1634,1718,1797,1950
1359: 52,741,1886,192,802,152,175
1360: 1666,1252,1411,250,1502,98,1997,1288
1361: 842,376,1607,86,372,123,971,1508
1362: 1024,1544,1096,1752,1138,1809
1363: 1893,200,345,68,981,1192,781,2018,645,1469,1488
1364: 1713,1444,1103,984,718,1090,644
1365: 1944,235,1543,714,87,791,1540
1366: 102,1798,343,1990,1222,545,278,815,847
1367: 1347,788,1754,908,922,785,1477
1368: 1966,396,90,869,1244,805,216,427,66,198,1038,1380
1369: 243,122,1352,1883,991,1733,1741,149
1370: 61,446,1756,1978,1446,1801,197,1148
1371: 52,192,276,280,553,242,872,1104,655
1372: 594,1492,1305,1162,1336,42,1409
1373: 569,1729,1311,1655,968,833,620
1374: 479,604,1500,1656,202,108,1888,119,1416,853
1375: 241,400,432,1916,1321,978,934,300
1376: 1478,1920,1225,1156,302,1103,1769
1377: 499,747,790,1016,1354,120,1489
1378: 1442,784,277,831,927,348,455,727
1379: 1445,352,1127,1864,367,1209,1218
1380: 1985,198,1038,1017,74,1368,1493
1381: 1583,365,928,1961,503,1775,1480
1382: 809,910,1157,1288,145,73,1017,1009,729,1907
1383: 595,418,588,537,1649,142,611,441,1890,1214,850,297
1384: 347,766,742,1180,635,1142,1353,485
1385: 1483,792,883,158,568,256,1528,1770
1386: 510,760,1149,576,951,851,749,1906,476
1387: 2000,104,2021,453,1749,835,1895,896,286,106,1680
1388: 2003,252,179,1081,1330,1746,1755,1129,1660,1592
1389: 201,475,1077,132,1066,1067,1172,70
1390: 1074,1667,161,1046,649,1749,585,779,638
1391: 918,1335,65,1451
1392: 1772,558,83,1632,1677,1349,508,1843
1393: 692,1097,1582,1155,1294,1069,1068,1514,1072
1394: 226,744,566,326,1494,870,1102
1395: 1573,1007,1957,892,1342,2015,445,1807
1396: 1559,276,280,1053,1001,553,242,845,872
1397: 941,1841,109,1520,1972,2007,1595
1398: 1145,586,430,830,1581,1091,1952,394
1399: 1200,1686,1646,780,473,1472
1400: 20,1714,509,1101,495,1137
1401: 160,220,1646,28,1125,362,1686
1402: 47,67,759,1862,939,1438,995
1403: 697,162,513,1186
1404: 370,1866,1651,1556,1303,63
1405: 798,808,1169,1813,1279,695,56
1406: 630,847,1499,1765,1963,102,343,545
1407: 1689,941,1841,1013,1246,311,891,861
1408: 332,834,2007,1595,1437,1773,897
1409: 42,337,1896,1286,594,1372,1492
1410: 24,111,992,1878,843,817,1232,117
1411: 1666,46,73,1252,1331,1360,1682,1502,98,208,910,1997
1412: 40,1613,1727,1711,629,663,1105,69,1450
1413: 31,1307,1976,917,797,912,650,519,621,871,1298
1414: 203,1840,659,435,1910,1859
1415: 1751,1120,821,1474,18,1745,1672,1051,1062,1881,1988,453
1416: 1888,119,709,2017,253,733,1374,137,1150
1417: 11,670,1657,379,816,1065,774,1089,317,1547
1418: 301,1447,1837,498,1194,1108
1419: 210,1913,493,592,863,268,496,1936,296,436
1420: 274,970,1025,1723,1760,1473,896,1881,286,1588,1895,106
1421: 1781,302,26,22,1676,1634,58,1478
1422: 1817,136,2006,392,1994,517,720,783
1423: 610,962,658,1955,812,1879,1970
1424: 193,1736,1766,694,1650,253,625,466,1150
1425: 855,362,973,1200,275,1686,189
1426: 48,2009,737,609,674,1504,1035
1427: 49,157,961,969,80,827
1428: 9,1073,787,1237
1429: 163,1905,1670,333,1836,1258,1075,1628,1199
1430: 1356,492,1577,844,899,1130,1842,386,267,1951,1463,1730
1431: 1940,195,1271,2019,1033,1767,562,1617,50,1526,490
1432: 32,882,1933,629,671,570,1052,40,1711
1433: 614,1334,657,730,1291,1968,1458
1434: 635,1947,1061,456,1006,1982
1435: 225,1767,1297,151,1987,1139,1118,1940,2019
1436: 653,1935,1122,1698,1847,438,1681,1795
1437: 2007,554,1595,1184,1841,1408,1333,507,897,1285
1438: 381,1620,939,995,1402,521,664,902
1439: 1217,84,1884,725,1630,1535,45
1440: 654,212,1635,1348,439,748,494,564,111
1441: 1075,745,522,1628,675,1199,1836,544,899
1442: 1378,784,831
1443: 309,1623,593,1860,1270,221,234,290,1645
1444: 1103,984,1225,1722,1713,1557,1364
1445: 352,504,1379,1950,1011,1127,883,1209
1446: 229,1631,215,255,61,895,1370,1148,1188
1447: 301,1418,1198,155,608,1998,498
1448: 1716,825,1678,1685,1736,1345,1663
1449: 147,1134,806,1534,958,662,1781,26
1450: 1086,1627,518,663,1692,1105,1727,1412,1762,936,1555
1451: 1391,65,661,1865,1873
1452: 86,1202,683,455,502,937,1280
1453: 437,571,695,1221,401,669,393
1454: 1078,1963,1605,1527,60,1765
1455: 953,1183,1521,1761,292,1085,1043
1456: 435,1855,1549,36,919
1457: 1552,517,1857,75,424,245,720,1048
1458: 868,909,730,614,1433,1334
1459: 1281,1748,1605,1020,60,1980,1029
1460: 860,1002,1257,523,1827,713,1076
1461: 1121,1812,1323,952,1146,1489,575,1325,1854
1462: 764,1039,969,793,1224,49
1463: 92,1044,1144,1842,884,1577,1430,144,1730
1464: 14,1728,907,126,458,1523,96
1465: 1786,266,563,461,591
2021: 104,1387,1749,1895,106,1680,1046,585,779
1467: 840,488,223,1775,761,217,668,451,1346
1468: 1338,818,33,1147,85,1919,1515,626,1747
1469: 666,1869,1622,246,114,2018,645,1363,345,1488,1475
1470: 1981,306,1946,134,109,583,1520,1725
1471: 1868,1158,1834,239,859,570
1472: 434,473,1243,990,1399,131,780,380
1473: 933,342,989,34,1760,1420,1025,1723
1474: 1751,821,1415,1672,1062,1134,806,453
1475: 1488,1310,244,1482,345,1869,1622,1469
1476: 1576,1561,1021,800,929,1570
1477: 922,785,321,1923,788,1367
1478: 1920,1376,1797,1156,1421,302,58
1479: 1796,1624,180,184,582,1084,650,519,1574
1480: 1775,900,761,365,1961,503,1381
1481: 181,923,1675,454,444
1482: 244,1475,1869,378,1093,615
1483: 1385,792,1111,883,156,1100,158
1484: 489,983,1140,1742,1825,227,678,1715
1485: 1832,1217,324,213,1884,725,1092,1892
1486: 1975,942,1177,146,1612,347,7,742,154,957
1487: 1949,597,865,1717
1488: 1310,244,1475,645,1363,345,981,1469
1489: 1146,120,1377,499,1354,1461,1812
1490: 1904,1152,715,777,704,315,1912
1491: 1651,483,373,1556,63,1594,1608,967,1956,1691
1492: 484,594,1372,1642,1162,1286,1409,322,865
1493: 1519,1750,677,736,198,1038,1017,1380,90
1494: 1394,226,566,639,326,870,139,182,262,388,1326
1495: 289,1679,1496,1201,399,655,407
1496: 153,289,524,1679,1495,399,1964,407,769
1497: 702,1506,1818,1850,1174,1003,1700
1498: 55,1917,191,1560,1114,113,1173
1499: 630,847,945,1406,1765,102,1839,1858
1500: 479,604,1374,202,409,702,1506,1818,765
1501: 798,808,1136,613,596,437
1502: 250,765,98,1915,1757,1252,1411,1360,1997,1288
1503: 1162,1299,1833,1218,1336,367
1504: 609,674,1989,832,308,1721,1426
1505: 1658,602,565,258,679,1967
1506: 702,1818,1497,391,1850,409,1500,202,1174,1003
1507: 521,1625,664,753,902,256,1528
1508: 971,1230,372,1361,1607,123,176
1509: 126,748,494,817,458,1232,966,310
1510: 249,823,1330,1596,749,184,1777,178,1796,1624
1511: 812,1879,213,794,94,30,324,1892
1512: 1294,1069,1919,307,1582,1147,287
1513: 395,1313,1309,1673,1716,1223,676,1823,1272
1514: 1068,1072,714,1393,1294,1069,1515,15,1944
1515: 1294,1919,15,1514,1338,818,1468,33,1944
1516: 1619,548,1674,230,1166,1979,826,1107,231,685
1517: 308,1219,852,1747,818,33,633
1518: 71,1,1629,1633,2014,190,431
1519: 1750,677,701,736,374,1493,1659,1231,895,1756,1921,229
1520: 109,836,583,1470,1946,134,941,1725,1397
1521: 860,1002,1257,1183,1455,17,915,673,292
1522: 1999,336,480,1849,862,1251,214
1523: 139,96,81,1464,907,744,870,881,1326
1524: 292,1085,1119,1959,781,1822,1657,920,379
1525: 1922,1231,357,1966,90,869,1244,755,677,701,617
1526: 50,187,490,195,1271,2019,1033,1431,562,506
1527: 1748,1605,529,1060,1712,1179,1078,1454,1213
1528: 1507,1625,753,256,1385,568,1305,1896,1770
1529: 608,858,616,1971
1530: 1274,979,353,283,1000,559,344
1531: 361,21,403,1284,1808,893,342,989,1025
1532: 651,909,1564,730,1291,1563
1533: 105,1004,477,467,219
1534: 1094,550,958,1871,1062,1672,1449,806
1535: 1887,121,1064,84,1439,717,45
1536: 2020,304,1179,1903,600,525,1213
1537: 1709,28,405,1125,905,206,220
1538: 577,1956,477,1691,63,43,467
1539: 703,157,1301,1167,1784,414,1816,1047
1540: 791,1678,356,1685,87,1315,1937,1650,1365,1345
1541: 1229,1898,78,296,1638,877,643,888
1542: 1098,281,1058,1236,1690,25,536
1543: 235,1365,1266,791,1685,1022,1697
1544: 1024,1362,1057,1835,1138,224
1545: 114,1741,285,991,1054,1974,246
1546: 430,1581,1113,1355,1164,1958,1851,1791,854
1547: 177,188,1597,1724,413,1417,816,774
1548: 100,208,1877,676,1324,1223,825,1272
1549: 1456,435,1626,204,919,203,1290
1550: 269,700,530,1905,745,1628,675,267
1551: 1934,579,803,1564,1819,1291,1563,1572
1552: 1457,517,1857,1124,1356,1565,1289,392,1048
1553: 97,1764,391,1030,409,1656,202
1554: 758,1258,1049,845,612,1670,333
1555: 1762,936,1117,1135,518,663,1163,1086,1627,1450,734
1556: 1651,483,373,1491,1303,63,1866,1404,370
1557: 140,746,1713,1444,170,1722
1558: 708,1844,1028,1918,841,956,751,1098,281
1559: 276,294,280,1396,1053,1805,1041
1560: 1498,1114,813,1311,1173
1561: 1576,1476,1284,1810,1609,1021,800,716,1212
1562: 233,692,603,943,1928,1640,1018,828
1563: 1819,1291,1564,1551,1934,651,1532
1564: 1758,1176,129,1551,1934,651,1532,1563
1565: 856,1951,996,874,240,1552,1857,1124,75,245
1566: 236,325,460,1332,738,1593,1063
1567: 1825,232,227,672,1664,130,1116,44
1568: 1585,134,807,1754,1900,1981
1569: 12,38,1794,688,540,218,1031,713,1662
1570: 893,1867,929,1659,1576,1476,1808
1571: 772,864,125,1979,230,1107,685,263
1572: 1819,1059,1551,803,884,92,1044,1811
1573: 1007,1395,892,1807
1574: 35,650,519,1796,1479,180,398,1297
1575: 130,44,826,936,1135,1615,1627,734,548,1166
1576: 1561,1476,1284,1808,1021,929,893,1570
1577: 1430,844,899,1130,1842,1783,386,1044,1463,1730
1578: 631,383,1786,266,684
1579: 1215,879,497,1638,1586,358,402,643,888
1580: 903,523,1739,533,38,688,168
1581: 430,1546,830,299,1113,1164,854,1398
1582: 607,1155,507,307,1393,287,1512,1294,1069,1919
1583: 1381,1885,1233,1249,928,1775,217
1584: 1688,1197,756,406,1668,284,932,726,947
1585: 1568,341,134,889,1900,1981,1725
1586: 1638,877,464,1579,879,497
1587: 589,1282,874,240,433,505,75,245,875
1588: 896,1881,500,286,1988,1760,647,1420,1895
1589: 71,1,1006,1142,1947,539,622,1322
1590: 76,1224,1206,598,429,1973,916
1591: 54,1763,839,924,1320,257,1159
1592: 1317,846,1930,1129,1660,2003,252,1388,1139
1593: 1928,1889,1063,1332,83,606,738,460,1566
1594: 667,1608,735,340,483,373,1491
1595: 2007,1437,1397,1841,834,1972,1408,897
1596: 249,476,1510,823,749,752,1777,1624
1597: 1547,177,188,413,390,2,987,1969
1598: 1604,1683,1778,1181
1599: 1158,1834,1254,1935,708,1844,1681,1795
1600: 39,718,1074,585,539,638,984
1601: 423,1614,1220,187,999,1023,1829
1602: 1610,720,783,116,1203,2006,12,1856
1603: 468,1011,1168,1718,1720,354,504,1950
1604: 1598,681,1683
1605: 1459,1748,1527,1454,60,1029
1606: 401,334,1221,113,393,55,191,2008
1607: 1361,842,376,1210,971,1508,587
1608: 1594,667,51,373,1491,940,967
1609: 64,1253,1293,800,716,1212,1261,1561,1810
1610: 1602,720,116,1203,424,1926,397,12,168,1856,533
1611: 1782,310,425,728,881,81,804
1612: 457,555,520,1207,573,1975,1486,1177
1613: 40,1727,1412,459,1131,605,1086,2002
1614: 1220,1601,1003,1850,187,490
1615: 1086,2002,1627,734,936,130,44,1575
1616: 930,323,66,1726,1050,216,299
1617: 391,1030,1141,1850,409,1767,2019,1431,50,490
1618: 833,620,265,1264,1255
1619: 1516,1674,230,993,1882,1979,224
1620: 381,939,1438,72
1621: 1647,804,1083,728,1677,1768
1622: 666,1869,1637,246,1469,1475
1623: 593,931,1443,221,1645,557,1269,148
1624: 178,1796,1479,1510,1596,184,1777,1084
1625: 1507,753,256,1528
1626: 204,346,1549,1635,14,1728,1290,494
1627: 1086,2002,1615,1450,734,936,1555,1117,1135,1575
1628: 1075,745,1441,675,1199,1905,1429,530,1550
1629: 71,1,1518,1142,1633,1353,431
1630: 1884,725,1092,1439,45,89,115
1631: 873,229,351,215,1446,255,1148
1632: 262,811,1013,1349,388,508,1246,1265,1843,1392
1633: 1095,1283,1353,1518,1629,2014,2020,304,431
1634: 22,1676,1696,1421,1781,1071,1358,1240,58,1797
1635: 654,439,1440,1626,204,346,14,494,564
1636: 371,1820,955,141,562,1735,611,1890
1637: 666,1869,1622,246,1245,1957,2015
1638: 877,464,1586,1161,1229,1541,78,1579,497,888
1639: 953,1183,575,1325,1739,789,1146,1257
1640: 1018,828,603,943,1928,1088,233,692,1562
1641: 801,1182,1654,682,1875,1208,305
1642: 484,594,1492,322,1738,597,865,1717
1643: 1665,757,959
1644: 1170,190,1712,539,622,71,143,39
1645: 221,234,247,290,1623,1443,629,148,69
1646: 1799,160,1346,1401,1399,1686,780
1647: 1621,1083,1677,1772,646,1737,556
1648: 249,476,823,1330,1149,150,194,690
1649: 595,418,588,537,1383,441,1704,1214,850,330
1650: 1315,1937,1870,410,625,466,1678,356,1540,193,1424,1345
1651: 373,1491,1556,1303,63,1404,370,1956
1652: 1106,551,824,1154,93,921
1653: 1849,1942,1337,1143,171,176,1763,839,421
1654: 1641,801,1182,682,1761,1959,1043
1655: 285,991,968,1733,1373,1311,833,1974
1656: 604,1374,202,108,1195,1553,1764,119
1657: 11,1822,527,920,379,1417,1524,724,1065,317
1658: 1171,1015,602,1505,1299,679,1967
1659: 729,929,1907,1519,374,1570,1867,1756,1921
1660: 131,1340,380,1129,1388,846,1592
1661: 207,949,1860,1270,1350,360
1662: 218,1153,1031,540,1794,1569,1287,118
1663: 1304,1993,1685,1716,1448
1664: 232,672,1567,1116,656,1335,1702
1665: 1643,757,959,1899
1666: 46,1252,1331,1411,1360,528,1682,250,98,208
1667: 1390,161,649,1156,302,696,1769
1668: 724,284,816,1065,932,726,885,1584
1669: 2001,1732,964,95,1180,314,411,254
1670: 163,1429,1080,333,1049,448,509,1554
1671: 1785,559,353,124,1804,1042
1672: 1751,1120,1415,1474,1871,1062,643,1534,806
1673: 395,1313,1513,1993,1716,1223,676,1823
1674: 1619,1516,548,1166,1135,993,734,224
1675: 1481,181,923,1217,1343,84,121
1676: 1187,22,1634,1696,662,954,1421,1781
1677: 1349,1768,508,1621,1647,1772,1392
1678: 791,356,1540,1685,1650,193,1736,1345,1448
1679: 153,1496,1495,399,1964,994,549,185,1753,769
1680: 1006,106,1982,104,1387,2021,1749,1895,1322,779
1681: 438,1844,1028,653,1935,1122,1436,1698,1795,1945,1599,1254
1682: 137,528,1731,1324,250,98,100,208,1666,1411
1683: 681,1066,1778,1067,1172,1604,1598
1684: 45,89,291,450,1064,1789,1962
1685: 791,1678,1540,1543,1345,1022,1697,1304,1663,1448
1686: 362,1200,1425,1399,1125,160,1401,1646
1687: 311,1265,1843,891,558,83,606,950,472,1889
1688: 1584,756,406,284,932,947,1071,228
1689: 1407,941,1725,341,1013,1246,311
1690: 172,751,722,577,1098,1542,536
1691: 577,967,1538,1956,477,1491,172
1692: 1269,474,518,663,1163,1105,148,69,1450
1693: 1879,213,610,1092,1800,1892,1110
1694: 88,478,1278,542,1079,1707,2016,786
2022: 8
1696: 1187,22,1676,1634,756,406,954,1071,1240
1697: 848,1178,1699,1022,633,235,1266,1543,791,1685,1304
1698: 1122,1436,214,1847,1999,841,438,1681
1699: 848,1178,1247,711,1022,1697,1304
1700: 691,1915,1757,702,1497,1174,739,1228
1701: 1317,1930,719,1118,1940,1271,23,1033,876
1702: 918,1335,232,672,678,1664,248,988
1703: 34,687,647,592,1026,1790,1734,377,1988
1704: 257,1214,171,850,1649,584,421,330
1705: 465,963,1866,587,483,1303
1706: 978,934,1019,442,894,776,205
1707: 1079,1848,1788,542,786,1694
1708: 234,247,290,1270,2013,1868,629,671
1709: 28,405,1537,1125,339,516,1984
1710: 1023,1829,366,423,99,552,323,1726
1711: 40,1412,32,1432,629,1105,69
1712: 1644,1060,1170,2014,190,304,1179,1527,529
1713: 140,746,1557,1364,1444,1090,644,601
1714: 20,509,1101,1400,572,660,1080,530
1715: 1803,1140,1484,634,1742,227,678
1716: 1223,1448,825,1993,1663,1513,1673
1717: 93,921,1642,1738,470,1099,1487,597
1718: 1071,1720,228,354,1358,1240,1603
1719: 782,1911,417,906,1830,2005,443
1720: 599,1718,1071,228,354,1603,1168
1721: 308,852,848,711,674,1504,1989,832
1722: 170,754,796,1920,1225,1444,1103,1557
1723: 970,1420,1025,1760,342,1473,989
1724: 1547,177,188,413,284,816,947
1725: 1689,941,1470,1585,341,134,1520
1726: 323,1616,423,1710,1023,1050,1228
1727: 40,1613,1412,459,663,1105,1086,2002,1450
1728: 14,1290,1464,907,1626,412,126
1729: 569,980,1373,1311,1173,833,620
1730: 144,1289,1356,1577,1430,1130,1144,1463
1731: 137,528,1150,1682,1324,694,100
1732: 2001,710,964,1669,95,411,1185,254,1312
1733: 285,1655,991,813,1352,1883,1369
1734: 436,1051,1109,377,1913,592,296,687,1703,1988
1735: 1792,827,611,441,961,371,1636
1736: 193,1324,1766,1424,1345,694,1678,356,1448,825
1737: 646,707,556,1647,1083,1780,138
1738: 322,470,652,679,1099,484,1642,597,1717
1739: 903,523,1580,789,1257,1639
1740: 1793,1329,181
1741: 114,2018,1545,149,1369,285,991
1742: 37,634,1787,1140,1484,1715
1743: 1036,10,513,1314
1744: 273,1352,1883,452,1070,1056,880,243,103
1745: 821,1415,18,1051,1881,500,1988
1746: 194,690,1755,1357,1129,1779,1330,1340,1388
1747: 626,1306,818,1468,469,1219,1517
1748: 1281,1459,1605,1527,529,1060
1749: 2000,104,1387,2021,453,835,1895,896,1680,1390,1046,649,779
1750: 1519,677,736,374,1493,145,1017,729
1751: 1120,821,1415,1474,18,1672,1062,643
1752: 1096,555,520,1024,1362,1809
1753: 185,404,1147,769,287,998,1964,549,1679
1754: 1347,788,1367,1900,807,1981,1568
1755: 1746,194,1357,1129,1330,252,1081,1388
1756: 61,895,446,1370,1921,1659,1519,701,374,1231,1867,229
1757: 691,1700,1915,702,765,1502,1997
1758: 1176,1564,129,651
1759: 363,469,1248,1306,364,904,505
1760: 34,647,1473,1881,500,286,1588,1988,1420,1723
1761: 547,682,1854,953,575,1455,1043,1654
1762: 936,1555,1117,1835,993,518,1163,1057,1450
1763: 54,123,176,839,1591,171,1942,1337,1653,428
1764: 97,1034,1195,1553,1030,1656,202
1765: 630,1406,1499,1078,1454,1963,60,1852,545
1766: 193,1324,1736,1424,1345,694,466,356,1150,825
1767: 225,151,1435,1139,1940,2019,1431,1617,1141,50
1768: 1677,1349,508,139,81,728,1621
1769: 1103,638,1156,1667,161,1376,1225
1770: 42,337,1896,1385,568,1305,753,1528
1771: 417,767,906,1312,1903,600,1328
1772: 1332,558,1392,83,1677,1349,508,1647,646,738
1773: 307,693,332,1408,607,897
1774: 987,319,1992,515,1815,1308,67,169,238
1775: 900,1480,761,217,1381,1233,1583,451,1467
1776: 101,768,389,733
1777: 184,763,1872,1084,749,752,1510,1596,1624
1778: 1066,1683,1172,1598,1181,29,637
1779: 488,223,1799,1346,1746,690,1357,1340
1780: 752,623,699,1083,1737,138,763
1781: 1421,302,26,1449,22,1676,1634,662
1782: 1611,310,425,966,117,133
1783: 1842,636,884,386,803,1577
1784: 57,2004,913,414,1948,1243,1167,1539
1785: 1671,559,344,560,462,124,1804
1786: 1465,266,1578
1787: 37,1742,627,1351,944,983,1140
1788: 79,542,1093,615,1707
1789: 1887,1064,45,1684,450,294,280,52,1962
1790: 716,1026,1212,1261,64,210,1913,592,377,1703
1791: 214,1847,1952,854,1958,1263,1851,1546,1999,336
1792: 1735,80,827,441,491,534,537
1793: 1740,1329,94,312
1794: 12,688,1569,2006,1203,82,540,1031,1662
1795: 2013,1945,1935,1436,1844,1681,1834,1599,1254
1796: 178,1624,368,1479,180,1510,184,1084,1574
1797: 796,1478,1920,1634,1358,58,1950,1341
1798: 1990,1222,1366,278,782,1837,1830,965,642
1799: 160,1346,1646,1779,488,1357,780,1340
1800: 1055,1884,1092,1892,1693,665,1110
1801: 1115,197,1207,1148,1978,446,1370,361,573
1802: 222,1904,1152,715,1276,1112,1874,1986
1803: 914,248,1715,634,232,227,678
1804: 1671,1785,124
1805: 1053,201,1077,1041,132,1826,1559
1806: 775,43,467,219
1807: 1573,1395,892,445
1808: 1576,1284,893,1570,933,989,21,1531
1809: 1138,1882,295,1096,1752,1362,270,1238
1810: 1561,1284,1609,800,716,1212
1811: 92,686,1902,1044,803,884,1819,1572,1059
1812: 1121,543,1461,1323,1354,580,1146,1489
1813: 1151,1279,1040,926,1405,1960,56
1814: 586,1193,755,427,396,869,1244
1815: 1774,1992,515,156,512,169,238,1111
1816: 186,1032,1047,1301,703,157,1539
1817: 1422,972,136,392,1994,1863,41
1818: 702,1506,1497,409,604,1500,202,765
1819: 657,1291,1563,1572,1059,1551,803,1811
1820: 371,1636,141,876,186,1032,719,703
1821: 1983,557,1269,1163,1057
1822: 11,1657,379,1524,1085,1959,801,724,1065
1823: 640,1929,1861,1993,395,1513,1673,976,863
1824: 170,754,1127,140,1833,1218
1825: 227,672,1567,489,1484,44
1826: 717,164,975,132,1805,1077,1041
1827: 1153,1227,1076,1460,1002,880,103,17,1191
1828: 128,532,303,656,1116,826,231,65
1829: 1710,1023,366,1932,999,1601,297
1830: 301,1837,2005,278,782,1719,1798,642
1831: 17,618,673,857,292,1119,200,68,781,920
1832: 1217,1343,1485,1329,94,324,725
1833: 1299,1503,1218,1127,1824,140,1171
1834: 1868,1158,1599,1471,1254,1795,239,570
1835: 1762,1117,1135,993,1544,1057,224
1836: 1258,1429,333,1075,1441,1199,487,369
1837: 301,1418,1830,2005,1798,642,1194
1838: 315,1912,1052,1262,1933,859
1839: 849,1858,462,124,560,630,945,1499
1840: 203,412,1414,778,1102,435,1910,1859
1841: 1407,941,1397,861,2007,554,1595,1437
1842: 1783,884,386,1577,1430,1044,1463
1843: 1246,1265,1687,1632,811,1349,388,558,1392
1844: 1558,708,438,1028,1681,1943,1795,1158,1599
1845: 1259,422,1276,1986
1846: 1018,828,355,1995,837,1937,1235,1870,1954,410
1847: 214,1091,1791,1952,854,1999,1122,1436,1698
1848: 1079,1707,2,338,1308
1849: 862,1337,1653,1143,421,1263,336,1522
1850: 391,1617,409,490,1506,1497,1614,1003
1851: 584,421,1958,1263,1546,1791,854,336
1852: 60,283,560,1029,630,945,1765
1853: 1189,1049,448,70,1172,475,1137,637
1854: 547,1761,1146,110,1121,1461,952,575,1325
1855: 1456,435,36,383,659
1856: 12,688,168,1610,1602,116,1203,397,533
1857: 1552,1457,517,1124,75,424,245,1565,856,874,1048
1858: 1839,849,847,1499,102,1891
1859: 922,1910,785,1840,1414,778,908
1860: 1661,1270,1350,309,1443,234
1861: 640,1929,1823,974,740,1205,976
1862: 72,1128,1278,47,67,1402,939
1863: 320,578,1196,41,1817,972,1996
1864: 158,568,1305,367,1209,1379,1336
1865: 661,1123,1873,1451
1866: 465,1705,483,1556,1303,1404,370
1867: 893,1570,1978,1659,446,1756,1921
1868: 1834,1471,1254,2013,1708,671,570
1869: 1622,1637,1469,1482,1475,2015,378
1870: 1315,1937,1235,1650,1846,1995,1954,410
1871: 358,402,1275,1062,643,1215,1672,1534,1094,550
1872: 184,138,763,1777,582,1084,707,31,1976,650
1873: 661,1865,1005,532,65,1451
1874: 1112,222,1802,1152,886,1277
1875: 547,770,682,110,1215,879,1208,497,1641,680,305
1876: 62,843,977,1925,1133,1878
1877: 100,208,1260,1548,676,1223,46,1272
1878: 24,1410,898,843,1876,1133,1249
1879: 1693,812,1970,1511,213,1423,610,1892,1110
1880: 757,1348,62,977
1881: 896,500,286,1588,1988,1760,647,821,1415,1745,1420,453
1882: 125,1138,1979,295,224,1809,270,1619
1883: 273,813,1352,452,1744,243,1369,122,1733
1884: 1055,725,1092,1800,1630,1892,1485,1439,115
1885: 1233,1249,1583,24,898,59,451,510,1965
1886: 52,1962,741,1359,192,450,280,802
1887: 1535,121,1064,1789,717,1041,294
1888: 119,1416,479,1374,137,528,1150,853
1889: 1928,1593,1063,1088,1687,606,603,950,472
1890: 1932,501,955,1636,611,441,588,1383,142
1891: 329,847,102,1222,1858
1892: 1884,725,1092,1800,324,1693,1879,1511,213,1485
1893: 1363,200,345,68,981,1192,781,527,920,1897
1894: 1938,867,408,795,259
1895: 104,1387,2021,1749,896,286,1588,274,1420,106,1680
1896: 42,337,819,1770,1409,1305,753,1528
1897: 1310,244,712,1893,981,527,1089,317
1898: 1229,1541,296,1109,643,888,1120
1899: 382,1665,959,346,654
1900: 1347,1754,639,326,1568,1585,889
1901: 260,1926,397,499,903,533,120
1902: 92,686,1044,1144,1811,1994,578,41
1903: 1771,906,1312,600,2020,1536,525,1911
1904: 1490,222,1802,1152,715,777,199,1277
1905: 163,1429,1080,530,1550,1075,1628
1906: 749,623,951,851,420,1386,476
1907: 729,929,1659,73,1382,809,910,145,1021,1009
1908: 516,1984,189,689,925
1909: 350,135,1318,361,1115,942,146
1910: 684,785,1859,631,659,1840,1414
1911: 782,815,1719,906,1903,279,525
1912: 315,531,1052,1838,1490,777
1913: 210,1419,493,592,496,1790,296,436,1734,377
2019: 1118,1940,195,1271,23,1033,1431,1767,1435,1617,50,1526
1915: 691,1700,1757,1502,1252,1997,1157,1288
1916: 241,400,1375,1321,731,166,773,541,579
1917: 55,191,1498,481,113,393,980,1173
1918: 1999,841,480,956,751,1558,1028
1919: 1512,1294,1069,1515,15,1582,1147,85,287,1468
1920: 796,1478,1376,1797,1225,1722
1921: 895,446,1756,1659,1519,374,1867
1922: 357,1525,90,869,1244,755,207,617
1923: 321,1267,1955,1477,962,788
1924: 1188,1344,873,255,261,385
1925: 271,1133,1939,384,62,1876
1926: 260,397,1901,424,1339,1610,116
1927: 237,251,1241,658,794,812,1970
1928: 1593,1889,1063,1088,603,950,943,472,1562,1640,1018
1929: 1823,1861,1247,1304,1993,740
1930: 1317,846,1592,1701,1256,186,1047,719,1118
1931: 293,894,1181
1932: 501,1890,999,142,1829,366,297
1933: 32,882,1432,859,570,1052,1838
1934: 1551,541,579,1564,129,1563
1935: 653,1122,1436,1145,1681,1350,1795,1945,360,1599,1254
1936: 268,496,976,640,1419,493,863
1937: 87,1315,1235,1870,1650,1846,837,714,410,1540
1938: 1894,892,1342,445,867,259
1939: 10,271,365,1925,1133,928
1940: 1118,2019,23,1033,1431,1139,1317,1701,1767,1435
1941: 155,1273,1082,864,1953,263,1302
1942: 567,1337,1653,176,1763,839,428
1943: 281,1236,708,1844,1158,901,239
1944: 235,1365,1266,1515,15,1514,1072,714,1338
1945: 1270,1350,1795,2013,360,653,1935,1681,1254
1946: 1470,1175,665,1981,306,134,583,1520
1947: 1434,635,1142,1006,1,1589
1948: 721,820,855,275,1243,2004,1784,913
1949: 514,1487,597,865,594
1950: 1445,352,504,354,1358,1797,1603,1341
1951: 327,1565,856,1977,996,522,1356,492,1430,1130,1124
1952: 214,1091,1791,1847,854,430,1398,1122
1953: 1211,829,685,263,1941,1302,535
1954: 410,253,625,466,733,1846,101,1995,768,1008,389,1870
1955: 461,1923,1267,658,1970,1423,962
1956: 967,1538,1691,1651,373,1491,63,43
1957: 892,2015,1245,666,1637,1007,1395
1958: 584,1851,330,1355,1164,1546,1113,1791,854
1959: 1524,1085,1043,801,1654,1822,724
1960: 401,334,56,1813,695
1961: 513,1186,1314,503,1381,206,900,1480
1962: 52,1886,1064,1789,1684,450,294,280
1963: 279,1078,1454,815,1406,1765,343,545
1964: 399,985,994,549,693,1679,1496,185,1753,769
1965: 318,451,510,760,1885,1233,217,851,840
1966: 396,90,1368,869,1244,198,1525
1967: 322,652,679,1099,1658,1505,565,538
1968: 657,1059,686,614,1433,578,750
1969: 987,1992,515,1597,413,390,512
1970: 812,1879,237,1927,658,794,1955,1423
1971: 581,328,1123,1160,608,1529,616
1972: 1250,834,109,705,1397,1595
1973: 429,526,632,76,1590,598,916
1974: 1054,1190,1255,799,285,1655,968,1545,833,265
1975: 1486,1177,1096,520,1612,154,957
1976: 31,1307,1413,917,1872,582,1084,650,519,871
1977: 327,856,1951,996,874,173,544,449
1978: 893,1867,446,1370,361,21,1801
1979: 125,1138,1882,295,224,1619,1516,230,772,1571,685
1980: 283,1029,1000,1020,1459
1981: 1470,1175,665,1946,698,807,1754,1568,1585,134
1982: 1006,106,1680,274,970,456,1434
1983: 1821,261,557,385,1269,555,1024,1057
1984: 516,1908,339,890,1709
1985: 198,1038,1017,1380,691,74,809,1157,1288,145
1986: 1112,1276,1845,1802
1987: 2003,252,179,1139,398,368,225,1297,1435
1988: 1881,500,1588,1734,1051,687,1703,1760,647,821,1415,18,1745
1989: 609,1504,832,1721,91,1292,1035,16,426,1014
1990: 102,1798,343,1222,1366,278,965,642,329
1991: 878,502,938,937,764,1039,1087
1992: 1774,987,319,515,1815,1308,1969,512,238
1993: 1304,1663,1716,1929,1823,1673
1994: 144,1289,392,1902,1144,41,1422,1817
1995: 101,768,1008,1088,866,1846,355,1870,1954
1996: 1151,1040,926,1196,1863,972,159,127
1997: 910,1157,1288,1502,1915,1757,1252,1411,1360
1998: 608,498,616,155,328,1447,1198
1999: 1918,841,336,480,1522,214,1791,1847,1698
2000: 1387,453,1749,835,147,1134,696,649
2001: 1732,964,1669,95,1328,1095,1283,485,1312
2002: 1086,1615,1627,1613,1727,459,1131,489,983
2003: 252,179,1987,1388,1139,1317,1592
2004: 1784,913,855,275,1948,1243,1167
2005: 301,1837,1830,443,1198,417,278,782,1719
2006: 1422,972,136,1602,783,1203,82,127,1794
2007: 554,1595,1184,1437,1397,1841,861,1408,897
2008: 191,1114,334,1606,452,349
2009: 48,1426,737,875,589,264,747,790
2012: 174,288,680,305,1182,726,1197
2013: 1270,1350,1795,1945,1868,1254,234,1708
2014: 1060,190,1712,71,1518,1633,2020,304,431,1179
2015: 1957,892,1342,1869,1637,1395,378
2016: 1073,795,1012,786,88,1694,1237
2017: 272,389,108,101,253,733,119,1416,709
2018: 114,1741,149,645,196,1363,345,68,1192,1469