0: 2023
1: 1589,1947,1629,1142,71,1518
2: 1308,1848,338,188,987,1597
3: 
4: 2024
5: 
6: 613,1136,596
7: 742,766,635,1486,942,1061
8: 2022
9: 1428,1073,408
10: 486,1036,271,1743,1314,365,1939,503
11: 1524,379,1822,920,527,1417,317
12: 38,533,688,1569,168,1610,1602,1856,82,1794,1203
13: 387,925,973,1295,511,820
14: 1626,1635,1290,494,126,1728,1464,748
15: 1294,1514,1515,1944,1072,1338
16: 1354,1016,1035,609,1989,426,580,648
17: 292,1521,673,915,1002,1191,857,1831,618
18: 1751,1051,1415,1745,1109,687,1120,1988,821
19: 449,282,419,482,946,619
20: 934,1019,442,660,1101,1400,1714
21: 361,403,1531,1978,893
22: 1676,662,1781,1421
1997: 1288,910,1157,1502,1757,1915,1252,1360
24: 1878,1249,1133,1410,59,992,1885,898
25: 1004,536,440,1058,1542,463
26: 696,147,662,1781,1449,1421,302
27: 624,1027,935,1234
28: 905,220,1537,1401,1125,1709,160
29: 1137,1778,637,1172,1181,495
30: 1132,794,312,94,324,812,213
31: 1976,582,917
32: 605,531,982,1432,1933,1052,40,1711
33: 1338,633,1266,1515,1468,818
34: 687,1703,1026,933,989,1473,1760,647
35: 1034,519,97,1574,1297,723,151
36: 375,919,1855,1456
37: 1787,1742,1351,634
38: 12,688,1569,168,1580,1031,713,523
39: 539,1600,1644,1170,622,718,143
40: 1613,1711,1412,1432,32,605,982
41: 320,578,1863,1817,686,1902,1144,1994
42: 337,1896,1409,1305,1770,1336,1372,1286
43: 1806,775,467,63,1538,1956
44: 1825,672,1567,1615,489,130,1575
45: 1684,1064,1439,1535,1630,115,89
46: 1666,1331,1411,208,1877,1260
47: 478,1278,67,238,1128,1862,939,1402
48: 1426,737,609,264,2009,790,747,1016,1035
49: 157,1427,414,793,1462,969
50: 1141,1767,151,1431,2019,1617,1526
51: 567,667,940,1251,862,1608,628
52: 276,1371,280,1962,192,1359,1886
53: 601,258,641,838,1020
54: 1763,839,1591,1320,372,176,123
55: 1917,113,393,1221,1606,191,1498,481
56: 437,695,1279,808,1405,1813,1960
57: 414,1784,913,1165,793,1206
58: 1634,1358,1797,1421,1676,1781,1478,302
59: 992,117,576,851,24,1885,898,510
60: 630,1765,1454,1852,1605,1029
61: 1756,446,1921,1446,229,895,1370,1148
62: 1880,384,1925,977,1876
63: 1404,370,1651,1491,1556,1956,775,43
64: 716,1609,1790,1261,1309,1253,210
65: 656,1335,532,1828,1451,1391,1873
66: 930,216,1616,1050,427,1038,396,1368
67: 759,169,238,1774,47,1862,939,995,1402
68: 1893,1363,1831,781,618,857,673,200,2018,1192,196
69: 1692,148,290,1645,629,247,1105,1711
70: 475,637,1389,1172,201,1189,1853
71: 1644,190,622,1589,1,1629,1518,2014
72: 787,1128,1862,1620,939
73: 1252,1331,1411,1288,910,165,1907,1009
74: 805,739,691,1985,1038,1380
75: 1457,424,1857,1048,1282,1565,245,1587,1339
76: 1165,429,546,1973,1206,1590
77: 1216,183,1210,963
78: 1638,877,464,1161,1319,268,1229,1541
79: 1788,1093,378,867,259,542,786,1012
80: 969,1087,1427,1792,827,574,534
81: 139,1523,1768,96,728,881
82: 159,540,127,1794,1203,2006,12
83: 1332,606,1593,1349,1772,1392,1687,558,472
84: 1439,1217,1343,1535,923,1675,121
85: 1919,1147,404,810,626,1468
86: 1361,842,372,1452,107,1280,1202
87: 714,1365,837,1315,1937,1650,1540
88: 1694,1278,786,2016,1073,1128,1237
89: 291,450,1630,115,316,1684,45
90: 1966,396,1244,1368,198,1493,869,736,677,357,1525
91: 740,1296,1247,711,1292,832,1989
92: 1902,1044,1144,884,1059,1572,686,1811,578
93: 1717,470,1154,1652,551,921
94: 1832,324,312,30,1793,1329
95: 2001,1732,964,1669,1180,314,485,1283
96: 126,907,1464,310,458,1523,81,881
97: 35,1034,723,1141,1195,1553,1764,1030
98: 250,1502,528,853,1682,1666,1252,1411,1360
99: 366,323,552,1164,1113,331,297,1355
100: 1682,1731,1324,1548,208,1877
101: 1954,1995,768,733,389,1008,621,1298,272,2017
102: 1891,329,1858,1406,343,847,1222,1366,1499
103: 880,1191,122,857,1827,1227,1744,243
104: 1895,106,286,835,1387,896,1749,2021,779,1680
105: 1533,1004,440,1259
106: 1895,104,274,1420,1387,1982,1680,1006
107: 727,1027,935,1280,455,842,86,1234
108: 272,2017,1195,1656,1764,119,709,1374
109: 836,1397,1972,705,1470,583,1520,291,941
110: 547,770,1875,952,1121,543,464,1854,497
111: 212,564,1878,843,817,748,1232,1410
112: 309,351,931,873,593,948
113: 1268,1917,669,393,55,481
114: 2018,1192,149,1741,1545,246,645,1469,345
115: 1055,1884,1630,316,306,45,291,89
116: 1610,1602,397,1926,517,424,1048,1339,720
117: 1410,59,992,576,1232,966,1782
118: 1662,1287,1056,218,1070
119: 1888,1416,709,389,108,2017,1656,253,1374
120: 903,789,499,1901,1377,1146,1489
121: 923,1675,84,1535,717,975,1887
122: 103,857,243,1369,196,149
123: 1508,176,1320,1361,372,54,1763
124: 849,462,1785,1671,1804
125: 772,411,254,1882,295,270,1979,230,1571
126: 1728,1464,96,14,494,748,1509,458
127: 159,82,972,2006,136,1996
128: 303,1828,231,548,826,1116
129: 1758,1176,1564,997,1934,541
130: 826,1575,1615,1567,44,1116
131: 780,1340,1660,380,846,1592
132: 1067,164,1826,975,1389,1077,1805
133: 623,699,951,1782,576,425
134: 1585,341,1725,1470,1520,1981,941
135: 350,1318,1025,361,403,342,1909,456
136: 1422,2006,783,972,1817,127
137: 1682,1731,1888,1416,1150,853,528
138: 707,325,1737,763,1872
139: 1523,81,1768,870,1326,388,508
140: 1171,602,746,170,1713,1557,1833,1824
141: 562,955,1636,1118,719,1820,1033,195,1701,1271,876
142: 595,1383,297,1649,588,441,1890,1932,501
143: 960,718,1600,39,1644,1170,529
144: 1730,1144,1994,1463,1289,392
145: 1288,809,910,1157,1382,1985,1017,729,1907,1750
146: 1486,942,1177,1115,1909,1207,350
147: 696,26,806,1134,1449,649,2000
148: 1269,1692,69,1645,1623,557,1105,1163
149: 200,2018,196,114,122,1741,1369
150: 690,223,194,840,318,1648
151: 723,1141,1767,50,1435,225,1297,35,1030
152: 802,192,175,1359,1104,985,994,693
153: 524,289,1242,1495,1496,998,769,1679,482,946
154: 957,415,1238,1486,1975,742,347,766,1180
155: 1998,1082,328,1198
156: 1111,1100,515,512,468,1815,169
157: 49,703,1427,961,1539,414
158: 1385,1483,883,1100,1209,1864,568
159: 82,540,127,1996,926,1287
160: 1799,1346,1646,28,220,1401,1686
161: 1103,638,1769,1667,1390,1376,1156
162: 697,405,339,1403,1186,206
163: 1429,333,1075,509,1670,1080,1905
164: 1067,132,454,444,1826,975
165: 1021,800,73,1331,1293,1260,1009
166: 773,731,1321,934,660,241,269,700
167: 797,1008,621,912,236,1566,460,866
168: 12,38,533,688,1580,1856,903
169: 1815,67,759,238,1774,156,1111
170: 754,1722,796,1920,1557,1824,1127,140
171: 1653,1763,839,257,1704,421,1143
172: 577,967,1691,1690,940,722
2005: 301,443,782,1719,278,1837,1830
174: 1208,680,1215,305,550,726,288,1197,2012
175: 802,192,1359,152,332,994,693
176: 735,1230,1508,428,123,1942,372,54,1763,839
2009: 589,264,875,48,1426,737,790,747
178: 249,1510,1624,1330,1081,1796,180,368
179: 2003,252,398,1987,1139,368,1388,1081,180
180: 1479,1796,1574,178,179,398,368,1297
181: 1481,1675,1740,1329,1343
182: 1494,226,262,1326,326,639,889,811,1013
183: 1216,77,1210,1234,1027,624,376
184: 1777,763,1596,1624,582,1872,1084,1479,1796
185: 1964,994,399,549,769,1679,1753,1147
186: 1032,719,1820,1047,1256,1930
187: 490,1526,1614,195,506,501,999,1601
188: 1848,338,2,774,1089,1547,987,1597
189: 516,362,1908,925,973,1425
190: 1644,1712,1170,71,431,1518,2014,1179
191: 1606,1114,2008,1498,334,1917,393,55
192: 175,1359,1886,152,1371,280,52,1104,985
193: 1736,1766,694,1650,1424,466,1678,356,1345
194: 1357,690,223,150,1648,249,823,1330,1746,1129,1755
195: 1431,1033,1701,2019,1271,876,141,562,187,1526,506,501
196: 200,2018,1192,149,122,857,68,618
197: 1801,1370,1207,1188,1148,573
198: 1966,1368,90,1493,1038,1017,1380
199: 447,1204,777,1152,886,1277
200: 2018,1192,196,149,1363,1831,781,68,618,645,345,981
201: 1053,1077,1189,1805,70,475,1389,1853
202: 1553,1656,1764,409,479,604,1374,1500,1506,1818
203: 1414,435,1549,1290,412,1840
204: 1626,1635,1290,919,382,346,1549
205: 300,1706,776,978
206: 1186,1961,900,405,162,761,905
207: 948,617,755,1193,1922,949
208: 1548,1877,1682,100,528,1666,46,1411,1260
209: 1082,1273,767,417,1198,443
210: 863,493,592,1309,716,1790,1261,64,1913
2017: 272,108,101,733,389,119,1416,709
212: 111,564,1440,1348,439,843,977
213: 1693,812,1879,1892,1092,30,1970,1485,324
214: 1999,1698,1522,1791,1263,336,1952,854,1847
215: 229,1631,1231,357,948,351
216: 66,1616,1050,805,1038,1368
217: 668,1775,1467,761,840,451,900,1233
218: 1662,118,1056,1031,1153,713,1227
219: 1533,1806,467
220: 905,28,1537,1401,668,488,160,1346
221: 234,1443,290,1645,1623,309,593,247
222: 1112,1874,1802,1904,715,1152,1277
223: 1779,690,488,150,194,1467,840,451,318
224: 1619,1674,993,1979,1544,1835,1138,1362
225: 398,1987,1435,1139,1297,1767,151
226: 1494,870,182,262,1394,908,566,326,639
227: 1825,1484,672,1567,1803,248,1715,678,232
228: 599,1718,1071,756,1688,947,1720
229: 1446,215,1631,895,1921,677,1231,357,701,61,351
230: 1107,685,1571,1619,1516,1979,125
231: 128,303,1516,548,826,1211,1107,685
232: 1803,248,678,227,672,1567,1664,988,1702
233: 1640,1333,603,943,1285,1184,1097,1562,692
234: 221,1443,290,1645,1708,1860,1270,2013,309,593,247
235: 1543,791,1697,1944,1365,1338,1266
236: 797,167,912,738,325,1566,460,866
237: 1927,658,461,563,251,1955
238: 1815,67,169,1774,1992,478,319,47
239: 1262,590,901,1834,1471,859
240: 1565,433,245,874,996,1587,505,904
241: 978,934,1019,660,1375,773,166,1321,1916
242: 276,1371,280,1396,553,1104,1010,655
243: 273,1883,1744,880,103,122,1733,1369
244: 712,1310,1897,1475,1488,1482,615
245: 240,1565,874,1587,856,75,1857,1282
246: 1054,799,666,1545,114,645,1469
247: 671,629,1868,221,234,290,1645,1708,69
248: 914,1803,678,232,227,988,1702
249: 178,1510,823,1596,1330,1648,194,1755
250: 98,1502,765,528,479,853,1666,1360
251: 563,1241,237,1927
252: 2003,179,1987,1139,368,1388,1081
253: 1424,466,625,1954,733,389,119,1416,709,1150
254: 1185,772,411,125,295,1732,1571,864
255: 1446,1631,873,1188,1148,573,1924
256: 1507,1528,902,753,792,1385
257: 171,839,1591,1704,1159,1214
258: 601,53,1505,602,565
259: 1938,1894,867,79,795,1012
260: 499,790,1901,264,1339,397,1926,747
261: 385,1983,1924,1188,1344,555,1024
262: 1494,226,182,1326,388,639,889,1843,1632,811,1013,508
263: 1211,685,1571,772,864,1941,1302,1953
264: 589,2009,1339,1282,48,260,790
265: 1618,833,1255,1190,1264
266: 1786,1465,591,1578,684,321
267: 1550,269,745,636,675,386,899
268: 496,976,1936,1205,974,1319,1419,78,1229
269: 1550,700,745,267,636,773,731,166,386
270: 1809,1882,295,1362,1096,957,415,1238,314,411,125
271: 486,10,1036,1925,384,1939
272: 108,2017,1195,871,1298,101,389
273: 1070,1352,1883,452,1744,243,349,813
274: 1895,106,1723,970,1420,286,1982
275: 1200,1425,473,1948,855,2004,1243,1167
276: 242,1371,280,52,294,1559,1396
277: 916,878,927,598,831,938
278: 545,343,1366,782,815,2005,1798,1830,1990
279: 1911,815,525,1078,1963,545
280: 242,276,1371,52,294,1789,1962,1559,192,1886
281: 1098,1943,1558,1236,708,751,1542
282: 19,449,946,619,364,433,1977,904
283: 1029,1980,1852,344,560,1530,1000
284: 1724,947,816,1668,932,1584,1688
285: 1741,991,1545,1655,968,1054,1974
286: 1387,896,1881,1588,1420,1895,104,274
287: 307,549,1582,1753,1919,1147,1512
288: 406,1197,954,2012,174,550,726,1187,958
289: 407,524,369,1242,153,1495,1201,1496,482
290: 221,234,1443,1645,1623,1708,1270,629,247,69
291: 89,450,741,1250,115,316,109,836,705
292: 17,1521,673,915,1455,1085,1831,1119
293: 1931,894,1181,495,1101,442
294: 1887,1064,1789,1962,1041,1559,276,280
295: 1809,1882,270,314,1979,411,254,125
296: 1229,1898,496,1419,436,1734,1913,1109
297: 595,331,142,418,1932,1829,366,552,99,1355
298: 891,861,554,1184,1333,950
299: 1581,830,427,323,552,1113,930
300: 205,978,400,1375
301: 1198,443,2005,1447,1837,1830,1418
302: 1376,1478,1156,1781,696,26,1667,58,1421
303: 128,532,1828,231,1211,829,1005
304: 2020,1633,431,2014,1712,1527,1213,1179,1536
305: 1641,1182,174,1208,680,726,2012
306: 1470,583,1946,1055,115,316,665,836
307: 693,549,287,607,1773,897,1582,1155,1512
308: 416,1219,852,1721,674,737,1504
309: 112,351,931,593,948,1860,221,234,1443
310: 966,1509,1782,458,96,1611,881
311: 1687,1265,891,1689,1246,1407,861
312: 1132,30,1793,94
2020: 304,1633,431,1095,2014,600,1328,1536,1903
314: 415,1238,295,270,95,1669,1180,411
315: 1490,777,715,1262,590,704,1912,1838
316: 1055,115,583,306,291,89,836
317: 774,1089,1417,11,379,1897,527
318: 760,1965,840,451,223,150
319: 478,1079,1308,1992,238,1774
320: 41,578,1863,1196,561,750,1151
321: 1477,1923,1267,266,591,684,785
322: 1015,679,1099,484,1642,470,1738
323: 366,552,99,1113,1710,1726,930,1616,299
324: 1485,94,1832,30,812,213,1892
325: 738,707,1566,138,917,797,912,236,1413
326: 1347,1900,639,778,908,566,226,182,1394
327: 492,1951,856,522,544,996,1977
328: 581,1941,1302,535,1082,1198,608,1998,1447,616,155
329: 1891,102,1222,1990,965
330: 1704,1214,850,331,418,1649,584,1355,421
331: 595,297,418,330,366,99,1164,1355
332: 1408,834,1773,802,175,693
333: 163,1258,1429,1670,1554,758,1242
334: 401,1606,191,2008,349
335: 605,531,982,1131,447,944,627
336: 1849,1143,1263,1851,1791,214,1999,480,1522
337: 42,1896,1409,1770,762,1286,819,594
338: 1848,2,188,712,774,1089
339: 697,405,162,890,1984,1537,1709
340: 465,587,735,1230,1594,483
341: 889,1585,134,1689,1725,1013
342: 1723,989,1473,403,1531,135,1025
343: 278,545,847,1222,1366,815,1798,1990,102
344: 353,1785,559,560,1530,1000,283,462
345: 645,1469,1475,1488,200,2018,1192,114,1363,1310,981
346: 382,1899,919,654,1626,204,1635
347: 742,766,154,415,1384,485,1180
348: 727,1280,455,927,1378,831,784,938
349: 273,1070,452,334,2008
350: 135,1318,146,942,1909,456,1061
351: 112,309,931,873,357,948,229,215,1631
352: 1445,504,1950,1341,754,1379,1127
353: 559,344,1530,979,1274,471,824,1042,1671
354: 504,1950,1718,1358,1240,1603,1720
355: 1018,1846,1235,1088,866,828,1995
356: 1678,1345,1650,1540,1424,466,193,1736,1766
357: 677,1231,1525,701,1244,90,1922,948,617,229,215,351
358: 1579,879,1586,1062,402,888,643,1215,1871
359: 732,1295,511,1316,546
360: 1661,1350,949,1193,653,1145,394,1935,1945
361: 21,403,1978,1801,135,1115,1909
362: 516,189,1125,1401,1686,1200,1425
363: 505,1759,875,416,469,737
364: 619,1248,282,433,505,1759,904
365: 928,1381,1939,10,1314,1480,503
366: 323,552,99,1113,331,297,1710,1829
367: 1864,1218,1503,1127,1305,1336
368: 252,179,398,1987,178,1081,1796,180
369: 524,289,1242,1258,1199,487,419,482
370: 1404,63,1866,1651,1556,775
371: 703,961,1032,1820,1636,1735,611
372: 1361,842,86,1202,1320,54,1508,176,123
373: 1651,1594,1491,1556,1608,483,1303,1404
374: 1519,1750,1921,729,701,1659,1756,895
375: 36,919,382
376: 1361,842,1607,183,1210,1234
377: 436,1734,1913,592,1790,687,1703,1026
378: 1869,1342,2015,79,1482,1093,867
379: 11,1524,1822,724,1065,1417,317,816
380: 131,780,846,434,1047,990,1472,1256
381: 521,1620,1438,664
382: 1899,346,375,919,204
383: 1855,1578,631,659
384: 62,486,271,1925
385: 261,1983,557,1924,931,873
386: 1842,1577,899,1430,269,267,636,1783
387: 13,925,689,1295
388: 1494,262,1326,139,1632,811,1349,508
389: 101,1954,768,733,272,2017,253,119,709
390: 1969,515,1597,512,413,599,1168,1720
391: 1617,1030,409,1850,1141,1553
392: 517,1289,1552,1994,144,1422
393: 1268,1917,669,113,55,1453,1221,1606,191
394: 653,1145,1122,1091,1935,1398,1952,1698,586,1436,360
395: 1673,1309,1513,1313,640,1823,863
396: 1966,1244,1368,90,66,427,1814,755,869
397: 1610,1602,116,1926,1856,260,1901,533,903
398: 179,1987,1139,225,368,1297,180,1574
399: 185,1964,985,994,1495,655,1201,1496,1679
400: 997,1375,300,1916,541
401: 1960,334,695,1453,1221,1606
402: 1062,888,643,1120,1579,358,1215,1871
403: 361,21,1531,989,342,135,1318,1025
404: 85,1147,998,769,1753,810,626
405: 162,339,206,905,1537,1709
406: 288,1197,954,1584,726,756,1688,1696
407: 524,289,1242,758,1495,655,612,1201,1496
408: 9,1073,1894,2016,795
409: 391,1030,1850,1553,202,1500,1506,1818
410: 1315,1937,1650,1870,1846,1954,1424,466,625
411: 254,125,314,295,270,1732,1669
412: 1102,1840,744,203,1290,1728,907
413: 1724,947,1547,599,390,1969,1597
414: 57,1784,1167,793,49,157,1539
415: 154,957,1238,314,347,270,1180
416: 308,469,1219,363,674,737
417: 209,767,1771,1312,1719,906,443
418: 595,1383,331,297,1649,330,1704,1214,850,1355
419: 19,449,482,524,369,487,946
2006: 783,136,972,1602,82,127,1203
421: 584,1851,330,1653,171,1143,1263
422: 911,463,1276,1300,440,1259,1845
423: 1023,1726,1228,1220,1601,1050
424: 75,1457,1048,1282,517,1339,720,1610,116,1926
425: 1611,804,728,1782,699,133
426: 1014,580,648,1292,1989,16
427: 299,830,930,66,396,1368,1814,869
428: 735,1230,176,1942,1763,567,667
429: 1316,76,546,526,1973,1590
430: 1952,854,1546,1581,830,1398,1091
431: 2020,304,1633,1518,1095,2014,1629,190,1179
2013: 1868,1254,1945,1935,1350,1270,234,1708
433: 240,874,996,1977,449,282,364,904
434: 1301,1047,990,1472,1256,473,780,380,846
435: 1414,203,1549,1855,1456,659,1840
436: 1734,1913,377,496,1419,1898,296,1051,1109
437: 56,695,1453,613,808,596,571
438: 1681,1028,1844,1436,841,1698
439: 1348,757,959,654,212,1440
440: 1004,25,1058,105,422,463,1259
441: 1735,1792,827,611,1890,491,537,1383,142,1649,588,1214
442: 1019,20,293,894,1101,1706
443: 301,1198,2005,209,417,1719,906
444: 1481,923,454,164,717,975
445: 1938,867,1573,892,1342,2015,1807
446: 61,1756,1867,1659,1978,1370
447: 199,1204,944,777,335,531
448: 509,1137,1853,1189,1670,1554,1049
449: 19,282,419,482,544,487,433,996,1977
450: 291,89,741,1684,1962,1886
451: 1775,1467,217,840,1233,1965,318,223
452: 273,1070,1352,1883,349,1114,2008,813
453: 835,1387,896,1415,1881,1134,821,2000
454: 1481,444,164
455: 727,107,1280,348,927,1378,937,938,1452
456: 1434,1061,1982,970,350,135,1318,1025
457: 1612,520,555,1207,1188,1344,573,1177
458: 748,966,1509,310,126,1464,96,881
459: 489,983,627,2002,1613,605,1131,1727
460: 1088,1063,866,1593,738,1566,1008,167,236
461: 237,658,563,591,1955,1267
462: 1839,849,124,945,1785,344,560
463: 422,911,1300,25,440,1058,1126
464: 1638,877,78,543,887,110,497,1586
465: 963,1705,340,587,1303,1594,1556,483
466: 1424,253,625,410,1315,1650,356,193,1766
467: 1806,43,1538,477,219,1533
468: 1011,1168,1603,512,156,883,1100
469: 416,1219,1248,1306,1747,1759,363
470: 93,1717,1738,322,652,1099,1154,921
471: 1106,551,824,979,1154,353,1042
472: 1687,891,83,606,603,950,1889
473: 275,1399,1200,2004,434,1243,990,1472,1167
2012: 288,1197,1182,305,174,680,726
475: 70,1066,637,1389,1172,1067,201,1077,1189,1853
476: 1149,760,1386,1648,1906,951,749,823
477: 577,1538,467,1004,536,1533
478: 1694,1278,1079,319,47,1308,238
479: 604,1374,853,1500,202,1888,250,765
480: 1999,841,1522,336,1251,1918,956,628
481: 980,1268,1917,113,55
482: 19,449,419,524,289,369,153,946
483: 1651,1594,373,1556,465,1705,340,1303,1404
484: 1162,1492,1642,1299,322,1015,679,1738
485: 1384,1283,1353,347,2001,95,1180
486: 10,1036,271,384
487: 1199,544,369,449,419
488: 1779,690,223,668,1467,840,220,1346
489: 983,1140,459,2002,1615,1825,1484,44
490: 187,1526,1614,1431,1617,1850,1003
491: 574,986,534,537,441,1792,1159,1214
492: 1356,1951,327,1130,675,522,899,1430
493: 210,863,1419,592,496,1936,1913
494: 564,1440,1626,1635,14,126,817,748,1509
495: 293,1181,1101,29,1137,1400
496: 268,976,1936,1319,1419,493,1229,296,436,1913
497: 879,1586,543,1638,464,770,1875,952,110
498: 608,858,1998,1447,616,1418,1108
499: 260,790,1901,1377,747,1016,903,120,1489
500: 1760,1881,1988,1588,647,687,1745
501: 506,1932,999,195,562,955,1890,187,142,588
502: 937,1991,1452,764,1087,683,1239
503: 1480,1961,10,1314,513,1381,365
504: 1445,352,1950,354,1011,1603,883,1209
505: 1759,363,904,875,364,240,1587,589
506: 501,999,195,562,187,1526
507: 1285,1437,1184,897,607,1582,1155,1097
508: 1677,1349,1392,262,1326,388,139,1768,1632
509: 1137,448,1400,1670,1080,1714,163
510: 1885,1965,898,59,851,760,1386
511: 721,820,13,359,1295,546
512: 390,1969,1992,515,468,1168,1815,156
513: 1743,1314,1186,1961,503
514: 1949,865,594,762,1286
515: 390,987,1969,1992,512,1815,1774,156
516: 362,1908,189,1125,1709,1984
517: 1289,392,1552,1457,424,1048,1422,783,720,116
518: 1762,1057,1117,1163,1269,1692,1105,663,1555,1450
519: 35,1034,1976,1479,1574,650,871,1307
520: 1975,457,1612,555,1752,1096,957
521: 1438,995,1507,902,381,664
522: 1441,1199,544,745,675,899,492,1951,327
523: 1076,713,38,1580,1739,1257,1460
524: 407,289,369,1242,153,1496,419,482,946
525: 1078,1213,1536,1911,279,1903
526: 632,1973,732,429,1316
527: 1310,1897,1893,781,920,11,317
528: 250,98,1888,853,137,1682,1731,208,1666
529: 1281,1748,1060,1712,1170,960,143
530: 1080,1714,1905,660,1550,1628,700
531: 32,335,982,1912,1052,777,447
532: 303,1828,65,661,1005,1873
533: 12,168,1580,1610,397,1856,1901,903
534: 574,491,1427,80,1087,1792,827
535: 581,1941,328,1302,1953,829,1160,1005
536: 1004,25,1542,577,477,1690,1098
537: 491,441,1792,1383,1649,588,1214,850
538: 979,1154,1274,565,1967,652,824
539: 1600,39,1322,779,585,1074,1644,622
540: 159,82,1794,688,1569,1662,1287,1031
541: 1934,579,400,997,731,1916,129
542: 786,1012,79,1788,1093,1707
543: 1323,1121,887,877,464,952,110,497
544: 1199,522,487,449,327,996,1977
545: 278,343,847,1366,815,279,1765,1963,1406
546: 1165,429,1316,76,359,721,511
547: 770,682,1875,952,110,1121,575,1854,1761
548: 826,1166,1516,1674,1107,128,231
549: 693,307,287,185,1964,994,1753,1147
550: 1534,1871,174,680,1215,288,1187,958
551: 1106,1652,471,921,824,979,1154,93
552: 366,323,99,1164,1113,297,1710,299
553: 845,1049,1001,1396,242,1010,612
554: 1841,861,2007,298,1437,1184,1333
555: 457,520,1344,573,261,1024,1752
556: 738,707,1772,646,1647,1737,1332
557: 385,1983,931,593,1623,1269,148
558: 1687,1265,891,1843,1349,1772,1392,83,606
559: 353,1785,344,560,1530,1042,1671
560: 1785,559,344,283,1852,1839,462,945
561: 614,750,1226,320,1196,1279,1169,1151
562: 141,955,1636,1033,195,1271,876,1890,1526,506,501
563: 251,1465,591,237,461
564: 111,212,494,1440,843,817,748
565: 538,1274,1505,258,1967
566: 1102,744,778,908,1347,326,639,226,1394
567: 667,51,1251,428,1942,862,1337
568: 1209,1864,1385,158,1528,1305,1770
569: 980,1729,1373,620
570: 671,629,1432,1868,1471,859,1933
571: 437,1453,1268,669
2000: 649,1749,1134,835,1387,453,696,147
573: 1188,1148,1344,255,1207,197,457,555
574: 986,534,491,80,1087,1792,1239
575: 953,1325,1854,1761,1461,1639,547,952
576: 59,992,117,851,133,951,1386
577: 1538,477,1691,172,1690,536
578: 320,41,1863,1968,686,92,1902,750
579: 1783,1934,803,541,731,636
580: 426,648,1354,1016,1035,16,1812,1323
581: 328,1302,535,1160,1998,616,1971
582: 1976,1872,31,1084,917,184,1479,650
583: 1470,1520,1981,1946,306,316,665,109,836
584: 1355,1958,1851,421,330,1164
585: 1322,779,1390,1046,1074,638,539,1600
586: 1814,755,1193,1398,1145,1091,394
587: 465,963,340,1607,1210,735,971,1230
588: 595,1383,142,1649,441,611,1890,537,501
589: 264,2009,1339,1587,505,875,1282
590: 1262,901,239,1126,1300,704,315
591: 1465,266,563,684,461,321,1267
592: 210,1419,493,1790,1261,1734,1913,377,1026
593: 112,309,931,221,234,1443,1645,1623,557
594: 1949,514,865,337,1409,1372,1492,1642,1286
595: 1383,331,297,142,418,1649,588,850
596: 613,6,808,437
597: 1949,1487,865,1642,1717,1738
598: 277,916,878,1224,1590,1039
599: 228,1688,413,947,390,1168,1720
600: 1771,1328,1312,2020,1095,1536,1903
601: 258,53,1713,641,1090,602,746
602: 1658,1171,1505,140,746,601,258
603: 1640,1333,950,943,233,472,1928,1088,1889,1063,1562,1018
604: 479,1374,853,1500,1656,202
605: 32,335,982,1131,40,1613,459
606: 1332,83,1593,1687,558,472,1889,1063
607: 307,1408,1773,897,507,1582,1155
608: 858,1998,1447,498,616,328,1971,1529
609: 48,1426,674,832,1504,1989,1035,16
610: 1693,1879,1110,1423,698,1175
611: 1735,441,1890,371,955,1636,588
612: 1010,655,1201,845,1554,758,553,407
613: 1136,6,743,798,808,596,437
614: 561,750,1226,657,1968,1334,1433
615: 1788,1482,1093,712,244
616: 608,1998,498,581,328,1971,1529
617: 207,948,1244,755,1922,357,1525
618: 1831,781,68,1119,1191,857,17,673,200,196
619: 946,706,1248,364,19,282
620: 1618,833,968,1729,1373,1311,569
621: 797,1008,167,1298,1413,101
622: 1644,71,1322,1589,539,39
623: 1906,699,133,951,749,752,1780
624: 27,1027,1216,183,1234
625: 1424,466,253,1954,733,410
626: 1306,1468,1747,818,85,404,810
627: 983,1140,459,335,1131,944,1787
628: 956,751,722,862,51,940,1251,480
629: 671,1432,570,247,290,1645,69,1105,1711
630: 1765,1406,60,1852,1839,1499,945
631: 1578,1910,659,684,383
632: 526,1973,916
633: 1338,33,1266,1517,818,1697,852,848,1178
634: 1803,1715,678,37,1742
635: 7,766,1434,1061,1947,1384,1142
636: 269,267,773,731,1783,579,386
637: 70,475,1172,1778,29,1137,1853
638: 1074,1103,1769,161,1390,585
639: 1347,1900,326,566,1494,226,182,262,889
640: 1823,1861,395,976,1936,863
641: 960,838,1090,644,718,1713,601,53
642: 1327,1837,1194,1798,1830,1990,965
643: 1062,402,888,1120,1541,1898,1579,358,1751,1109,1871
644: 960,641,1090,718
645: 1469,345,200,2018,1192,114,246,981
646: 1677,1349,1772,1647,1737,1332,556
647: 1760,1881,500,1988,1588,34,687,1703,1051
648: 1014,426,580,16,822,1323,887
649: 1667,1390,1046,1749,2000,835,696,147
650: 1479,1574,1976,582,1872,1084,1307,519
651: 1532,1563,1758,1564
652: 1967,679,1099,1154,538,470,1738,921,824
653: 1145,394,1935,1681,1436,1350,360,1945
654: 959,439,1899,346,1635,1440
655: 1495,1104,1010,612,1201,242,1964,985,399,407
656: 1335,1664,65,1116,1567,1828
657: 1059,1819,1968,730,1291,1433,614
658: 237,1423,1970,1927,461,1955
659: 631,1910,383,1855,1414,435
660: 934,1019,20,241,1714,530,773,166,1321,700
661: 1160,1123,1005,532,1865,1873
662: 1187,22,1676,958,1781,1449,26,1421,1696
663: 1105,1412,1692,518,1163,1555,1727,1450
664: 521,1507,381
665: 1055,1693,1110,1800,1175,583,1981,1946,306
666: 1054,799,246,1469,1245,1637,1622
667: 567,51,940,735,428,1594,1608
668: 1467,217,761,840,905,220,488,1346
669: 1268,113,393,571,1453,1221
2018: 200,1192,196,149,114,1363,68,645,345
671: 629,1432,570,247,1868,1471,1708
672: 1825,1484,227,1567,44,678,232,1664,1702
673: 17,292,1521,915,1191,857,1831,68,618,1119
674: 1426,737,609,308,416,1721,1504
675: 1550,1628,745,267,1441,522,899,1430,492
676: 1716,1223,1548,1877,1513,1313,1272
677: 1231,357,1525,701,1493,1244,90,1519,736,1921,229
678: 914,1803,248,1715,634,232,1484,227,672,1702
679: 322,1967,1015,652,1099,1658,1505,484,1738
680: 174,1208,1215,879,305,550,2012
681: 1067,1604,1683,1066
682: 547,770,1875,1761,1641,1654,1208
683: 924,1202,1239,937,502,1452
684: 1578,631,1910,266,591,1477,321,785
685: 1211,1107,263,230,1571,772,231,1953
686: 1059,1968,1811,92,1902,750,41,578
687: 34,1703,1734,377,1051,18,1745,500,1988,647
688: 12,38,1569,168,1580,1856,540,1794,1203,1031,713
689: 387,925,1908
690: 1779,1357,488,223,150,194,1648,1746
691: 74,739,1700,1915,1157,1985
692: 1562,1068,828,837,1640,943,233,1393,1097,1018
693: 307,549,802,175,152,332,1773,994
694: 193,1324,1736,1766,1424,1150,1731
695: 437,56,1453,1221,808,401,1960
696: 26,147,649,1667,2000,1156,302
697: 162,339,1403,890
698: 788,1175,962,807,1110,610
699: 623,133,804,425,1083,752,1780
700: 1550,269,660,530,773,166,1321
701: 677,1231,357,1519,374,736,1921,1756,229,895
702: 1506,1818,1500,1003,1174,765,1757,1700
703: 157,961,1539,371,1032,1820
704: 911,1300,1262,590,1126,1490,715,315
705: 109,836,1972,291,741,1250
706: 946,619,1248,810,998,1306
707: 738,325,556,138,1737
708: 1943,281,1558,1236,1028,1844,1599
709: 119,1416,733,389,108,2017,253
710: 1328,1312,1732,964,1185,767
711: 1699,1247,1721,848,832,91
712: 1310,244,1897,1089,615,338
713: 1076,1031,1153,523,38,688,1569,1662,218
714: 1944,1072,1365,87,1068,837,1514,1937,1540
715: 1490,1904,1152,315,911,1276,704,1802,222
716: 1609,1790,1261,64,1212,800,210,1561,1810,1026
717: 1041,1826,975,923,444,121,1887
718: 960,641,1090,644,143,1600,39,984,1364
719: 186,1032,1820,1118,1930,1701,1271,876,141
720: 1422,783,517,424,1048,1610,1602,116
721: 1948,511,820,913,1165,546
722: 956,751,628,940,967,172,1690
723: 1141,151,1297,35,97,1030
724: 1524,379,1822,1959,1065,801,1668,885,932,816
725: 1439,1217,1485,1832,1892,1092,1884,1630
726: 1668,885,932,1182,305,174,406,288,1197,1584,2012
727: 107,935,1280,348,455,1378,784
728: 1621,1611,804,425,881,81,1768
729: 929,1907,145,1382,1519,1750,374,1659
730: 909,1532,1291,657,1458,1433
731: 773,166,1321,1916,269,636,579,541
732: 359,1295,1316,526
733: 101,1954,768,389,2017,253,625,1416,709
734: 826,1575,1166,1135,1117,1555,936,1627,1615,993
735: 1230,428,176,340,587,667,1594
736: 1519,1750,1921,1493,90,677,1231,701
737: 48,1426,674,363,875,308,416,2009
738: 707,325,556,1566,1737,1332,1593,460,912,236
739: 805,74,691,1228,1174,1700,1050
740: 91,1296,1247,1929,1861,974
741: 291,450,1250,1962,705,802,1359,1886
742: 347,7,766,1486,942,1975,154,1384
743: 613,1136,868,1334,1226,1169,798
744: 1102,412,1840,566,907,870,1394,1523
745: 1550,1628,269,267,675,1441,522,899
746: 602,140,1713,1557,1090,601
747: 1377,1354,1016,1035,2009,48,260,499,790
748: 817,966,1509,458,14,111,494,564,1440,126
749: 1906,623,951,476,1386,1777,752,823,1596
750: 614,561,1226,1968,686,320,578
751: 1918,956,722,628,1690,1098,281,1558
752: 1777,763,1780,1906,623,699,749,1596
753: 256,1507,1528,1896,1770,819
754: 170,796,352,1341,1218,1824,1127
755: 1814,586,1193,869,1922,396,1244,1525,207,617,949
756: 228,1071,1688,406,954,1584,1696
757: 1643,1348,959,439,1665,1880
758: 845,1554,612,1201,1258,333,407,1242
759: 67,169,1111,995,1402,902,792
760: 318,476,1386,851,1965,510,1906
761: 668,1775,1467,217,900,206,905
762: 1286,819,337,514
763: 1777,752,1780,184,1737,138,1872
764: 1462,969,1087,1039,1991,502
765: 250,1502,479,853,1500,702,1757
766: 742,347,7,635,154,1384,1142
767: 209,1273,417,710,1771,1312,906
768: 101,1954,1995,733,389,1008,1846
769: 1496,998,1679,1753,185,1964,153,1147,404,946,810
770: 547,682,1875,952,110,497,879
771: 1205,822,1037,974,1319,1296,1014,887,877,1161
772: 1185,254,125,1979,263,685,1571,864
773: 731,166,1321,1916,660,241,269,700,636
774: 1089,1417,317,816,1547,338,188
775: 1806,43,370,63
776: 894,205,1706
777: 1490,1904,1152,315,1912,531,199,447
778: 922,1859,908,1102,1840,566,326,1394
779: 1322,1680,585,104,1390,1046,2021,539
780: 131,1340,380,1646,1399,434,1472
781: 1893,1363,1831,68,618,1119,920,200,527
782: 1911,815,1719,2005,278,1798,1830
783: 1422,2006,136,720,517,1602,1203
784: 1442,1378,727,935,348
785: 922,1859,1910,684,1477,321
786: 542,2016,795,1012,79,88,1694,1707
787: 72,1128,1237,1428
788: 698,962,807,1477,1923,1367,1754
789: 903,1739,120,1146,1489,1257,1639
790: 260,499,264,2009,1339,48,747
791: 1543,235,1697,1365,1540,1685,1678
792: 256,902,759,1385,1483,1111,995
793: 1224,1206,57,414,49,1462
794: 1132,1241,30,1970,1927,812
795: 786,2016,1012,1894,259,1073,408
796: 170,754,1722,1797,1920,1341
797: 1008,167,621,912,236,325,917,1298,1413
798: 1279,1169,808,1405,613,1136,743
799: 1054,1190,1974,246,666,1245,1637
800: 165,1021,1293,716,1609,1561,1476,1810
801: 1641,1654,1182,1043,1822,724,1959,885
802: 175,1359,152,741,1250,332,834,693
803: 1551,1783,1934,579,884,1819,1572,1811
804: 1621,1611,425,728,699,1083
805: 74,739,1228,216,1050,1038
806: 1474,1134,1534,1672,958,1449,147
807: 698,788,1175,962,1568,1754,1981
808: 798,1405,613,596,437,56,695
809: 1288,910,145,1157,1382,1985
810: 946,706,1248,998,769,85,1147,404,626,1306,1468
811: 1843,1632,1246,1013,182,262,388,889
812: 1879,213,1892,794,30,1970,1927,324
813: 991,1733,1114,273,1352,1883,452,1560
814: 1108,1327,1194
815: 1911,782,1719,279,278,545,343,1366
816: 284,1724,1547,379,724,1065,1668,774,1417
817: 748,1232,966,1509,111,494,564,1410
818: 626,1468,1747,1515,1338,33,633,1517,1219
819: 762,753,337,1896
820: 1948,721,511,913,855,13,973
821: 1474,1134,18,1415,1745,1881,1988,835,896,453
822: 1205,771,1037,1014,648,887,1161
823: 249,1510,1596,1330,1906,749,476,1149,1648,194
824: 1106,1652,551,471,921,652,979,1154,538,353
825: 1324,1736,1766,1448,1716,1223,1548
826: 130,734,548,1575,1166,1674,128,1828,231,1116
827: 1735,441,1792,1427,961,80,534
828: 1562,692,1068,837,1640,355,1018,1235
829: 535,1953,1211,303,1160,1005
830: 1581,299,427,1398,430,1814
831: 1442,1378,277,927,348
832: 1292,1504,1989,1721,848,711,609,91
833: 1618,620,265,968,1255,1373,1655,1974
834: 1595,1408,332,1250,1972,802
835: 1387,896,453,1134,821,104,649,1749,2000
836: 109,705,316,583,1520,306,291
837: 692,1068,828,1235,714,87,1937
838: 960,641,1281,53,1020,1459
839: 54,1653,171,1763,1591,257,176,1942
840: 668,1467,217,451,1965,318,488,223,150
841: 1999,1698,480,1918,956,1028,438
842: 1361,376,86,372,1027,107,1280,1234
843: 1878,977,1876,111,212,564,1410
2023: 0
845: 1554,1049,758,553,1001,1010,612,1201
846: 131,1660,380,1592,434,1256,1930
847: 545,343,1222,1366,1406,1499,1891,102
848: 852,1721,633,1699,1178,711,832
849: 1839,462,124,945,1858
850: 330,1704,1214,537,595,1383,418,1649
851: 59,576,898,510,1906,951,760,1386
852: 1721,848,633,1517,308,1219
853: 479,604,1374,1888,137,250,98,765,528
854: 1952,430,1847,1546,1791,1581,214
855: 1948,820,2004,973,275,1200,1425
856: 1356,1951,327,1124,1565,245,874,996,1977,1289,1552,1857
857: 1191,103,122,17,673,196,68,618
858: 608,498,1529,1108
859: 1933,1838,1834,1471,1262,239,570
860: 1257,1183,1460,1521,915,1002,1455
861: 1407,1841,554,311,891,298
862: 1849,1337,567,51,1251,1522,628
863: 210,493,640,1823,395,1309,1936
864: 1273,1185,772,254,263,1571,1941
865: 1949,514,1487,597,594,1492,1642,1286
866: 1088,1063,460,1008,167,236,355,1995
867: 1938,1894,445,259,378,1342,79,1093,1012
868: 1458,1334,1226,1136,743
869: 1814,755,1922,427,1966,396,1244,1368,90,1525
870: 1494,226,1326,1394,744,139,1523
871: 1307,1298,1413,1976,1034,519,272,1195
2007: 1841,554,1397,1595,1437,1184
873: 112,351,931,1446,1631,255,1188,385,1924
874: 240,1565,433,245,996,1977,856,904
875: 505,363,1587,589,2009,737
876: 1033,195,1701,2019,1271,1118,1940,719,1820,141,562
877: 1638,464,78,1161,771,1319,543,887
878: 277,927,598,1039,1991,938
879: 497,1579,1586,358,770,1875,1208,680,1215
880: 103,1827,1056,1227,1744,243
881: 1611,728,96,310,458,1523,81
2008: 1606,1114,191,334,452,349
883: 1385,1483,1100,158,1011,468,504,1209
884: 1783,803,1842,1463,1572,1811,92,1044
885: 726,1668,932,801,1182,724,1065
886: 1045,1277,1874,199,1204
887: 1323,543,1014,648,771,822,877,464,1161
888: 1062,402,643,1120,1638,1541,1898,1579,358
889: 1585,341,1689,1900,639,182,262,811,1013
890: 1984,697,339
891: 1687,311,1265,558,472,298,861,950
892: 1573,1007,1395,1957,1637,1342,2015,1807,445
893: 1570,1867,1576,1808,21,1531,1978
894: 293,1931,776,1706,442
895: 1446,229,1519,374,1921,1231,701,61,1756
896: 286,835,1387,453,1881,1588,1420,821,1895,104,1749
897: 1595,1408,1773,1285,1437,507,307,607,1155
898: 1885,510,24,1249,59,992,851
899: 1577,386,1430,745,267,675,522,492
900: 1480,1961,206,1775,217,761
901: 1262,590,239,1126,1236,1058,1834
902: 256,1507,792,759,521,1438,995
903: 789,1739,120,397,499,1901,533,168,1580
904: 505,1759,282,364,240,433,874,1587
905: 28,220,1537,206,405,668,761
906: 1911,1719,1903,1771,1312,767,417,443
907: 1728,1464,96,412,744,1523
908: 922,1859,778,1367,1102,566,1347,326,226
909: 1532,730,1458
910: 1288,809,145,1157,1382,1997,73,1252,1907,1009
911: 422,463,1276,1300,704,715
912: 797,167,236,738,325,917,1413
913: 1948,721,820,2004,1165,57,1784
914: 1803,248,678,988
915: 17,292,1521,673,1002,860,1191
916: 277,598,632,1973,1590
917: 1976,582,1872,31,325,797,912,1307,1413
918: 988,1702,1335,1391
919: 36,375,1456,382,346,1549,204
920: 1893,1831,781,1119,11,1524,527
921: 1652,551,824,652,1099,1154,93,1717,470
922: 1859,778,785,908,1367,1477,1347
923: 1481,1675,444,121,84,717,975
924: 683,1202,1320,1239,986,1159,1591
925: 13,387,973,689,1908,189
926: 1813,1996,1040,159,1960
927: 277,878,1378,831,938,348,455
928: 1381,365,1249,1133,1939,1583
929: 729,1907,1009,1021,1476,1570,1867,1659
930: 66,1616,1726,323,299,427
931: 112,309,351,873,593,1623,385,557
932: 726,1668,885,724,1197,1584,284,1688
933: 989,1808,1473,1212,1284,34,1026,1531
934: 978,1019,20,660,241,1375,166,1321
935: 727,1027,107,1280,784,27
936: 1555,1627,1450,1615,1762,1117,993,734,1575,1166,1135
937: 1991,938,502,1452,1280,455,683
938: 937,1991,277,878,927,348,455
939: 1620,1438,995,1402,47,67,72,1128,1862
940: 667,51,1608,722,628,967,172
941: 1407,1841,1470,1520,134,1725,109,1397
942: 146,1486,1177,1909,350,1061,742,7
943: 1640,1333,603,950,233,1285,1928,1562,692,1018
944: 447,1204,335,1131,627,1787,1351
945: 1839,849,1499,462,630,1852,560
946: 706,619,810,524,153,998,769,19,282,419,482
947: 284,1724,413,228,599,1688
948: 207,617,357,215,112,309,351
949: 1661,1350,1860,360,755,1193,1145,207
950: 1333,603,943,891,472,298,1184,1889
951: 1906,623,133,749,576,851,476,1386
952: 547,770,110,1461,1121,543,575,1854,497
953: 1325,575,1761,1183,1639,1455
954: 406,288,1197,1187,1071,756,1696
955: 141,562,1636,611,1890,501
956: 1918,751,722,628,1251,841,480,1522
957: 1096,154,415,1238,1486,1975,520,270
958: 1187,662,1781,1449,1534,550,806,288
959: 1643,1348,757,654,439,1899,1665
960: 641,838,1090,644,718,143,1281,529
961: 703,157,1427,371,1735,827
962: 698,788,807
963: 465,1705,587,77,1210
964: 2001,1732,95,1669,1095,710,1328,1312
965: 1222,1327,642,1990,329
966: 817,748,1232,1509,310,1782,458,117
967: 1956,1691,172,940,1491,1608,722
968: 833,620,1255,1373,1655,285,1054,1190,1974
969: 764,80,1462,1087,49,1427
970: 1723,1420,1318,1025,274,456,1982
971: 1230,1607,587
972: 1863,1196,1817,2006,136,1996,127
973: 13,925,189,1425,820,855
974: 1205,771,1037,740,1296,1929,1861,268,976
975: 717,1041,1826,923,444,121,132,164
976: 268,496,1936,640,1823,1861,1205,974,1319
977: 843,1876,1348,1880,62,212
978: 934,1019,241,205,300,1706,1375
979: 1154,538,1274,353,1530,551,471,824
980: 481,1917,1173,1729,569
981: 1310,200,1192,1893,1363,645,1469,345,1488
982: 32,605,335,531,1052,40
983: 489,1140,627,459,2002,1131,1787
984: 1600,1074,1103,1364,1090,718
985: 1964,994,399,192,152,1104,655
986: 574,491,924,1239,1159,1214
987: 1969,1992,515,1597,1308,2,188
988: 918,1702,914,248,232
989: 933,1808,1473,1284,34,403,1531,1723,342,1025
990: 1301,434,1047,1243,1472,1256,1167,473,380
991: 285,1741,1733,813,1369,1545,1655
992: 1410,59,117,576,1878,24,1232,898
993: 1619,224,1674,1117,1835,936,734,1166,1135
994: 185,1964,985,399,175,152,693,549
995: 521,939,1438,1402,67,759,902,792
996: 240,1565,433,874,1977,544,449,1951,327,856,1124
997: 400,1916,1176,129,541
998: 1496,769,1753,153,404,946,706,810
999: 506,1932,501,187,1601,1023,1829
1000: 344,1530,283,1980,1274
1001: 1053,1189,1396,845,1049,553
1002: 17,1521,915,1076,860,1257,1460,1191,1827
1003: 1228,1220,1601,1174,1850,490,1614,702,1506
1004: 25,536,440,477,1533,105
1005: 661,1160,1123,532,303,535,829,1873
1006: 1322,1680,106,1434,1982,1589,1947
1007: 1573,1395,1957,1245,1637,892,2015
1008: 797,167,621,460,866,1298,101,1995,768
1009: 929,1907,73,1331,910,1382,165,1021
1010: 1104,655,612,1201,1396,242,1371,845,553
1011: 468,1603,1445,504,883,1100,1209
1012: 542,786,2016,795,79,867,259
1013: 1246,811,182,262,889,341,1689
1014: 426,648,1292,1989,1296,771,822,1037,887
1015: 322,679,1299,1658,1171,484,1162
1016: 1377,1354,747,1035,16,48,499,580
1017: 1985,1493,1380,145,198,1750
1018: 355,1235,1640,603,943,1928,1088,1063,1562,692,828
1019: 978,934,20,442,660,241,1101,1706
1020: 1029,1980,1459,838,1281,53
1021: 165,800,929,1907,1009,1561,1476
1022: 1699,1178,1304,1543,1697,1685
1023: 1710,1829,1726,423,999,1220,1601
1024: 1752,261,1983,555,1821
1025: 135,1318,989,403,1723,970,342,456
1026: 34,1703,592,716,1790,1261,1212,377,933
1027: 107,935,624,27,842,183,1234
1028: 1681,438,1844,841,1918,1558,708
1029: 1020,283,1980,1459,1605,60,1852
1030: 391,1617,409,97,723,1141,151,1553,1764
1031: 1153,713,1227,540,38,688,1569,1662,218
1032: 1816,186,719,1820,1047,703,1539,371
1033: 1431,195,1701,2019,1271,876,1118,1940,141,562,1526
1034: 35,519,97,871,1307,1195,1764
1035: 747,1016,16,48,1426,609,1989,580
1036: 486,10,271,1743,1314
1037: 1205,771,822,974,1292,1296,1014,1161
1038: 1985,1493,1380,805,74,66,216,1368,198
1039: 1224,878,598,764,1462,1991
1040: 1813,1151,1996,926,1196,1279
1041: 717,1826,975,1887,294,1559,1805
1042: 1671,353,559,1106,471
1043: 1455,1085,1761,801,1654,1959
1044: 92,1902,1144,884,1842,1577,1463,1572,1811
1045: 886,1204,1351
1046: 649,1390,1749,2021,779,585
1047: 1301,434,990,1256,1167,380,1930,1816,186,1032,1539
1048: 75,1457,424,517,1552,720,1602,116
1049: 1670,845,1554,553,1001,1189,448,1853
1050: 66,216,1616,1228,1726,423,805,739
1051: 18,1415,1745,1109,436,1734,687,1120,1988,647
1052: 1912,1933,1838,32,531,982
1053: 201,1077,1001,1559,1189,1396,1805
1054: 1190,1974,799,246,666,285,1545,968
1055: 1884,115,316,665,1110,1800,1092,306
1056: 118,218,1153,1227,1070,1744,880
1057: 1762,518,1835,1163,1821,1269,1544
1058: 25,440,1542,1236,901,1126,463,1300
1059: 657,1819,1968,1572,686,1811,92
1060: 529,1748,1712,1170,1527,1179
1061: 1434,456,350,942,7,635
1062: 402,888,643,1120,358,1751,1534,1871,1672
1063: 1928,1088,1889,460,866,606,1593,1640,603,1018
1064: 1887,1684,294,1789,45,1962,1535
1065: 379,1822,724,1668,885,1417,816
1066: 475,1389,1172,681,1067,1683,1778
1067: 132,164,681,1066,475,1389,1077
1068: 692,828,837,1393,1514,1072,714
1069: 1582,1393,1155,1512,1294,1514
1070: 273,452,1744,349,118,1056
1071: 228,1718,756,1688,954,1634,1358,1240,1696,1720
1072: 1944,714,1393,1068,15,1514
1073: 9,1428,408,2016,795,88,1237
1074: 1103,638,1390,585,539,1600,984
1075: 163,1258,1429,1836,1905,1628,1441,1199
1076: 1153,713,1227,523,1460,1191,1827,1002
1077: 1053,201,1805,1067,132,1826,475,1389
1078: 1527,525,1213,279,1765,1963,1454
1079: 478,1694,319,1707,1308,1848
1080: 1714,530,1905,509,1400,1670,163
1081: 1388,1755,178,1330,252,179,368
1082: 209,1273,1941,328,1302,1198,1998,155
1083: 1647,1737,1621,804,699,1780
1084: 1976,582,1872,184,1624,1479,1796,650
1085: 1043,1455,292,1119,1524,1959
2004: 1948,913,855,275,473,1243,1167,1784
1087: 764,80,969,1991,502,574,534,1239
1088: 1928,1063,460,866,1640,603,355,1018,1995
1089: 774,1417,317,712,1897,338,188
1090: 960,641,644,718,984,1364,1713,746,601
1091: 1145,1122,394,1398,1952,430,1698,586
1092: 1693,213,1892,1800,1485,725,1055,1884
1093: 79,1788,1482,615,378,867,542
1998: 608,1447,498,616,155,1082,581,328,1198
1095: 2020,1633,431,1283,2001,964,600,1328
1096: 957,1238,1975,520,1752,1809,1362,270
1097: 1393,1155,1285,507,233,692
1098: 281,1558,751,1690,536,1542
1099: 322,1967,652,679,1154,1717,470,1738,921
1100: 1483,156,1111,883,158,1011,468,1815
1101: 293,495,1400,1019,20,442,1714
1102: 412,1840,744,566,1859,778,908,1394
1103: 1074,638,1769,161,1225,984,1444,1364
1104: 1010,655,242,1371,192,152,985
1105: 1711,1412,663,629,1692,148,69,518,1450
1106: 1652,551,471,824,1042
1107: 1211,230,685,1571,1619,1516,548,231
1108: 814,858,498,1194,1418
1109: 1751,1051,18,1898,296,436,1734,643,1120
1110: 1693,1879,1800,610,698,1175,1055,665
1111: 1483,156,1100,1815,759,169,792
1112: 1874,1802,222,1986
1113: 366,323,552,99,1164,1958,1581,299,1546
1114: 191,2008,1498,1352,452,1560,813
1115: 146,1177,1909,361,1801,1207
1116: 656,1664,130,826,1567,128,1828
1117: 1762,518,1835,1555,936,1627,993,734,1135
1118: 1317,1930,1940,719,1033,1701,2019,1271,876,141
1119: 1831,781,618,920,292,673,1085,1524
1120: 1062,402,888,643,1898,1751,1051,18,1415,1109
1121: 1323,543,1461,1812,1854,547,952,110
1122: 1091,394,1952,1847,1698,1436
1123: 661,1160,1005,1865,1971
1124: 1356,1951,856,1565,996,1289,1552,1857
1125: 516,362,1709,28,1537,1401,1686
1126: 590,901,1236,1058,463,1300,704
1127: 1218,1833,1824,1445,352,1341,170,754,1379,367
1128: 787,72,1237,1862,88,1278,47,939
1129: 1746,1388,1755,1357,194,1340,1660
1130: 1356,492,1951,1430
1131: 605,335,1613,944,983,627,459
1132: 1241,794,312,30
1133: 928,1249,1939,1925,1878,1876,24
1134: 1474,806,821,835,453,1449,147,2000
1135: 734,1575,1166,1117,1835,1555,936,1627,1674,993
1136: 613,6,743,868,798
1137: 29,509,448,1853,1400,637,495
1138: 1809,1882,1362,1544,1619,224,1979
1139: 2003,252,179,398,1987,1435,225,1297,1388,1317,1940,1767
1140: 489,983,627,1787,1742,1484,1715
1141: 723,1767,50,151,97,391,1617,1030
1142: 1384,1353,1629,766,635,1,1947
1143: 1849,1263,1337,336,1653,171,1851,421
1144: 92,1730,1902,1044,1994,144,1463,41
1145: 653,1091,394,1935,586,1193,949,360
1146: 1461,1812,1489,789,120,1639,1325
1147: 85,1919,1512,404,185,549,287,769,1753,810,1468
1148: 1188,573,61,1446,255,1801,1370,197
1149: 476,1648,823
1150: 1888,1416,1424,253,1766,694,137,1731
1151: 1813,1996,1040,561,320,1196,1279,1169
1152: 1490,777,1904,715,1874,1802,222,199,1277
1153: 1076,1031,713,1227,1056,218,1460,1827
1154: 979,538,1967,652,1099,93,470,1652,551,471,921,824
1155: 1582,1393,1069,1097,897,1285,507,307,607,1512,1514
1156: 1376,1478,302,696,1667,1769,161
1157: 1288,809,910,145,1997,1915,691,1985
2003: 252,179,1987,1139,1388,1660,1592,1317
1159: 1704,1214,986,491,924,1591,257
1160: 661,1123,1005,581,535,829,1971
1161: 1638,877,78,1205,771,822,1037,1319,887
1162: 484,1299,1015
1163: 1762,1057,518,1821,1269,1692,148,663
1164: 552,99,1113,331,584,1355,1958,1581,1546
1165: 76,546,721,913,57,1206
1166: 734,548,826,1575,1135,936,1674,993
1167: 1301,1047,1243,990,275,473,2004,414,1784,1539
1168: 468,1603,1720,599,390,512
1169: 1279,798,1405,561,1226,743,1151
1170: 1644,1712,190,39,143,529,1060
1171: 1658,602,140,1299,1833,1015
1172: 70,1066,475,637,1389,1683,1778,29,1853
1173: 1560,1729,1311,1917,1498,980
1174: 1228,1003,1220,702,1506,1700,739
1175: 698,807,1568,1110,610,665,1981,1946
1176: 1758,1564,129,997
1177: 146,1486,942,1115,1207,1975,457,1612
1178: 1699,1022,633,1266,1697,848
1179: 1527,1213,1536,1712,190,304,431,2014,1060
1180: 2001,95,1669,347,154,415,1238,314,1384,485,1283
1181: 293,1931,495,1598,1778,29
1182: 1641,801,305,726,885,2012
1183: 860,1257,1639,953,1521,1455
1184: 1285,1437,507,2007,554,298,1333,950,233
1185: 772,254,1732,710,1273,864
1186: 1961,206,513,1403,162
1187: 1676,662,958,550,288,954,1696
1188: 1148,1344,573,1446,255,873,197,261,1924,457
1189: 1053,201,1001,70,475,448,1853,1049
1190: 1054,1974,799,265,968,1255,1264,1245
1191: 103,857,1827,1076,17,673,915,1002,618
1192: 200,2018,196,114,1893,1363,68,645,1469,345,1488,981
1193: 755,586,1145,207,949,360
1194: 1327,1837,642,1418,814,1108
1195: 272,108,871,1034,97,1656,1764
1196: 320,1863,972,561,1151,1996,1040
1197: 406,288,954,1584,2012,174,726,932
1198: 301,443,1082,209,328,1998,1447,155
1199: 1441,522,544,487,1429,1836,1075,369,1628
1200: 275,1399,1686,1425,473,362,855
1201: 1495,1010,655,612,845,758,399,407,289,1242
1202: 683,924,1320,1452,1280,86,372
1203: 82,1794,2006,783,1610,1602,1856,12,688
1204: 199,447,944,1045,886,1351
1205: 771,822,1037,974,1319,1296,268,976,1161
1206: 793,1224,1590,1165,76,57
1207: 1801,197,573,146,1177,1115,457,1612
1208: 174,680,1215,682,1875,879,1641,305
1209: 1864,568,1379,1011,1445,504,883,158
1210: 77,183,376,1607,963,587
1211: 1107,263,685,303,231,1953,829
1212: 716,1609,1790,1561,1284,1810,1026,933
1213: 1527,525,1078,1179,1536,304
1214: 330,1704,1159,850,441,986,491,537,1383,418,1649,257
1215: 174,1208,680,879,358,402,1871,550
1216: 77,183,624
1217: 1439,1343,725,84,1485,1832
1218: 1503,1833,1824,1127,754,367
1219: 308,416,469,1747,818,1517,852
1220: 1228,1003,1601,1174,1614,1023,423
1221: 695,1453,401,669,393,55,1606
1222: 343,847,1366,1990,1891,329,102,965
1223: 1716,676,1324,825,1448,1548,1877,1673,1513
1224: 793,1206,1590,1039,598,1462
1225: 1103,1769,1376,1920,1722,1444,1557
1226: 614,561,750,868,1334,743,1169
1227: 1076,1031,1153,1056,218,1744,880,103,1827
1228: 1003,1220,1174,423,1700,805,739,1050
1229: 1541,1898,296,1319,268,496,1638,78
1230: 735,971,1508,428,176,1607,340,587
1231: 677,357,1525,701,1519,736,1921,229,215,895
1232: 817,966,1509,1782,111,1410,992,117
1233: 1583,1885,1965,1775,217,451
1234: 183,1027,107,624,27,842,376
1235: 355,1018,1846,828,837,1937,1870
1236: 1943,281,708,1058,1542,901,1126
1237: 787,1128,88,1278,1428,1073
1238: 1096,154,957,415,314,1809,270,1180
1239: 683,924,1087,502,574,986
1240: 1634,1358,1696,1718,1071,354
1241: 1132,794,251,1927
1242: 407,524,289,369,153,758,1495,1201,1258,333
1243: 1301,990,1472,1167,275,473,1948,2004,1784
1244: 1966,396,1368,90,1814,755,869,1922,677,357,1525,617
1245: 1007,1637,1190,799,666,1264
1246: 1843,811,1013,1689,1407,311,1265
1247: 1699,1304,711,91,740,1929
1248: 706,619,364,810,1306,1759,469
1249: 928,1133,1878,24,1583,1885,898
1250: 291,741,1972,705,802,1359,834
1251: 567,51,1849,862,480,1522,956,628
1252: 73,1331,1411,1360,98,1502,1288,910,1997
1253: 1272,1293,1260,1309,1313,1609,64
1254: 1868,1795,1834,1599,1471,1945,2013,1935,1681
1255: 1618,833,265,968,1373,1190,1974,1264
1256: 434,1047,990,380,846,1930,186
1257: 860,1183,1639,1460,789,1739,523,1002
1258: 1429,333,1836,1075,758,369,1242
1259: 1845,440,105,422
1260: 1272,1253,1293,208,1877,46,1331,165
1261: 716,1609,1790,64,1309,210,592,1026
1262: 590,901,239,704,859,1838,315
1263: 1849,1143,336,1851,1791,421,214,1522
1264: 265,1255,1190,1245
1265: 1687,311,891,558,1843,1246,1392
1266: 1338,33,633,1944,1543,235,1697,1178
1267: 1477,321,1955,1923,591,461
1268: 669,113,393,571,481
1269: 1692,148,1623,1983,557,1057,518,1163,1821
1270: 1350,1860,1945,2013,234,1443,290,1708
1271: 1431,1033,195,1701,2019,876,1118,719,141,562,1526
1272: 1253,1293,1260,676,1877,1513,1313
1273: 1082,209,767,864,1185,1941
1274: 979,538,565,353,1530,1000
2016: 786,795,1012,88,1694,1073,408
1276: 422,911,1845,1986,715,1802
1277: 886,1904,1152,1874,222,199
1278: 88,478,1694,47,1128,1237,1862
1279: 1169,798,1405,561,1813,1151,1040,56
1280: 727,107,935,348,455,937,1452,1202,842,86
1281: 529,1748,960,838,1020,1459
1282: 75,424,245,1587,589,264,1339
1283: 485,1353,2001,95,1180,1633,1095,1328
1284: 1576,1561,1810,1212,933,989,1808
1285: 1437,507,1184,897,1333,943,233,1155,1097
1286: 762,42,337,1409,514,865,594
1287: 1662,118,159,540
1288: 809,910,145,1157,1382,1997,1502,1915,73,1252,1360
1289: 517,392,1552,1430,1356,856,1124,1730,1994,144
1290: 1626,204,14,203,1549,412,1728
1291: 1532,730,1563,1551,657,1819,1433
1292: 832,1989,91,1296,1014,426,1037
1293: 1272,1253,1260,165,800,1609
1294: 15,1514,1515,1069,1919,1512
1295: 732,359,13,387,511
1296: 91,740,1292,1014,1205,771,1037,974
1297: 398,1987,1139,225,180,1574,35,723,1767,151
1298: 871,1307,1413,797,1008,621,101,272
1299: 1503,1833,1658,1171,484,1162,1015
1300: 422,911,463,704,1058,590,1126
1301: 434,1047,1243,990,1167,1539
1302: 581,1941,328,535,1953,263,1082
1303: 465,1705,373,1556,483,1404,1866
1304: 1699,1022,1247,1697,1685,1663,1993,1929
1305: 42,1896,1770,1336,1864,568,367,1528,1372
1306: 626,1747,706,1248,810,1759,469
1307: 871,1298,1413,1976,917,650,1034,519
1308: 1848,2,987,1992,478,1079,319,1774
1309: 395,1513,1313,1253,210,863,1261,64
1310: 712,244,981,1897,527,1893,1363,345,1488
1311: 1560,1173,1729,1373,1655,1498,620
1312: 710,1771,600,1328,2001,1732,964,767,417,906,1903
1313: 395,1673,1309,1513,676,1272,1253
1314: 1743,513,10,1036,365,503
1315: 410,1937,1650,1870,1540,87,466
1316: 429,546,732,359,526
1317: 1118,1930,1940,1592,2003,1435,1139
1318: 350,135,1025,403,970,456
1319: 1205,771,268,496,976,877,78,1161,1229
1320: 924,1202,372,54,1591,123
1321: 773,731,166,1916,934,660,241,1375,700
1322: 779,1680,585,1006,1589,539,622
1323: 1121,543,887,1354,580,648,1461,1812
1324: 1736,1766,694,825,1682,1731,100,1223,1548
1325: 953,575,1854,1461,1146,1639
1326: 1494,870,182,262,388,139,1523,508
1327: 642,1194,814,965
1328: 710,1771,600,1312,1283,2001,964,2020,1095
1329: 1793,1740,94,1832,181,1343
1330: 249,178,1510,823,1648,194,1746,1388,1755,1081
1331: 46,73,1252,1411,1260,165,1009
1332: 83,606,1593,1772,646,738,556,1566
1333: 603,950,943,233,554,298,1285,1437,1184,1562
1334: 1458,868,1433,614,1226,743
1335: 656,1664,65,918,1702,1391
1336: 42,1409,1305,1770,1864,367,1503,1372
1337: 1849,1143,862,1653,1763,1942,567
1338: 33,633,1266,15,1515,1944,818,235
1339: 589,264,75,424,1282,116,1926,260,790
1340: 131,780,1660,1779,1357,1799,1646,1746,1129
1341: 1445,352,1950,1797,754,796,1127
1342: 1869,378,2015,892,1938,445,867
1343: 1217,84,1329,1832,181,1675
1344: 1188,573,261,1983,1924,457,555
1345: 1685,1678,356,193,1736,1766,1448
1346: 1799,160,668,1467,220,1779,488
1347: 1900,326,1754,639,922,908,1367,566
1348: 757,959,439,1880,212,1440,977
1349: 1677,1772,508,1392,646,388,1843,1632,558,83
1350: 1661,1860,949,360,1270,653,1935,1945,2013
1351: 37,1787,1204,944,1045
1352: 273,1883,452,1744,1114,1733,813,1369
1353: 1384,485,1283,1629,1142,1633
1354: 1377,747,1016,16,580,1812,1489,1323
1355: 584,1958,331,297,418,330,99,1164
1356: 492,1951,1130,856,1124,1430,1730,1289
1357: 1779,690,194,1799,1746,1129,1755,1340
1358: 1634,1240,58,1797,1718,1071,1950,354
1359: 802,192,175,1886,152,741,1250,1371,52
1360: 1666,1252,1411,250,98,1502,1915,1288,1997
1361: 842,376,86,372,1607,1508,123
1362: 1809,1138,1882,270,1752,1544,1096,224
1363: 1893,1831,781,68,200,2018,1192,345,1310,981
1364: 1444,1713,1103,984,1090,718
1365: 1944,714,87,1540,1543,235,791
1366: 278,545,343,847,1222,815,1963,1406,1798,1990,102
1367: 922,908,1477,1923,788,1347,1754
1368: 1966,396,1244,90,198,66,216,427,1038,869
1369: 1741,991,1733,1352,1883,243,122,149
1370: 1801,197,61,446,1446,1978,1148
1371: 242,276,280,52,192,1359,1104,1010
1372: 1492,1503,42,1409,1305,1336,594
1373: 1729,1311,1655,569,1618,833,620,968,1255
1374: 479,604,853,108,1656,202,1888,119,1416
1375: 400,300,978,934,241,1321,1916
1376: 1478,1920,1156,302,1769,161,1225,1722
1377: 1354,747,1016,499,120,1489
1378: 1442,831,784,927,727,348,455
1379: 1209,1445,352,1127
1380: 1985,1493,1038,1017,74,198
1381: 928,365,1480,503,1583,1775
1382: 1288,809,910,145,729,1907,1009
1383: 595,142,418,1649,588,441,1890,537,1214,850
1384: 485,1353,1142,742,347,766,635,1180
1385: 1483,883,158,568,256,1528,792,1770
1386: 476,760,576,851,510,1906,951,749
1387: 286,835,896,453,1895,106,104,1749,2000,2021,1680
1388: 1746,1129,1755,1081,1330,1660,1592,2003,252,179,1139
1389: 70,1066,475,1172,1067,132,201,1077
1390: 649,1667,1046,1749,779,585,1074,638,161
1391: 1451,1873,1335,65,918
1392: 1349,1772,508,1843,1632,1265,558,83
1393: 1582,1155,1069,1097,692,1068,1514,1072
1394: 1494,226,870,778,1102,744,566,326
1395: 1007,1957,1637,892,2015
1396: 1053,1001,1559,242,276,553,1010
1397: 109,1972,1841,941,2007,1595
1398: 830,1952,430,1814,586,1091,394
1399: 1686,1200,473,1646,780,1472
1400: 509,1137,495,1101,20,1080,1714
1401: 28,220,362,1125,160,1646,1686
1402: 939,1438,995,47,67,759,1862
1403: 1186,697,162
1404: 370,63,1866,1303,1651,373,1491,1556,483,1956
1405: 1279,1169,798,808,1813,56
1406: 630,1765,1963,545,847,1366,1499,102
1407: 1841,941,861,1689,1725,1246,311
1408: 1595,332,834,1773,897,1437,607
1409: 42,337,1896,1336,1372,1492,1286,594
1410: 992,117,111,1878,843,24,817,1232
1411: 1666,46,73,1252,1331,1360,98,1502,208
1412: 40,1613,1105,1711,663,1727,1450
1413: 871,1307,1298,325,1976,917,797,621,912
1414: 435,203,1910,659,1859,1840
1415: 1751,1051,18,1745,1120,1881,1988,1474,821,453
1416: 1888,119,709,1150,733,2017,253,1374,137
1417: 774,1089,317,11,379,1065,816,1547
1418: 1837,1194,301,1447,498,1108
1419: 493,592,268,496,1936,296,436,1734,1913
1420: 1723,970,1760,1588,286,896,1895,106,274
1421: 1634,58,22,1676,662,1781,26,1478,302
1422: 783,136,720,1994,517,392,1817
1423: 1970,658,1955,1693,1879,610
1424: 466,253,625,410,1150,356,193,1736,1766,694
1425: 275,1686,1200,362,189,973,855
1426: 48,674,737,609,2009,1504,1035
1427: 49,157,961,80,969,827,534
1428: 9,1073,787,1237
1429: 163,1258,333,1836,1075,1905,1628,1199
1430: 1842,1577,386,899,1463,675,1356,492,1951,1130,1730,1289
1431: 1033,195,1701,2019,1271,1767,50,1617,490,1526
1432: 671,629,570,1933,40,1711,32
1433: 1458,1334,730,1291,657,1968,614
1434: 456,1061,1982,635,1006,1947
1435: 1987,1139,225,1317,1940,1767,151,2019
1436: 1681,438,1844,1698,653,1122,394,1935
1437: 1285,507,1184,2007,554,1595,1408,897,1333
1438: 521,1620,939,995,1402,902,381
1439: 1217,725,84,1535,1884,1630,45
1440: 212,494,564,1348,654,439,1635,748
1441: 1199,522,1075,1628,745,675
1442: 1378,831,784
1443: 221,234,290,1623,1860,1270,309,593
1444: 1364,1713,1557,1103,1769,1225,1722
1445: 352,504,1950,1341,1011,1209,1379,1127
1446: 229,1631,255,895,61,873,1370,1188,1148
1447: 608,1998,498,328,301,1198,1418
1448: 1663,1345,1736,825,1716,1223
1449: 662,958,1781,1534,806,1134,26,147
1450: 1555,1727,936,1627,1105,1412,663,1762,518
1451: 1391,1873,65
1452: 937,502,1280,455,683,1202,86
1453: 437,695,1221,571,401,669,393
1454: 1765,1963,60,1605,1527,1078
1455: 1043,1085,860,1183,953,1761,292,1521
1456: 36,919,1855,435,1549
1457: 75,424,1857,1048,517,1552
1458: 868,1334,1433,909,730
1459: 1020,1029,1980,838,1281,1748,1605
1460: 860,1257,1076,1153,523,1827,1002
1461: 1146,1812,1489,1323,1121,1325,575,1854,952
1462: 764,969,793,1224,1039,49
1463: 1842,1577,1430,884,1730,1044,1144,144
1464: 126,1728,907,96,14,458,1523
1465: 1786,266,591,563
2021: 1046,1749,1387,104,779,1680
1467: 668,217,761,840,451,488,223,1346
1468: 626,1747,818,85,1919,1147,1515,810,33
1469: 645,345,1475,1488,1192,114,246,666,981,1869,1622
1470: 583,1520,1981,1946,306,134,1725,109,941
1471: 1868,1834,1254,239,671,570,859
1472: 434,1243,990,1399,473,780,380
1473: 933,989,34,1760,1723,342
1474: 806,1134,821,1751,1415,1672
1475: 1469,345,1488,244,1869,1622,1482
1476: 1576,1561,1021,800,929,1570
1477: 321,1923,1267,684,922,785,1367,788
1478: 1376,1920,1156,302,58,1797,1421
1479: 1796,180,1574,650,184,1976,582,1084,519
1480: 1961,900,503,1381,365,1583,1775
1481: 181,923,1675,444,454
1482: 615,1093,1475,1488,244,1869,378
1483: 1385,1111,883,1100,158,792
1484: 1825,227,672,489,1140,1742,1715,678
1485: 1832,324,213,1892,1092,1217,725,1884
1486: 146,942,1177,1975,1612,742,7,154,957
1487: 1949,597,865,1717
1488: 1469,345,1475,1192,1893,1310,244,981,1482
1489: 1461,1146,1812,499,1377,1354,789,120
1490: 777,1904,715,1152,315,704,1912
1491: 1651,373,1556,1608,1404,63,967,1956,1691
1492: 484,1372,1642,1409,865,594
1493: 1038,1017,1380,90,198,1519,1750,736,677
1494: 226,870,182,262,1326,1394,388,639
1495: 655,1201,399,407,289,1242,153,1496,1679
1496: 998,769,1679,1495,1964,399,407,524,289,153
2024: 4
1498: 1114,191,1917,55,1560,1173,1311
1499: 1839,945,630,1765,1406,847,102,1858
1500: 479,604,202,409,702,1506,1818,765
1999: 214,841,1698,480,1522,336,1847
1502: 250,98,765,1757,1915,1252,1411,1360,1288,1997
1503: 1218,1299,1833,367,1336,1372
1504: 832,1989,308,1721,1426,674,609
1505: 1658,602,258,1967,679,565
1506: 702,1818,202,409,1850,1500,1003,1174
1507: 256,902,753,521,664
1508: 1230,176,123,1361,372,1607
1509: 817,748,1232,966,310,458,494,126
1510: 249,178,823,1596,1624,1330,1777,1796
2002: 489,983,459,1613,1727,1627,1615
1512: 1919,1147,307,287,1582,1155,1069,1294,1514,1515
1513: 395,1673,1309,1313,1716,1223,676,1272
1514: 15,1294,1515,1393,1155,1069,1068,1512,1944,1072,714
1515: 15,1294,1514,1919,1512,1468,818,1338,33
1516: 1619,1674,1979,548,1107,230,231
1517: 633,1747,818,1219,852
1518: 1633,431,2014,1,1629,190,71
1519: 1750,374,736,1921,1493,729,677,1231,701,1756,895
1520: 1470,583,1946,134,109,836,941
1521: 17,292,673,915,1002,860,1183,1455
1522: 214,1999,480,1849,862,1263,336,1251,956
1523: 139,81,744,907,1464,96,870,1326,881
1524: 11,379,1822,724,1959,1085,1119,920
1525: 677,1231,357,1966,1244,90,755,869,1922,617
1526: 490,187,1614,50,1431,1033,195,2019,1271,562,1617,506
1527: 1078,1213,1179,1712,304,1748,1605,1060,1454
1528: 256,753,1385,568,1896,1305,1770
1529: 1971,608,858,616
1530: 353,559,344,1000,283,979,1274
1531: 21,403,893,933,989,1808,342
1532: 651,909,730,1563,1291
1533: 219,105,477,467,1004
1534: 1871,550,1672,1062,806,958,1449
1535: 1439,84,121,1887,1064,45
1536: 525,1213,1179,2020,304,600,1903
1537: 905,28,220,405,339,1125,1709
1538: 577,1956,477,1691,43,467
1539: 703,157,1301,1047,1167,414,1816,1032
1540: 1315,1937,1650,714,1365,87,791,1678,356
1541: 1229,1898,1638,78,1579,888,643
1542: 25,536,1058,1690,1098,281,1236
1543: 235,791,1697,1365,1266,1685,1022
1544: 1057,1835,1138,1362,224
1545: 285,1741,991,114,1054,1974,246
1546: 854,430,1164,1113,1958,1851,1791,1581
1547: 1724,413,816,774,1417,188,1597
1548: 208,1877,1324,825,1682,100,1223,676
1549: 435,203,919,1456,1626,204,1290
1550: 1628,269,700,745,267,675,530
1551: 1934,803,1564,1563,1291,1819,1572
1552: 517,1289,392,856,1124,1457,1857,1048
1553: 1656,1764,202,97,391,1030,409
1554: 1670,845,1049,758,448,612,333
1555: 1727,936,1627,1450,663,1762,518,1117,734,1135
1556: 1651,1594,373,1491,483,465,1303,1404,370,63,1866
1557: 1444,1713,1225,170,1722,140,746
1558: 1098,281,708,1918,751,1028,1844
1559: 1053,1396,1805,1041,294,276,280
1560: 1173,1311,1655,1114,1498,813
1561: 1576,1476,1284,1810,1021,800,716,1609,1212
1562: 692,828,1640,1333,603,943,233,1928,1018
1563: 651,1532,1291,1564,1551,1934,1819
1564: 1758,1176,129,1551,1934,651,1563
1565: 240,245,874,996,856,1124,75,1857
1566: 738,325,1332,1593,460,167,236
1567: 1825,227,672,44,130,232,656,1664,1116
1568: 1175,807,1900,1754,1981,1585
1569: 12,38,688,540,1794,1662,1031,713
1570: 893,1867,1659,929,1576,1476
1571: 1107,263,230,685,1979,772,254,125,864
1572: 1059,1819,1811,1551,803,884,92,1044
1573: 1007,892,1807,445
1574: 1479,180,650,398,1297,35,519
1575: 130,734,826,1166,1135,936,1615,44
1576: 1561,1476,1284,893,1570,1808
1577: 1842,386,899,1430,1463,1783,1730,1044
1578: 631,684,383,1786,266
1579: 879,1586,358,1638,1541,402,888,643
1580: 38,533,688,168,903,1739,523
1581: 299,830,1164,1113,854,430,1546
1582: 1393,1155,1069,507,307,287,607,1512
1583: 1885,1233,928,1381,1249,1480,1775
1584: 406,1197,726,1668,932,284,756,1688
1585: 889,341,134,1725,1568,1900,1981
1586: 497,1579,879,358,1638,464
1587: 240,245,505,904,875,75,1282,589
1588: 1760,1881,500,1988,647,1723,1420,286,896,1895
1589: 1,1947,1322,1006,71,622
1590: 1224,1206,429,76,1973,916,598
1591: 54,1763,839,257,924,1320,1159
1592: 131,1660,846,1388,2003,1317
1593: 1332,83,606,738,1566,1928,1889,1063,460
1594: 373,1556,1608,483,735,465,340,667
1595: 1408,834,897,1397,1972,2007,1437
1596: 249,1510,823,1624,749,1777,752,184
1597: 390,987,1969,413,1547,2,188
1598: 1604,1683,1778,1181
1599: 1795,1834,1254,1681,1844,708
1600: 539,39,984,585,1074,718,143
1601: 1003,1220,187,1614,999,1023,423
1602: 1610,397,116,1856,1048,2006,783,720,1203,12
1603: 1011,468,1168,1720,1718,504,1950,354
1604: 1598,1683,681
1605: 1748,1527,1029,1459,1454,60
1606: 191,2008,1221,401,334,393,55
1607: 1361,376,1210,971,1230,1508,587
1608: 1594,373,1491,667,51,940,967
1609: 716,1261,64,1212,1253,1293,800,1561,1810
1610: 1602,397,116,1926,1856,424,720,1203,12,533
1611: 804,425,728,881,310,1782
1612: 1975,457,520,1207,1486,1177
1613: 40,1412,605,1131,1727,459,2002
1614: 490,187,1526,1850,1003,1220,1601
1615: 936,1627,489,2002,130,734,1575,44
1616: 930,66,216,1050,1726,323
1617: 391,1030,1850,1141,1767,50,1431,2019,490,1526
1618: 833,620,265,1255,1373
1619: 1516,224,1674,993,1979,1138,1107,230
1620: 939,1438,72,381
1621: 804,728,1768,1677,1083,1647
1622: 1869,2015,666,1469,1475,1637
1623: 221,1443,290,1645,931,593,557,1269,148
1624: 178,1510,1596,1777,184,1084,1796
2015: 1869,378,1342,1622,1007,1395,1957,1637,892,445
1626: 204,1635,14,1290,346,1549,494,1728
1627: 1555,1727,936,1450,1615,1117,2002,734,1135
1628: 1550,745,675,530,1905,1429,1075,1441,1199
1629: 1353,1142,1,71,1633,431,1518
1630: 1884,115,1439,725,45,89
1631: 1446,229,215,255,351,873
1632: 1843,811,262,388,1349,508,1392
1633: 2020,304,431,1518,1095,2014,1283,1353,1629,2001
1634: 1358,1240,58,1797,1421,1696,1676,1071
1635: 1626,204,14,346,654,494,1440
1636: 141,562,955,1820,371,1735,611,1890
1637: 1007,1395,1957,1245,892,799,666,2015,1622
1638: 877,464,78,1161,1229,1541,497,1579,1586,888
1639: 1257,1183,789,1146,953,1325,575
1640: 603,943,233,1928,1088,1063,1562,692,828,1018
1641: 801,1654,1182,305,682,1875,1208
1642: 484,1492,322,597,865,594,1717,1738
1643: 757,959,1665
1644: 1712,1170,190,71,622,539,39,143
1645: 221,234,290,1623,593,629,247,148,69
1646: 1799,160,1401,1399,1686,780,1340
1647: 1083,1737,1621,1677,646,556
1648: 476,1149,690,150,194,249,823,1330
1649: 595,1383,142,418,588,441,537,330,1704,1214,850
1650: 410,1315,1937,1870,1540,87,466,1678,356,193
1651: 373,1491,1556,483,1404,370,63,1866,1956
1652: 1106,551,921,824,1154,93
1653: 171,1763,839,1942,421,1849,1143,1337
1654: 1641,801,1761,682,1043
1655: 1560,1373,1311,285,991,833,968,1974
1656: 1553,1764,202,108,1195,119,604,1374
2001: 95,964,1669,1180,485,1283,1633,1095,1328,1312
1658: 1171,1505,602,1299,1967,1015,679
1659: 1570,1867,729,929,1907,374,1756,446
1660: 131,1340,846,1592,1388,1129,2003
1661: 1350,949,360
1662: 118,1287,218,540,1569,1031,713
1663: 1448,1993,1304,1716,1673
1664: 656,1335,1116,672,1567,232,1702
1665: 1899,1643,757,959
1666: 46,1411,1360,1682,250,98,528,208
1667: 649,1390,696,1156,302,161
1668: 726,885,932,724,1065,1584,284,1724,816
1669: 2001,1732,95,964,1180,314,411
1670: 1554,1049,509,448,1080,163,333
1671: 1042,353,1785,559,124,1804
1672: 1534,1871,1062,1751,1474,806
1673: 395,1513,1313,1663,1993,1716,1223,1823
1674: 1619,1516,224,993,548,826,1166,1135
1675: 1481,181,923,121,1343,84
1676: 1187,22,662,1781,1634,58,1421,1696
1677: 1349,1772,508,646,1768,1621,1647
1678: 1685,356,1345,1650,1540,791,193,1736
1679: 1496,769,1753,1495,185,1964,399,153
1680: 1322,779,1006,1387,1895,106,104,2021
1681: 1028,438,1844,1436,1698,653,1935,1795,1599,1254,1945
1682: 137,1731,100,1324,98,528,1548,208,1666
1683: 1604,1598,1778,681,1066,1172
1684: 1064,1789,45,1962,89,450
1685: 1678,1345,1543,791,1697,1022,1304
1686: 1399,1200,1425,1401,362,1125,160,1646
1687: 311,1265,891,558,472,83,606
1688: 228,599,1071,756,932,406,1584,284,1724,947
1689: 889,341,1725,1246,1013,1407,311
1690: 577,172,751,722,1098,536,1542
1691: 577,967,1538,1956,172,1491
1692: 1269,148,69,1105,663,518,1163
1693: 1879,213,1110,1892,1800,610,1092,1423,665
1694: 88,478,1278,1079,1707,786,2016
2022: 8
1696: 1634,1240,406,954,1187,1676,662,1071,756
1697: 1543,235,791,633,1266,1685,1699,1178,1022,1304
1698: 214,1999,841,1952,1847,1122,1091,394,1681,438,1436
1699: 1178,1022,1247,1304,711,1697,848
1700: 1757,1915,702,1228,1174,739,691
1701: 1431,1033,195,2019,1271,876,1118,1940,719,141
1702: 988,918,672,248,678,232,1335,1664
1703: 34,687,1026,1790,1734,377,647
1704: 330,1159,1214,850,418,1649,171,257
1705: 465,963,1303,483,1866
1706: 205,776,894,978,1019,442
1707: 1694,1079,1788,1848,542,786
1708: 234,290,1270,1868,2013,671,247
1709: 516,1125,405,339,1984,28,1537
1710: 1023,1829,1726,366,323,552
1711: 40,1105,1412,629,1432,69,32
1712: 1644,1170,190,304,2014,529,1060,1527,1179
1713: 1444,1364,1557,641,1090,140,746,601
1714: 1080,530,1101,509,1400,20,660
1715: 1803,678,634,1140,1742,1484,227
1716: 1223,676,825,1448,1663,1993,1673,1513
1717: 93,470,1738,1642,1099,1487,597,921
1718: 228,1071,1358,1240,1603,1720,354
1719: 1911,782,815,906,417,443,2005,1830
1720: 1168,1603,228,599,1718,1071,390,354
1721: 852,848,308,711,674,832,1504,1989
1722: 170,796,1376,1920,1225,1444,1557
1723: 970,1420,342,989,1473,1760,1588,1025,274
1724: 284,413,947,816,1547,1668,1688
1725: 1585,341,134,1689,1470,1407,1841,941
1726: 1710,1023,423,323,930,1616,1050
1727: 1555,1627,1450,1613,1412,663,459,2002
1728: 126,907,1464,1626,14,1290,412
1729: 1173,1373,1311,980,569,620
1730: 1144,144,1577,1430,1463,1356,1289
1731: 137,1682,100,1150,1324,694,528
1732: 95,964,1669,1185,411,254,710,1312
1733: 1741,991,813,1369,1352,1883,243
1734: 436,1913,377,1419,592,296,687,1703,1051,1109
1735: 441,1792,827,611,961,371,1636
1736: 193,1324,1766,694,825,1424,1678,356,1345,1448
1737: 1083,1647,646,763,1780,738,707,556,138
1738: 1717,470,484,1642,322,652,679,1099,597
1739: 903,789,1580,523,1257
1740: 1793,1329,181
1741: 285,991,1733,1369,1545,149,114
1742: 37,1787,1140,1484,1715,634
1743: 1314,513,10,1036
1744: 273,1070,1352,1883,243,1056,1227,880,103
1745: 1051,18,1415,687,1881,500,1988,821
1746: 1388,1129,1755,1779,1357,690,194,1330,1340
1747: 626,1306,1468,818,1517,469,1219
1748: 1281,529,1605,1060,1527,1459
1749: 649,1390,1046,2000,2021,835,1387,896,104
1750: 1519,374,736,1921,145,1493,1017,729
1751: 18,1415,1109,1062,643,1120,1672,1474
1752: 1024,520,555,1096,1809,1362
1753: 998,769,1679,185,549,287,1147,404
1754: 1347,1900,1367,788,807,1568,1981
1755: 1746,1388,1129,1081,1357,194,249,1330
1756: 61,446,1519,374,1921,701,1867,1659,895
1757: 1700,1915,702,1502,765,1997
1758: 1176,1564,129,651
1759: 505,363,904,1248,364,1306,469
1760: 1881,500,1988,1588,647,34,1473,1723,1420
1761: 953,575,1854,547,682,1043,1455,1654
1762: 1057,518,1117,1835,1163,1555,936,1450
1763: 54,1653,171,839,1591,428,176,123,1942,1337
1764: 1553,1656,202,1034,97,108,1195,1030
1765: 630,1963,1406,1454,60,1852,1078,545,1499
1766: 193,1324,1736,694,825,1424,466,1150,356,1345
1767: 1141,50,151,1435,1139,225,1297,1940,1431,2019,1617
1768: 139,81,1621,728,1677,508
1769: 1103,638,161,1225,1376,1156,1444
1770: 42,337,1896,1305,1336,1385,568,1528,753
1771: 600,1328,1312,767,417,906,1903
1772: 1677,1349,1392,646,558,1332,83,556
1773: 1408,332,897,693,307,607
1774: 1815,67,169,238,1308,1992,515,319
1775: 217,761,451,1381,1480,900,1583,1233
2014: 2020,304,1633,431,1518,1712,190,71,1179
1777: 752,763,1780,184,749,1510,1596,1624,1872
1778: 1598,1683,1066,637,1172,1181,29
1779: 1357,690,488,223,1799,1346,1746,1340
1780: 1777,752,763,623,699,1083,1737
1781: 22,1676,662,958,1449,26,58,1421,302
1782: 1232,966,310,117,1611,425,133
1783: 579,803,884,636,1842,1577,386
1784: 57,414,1948,913,2004,1243,1167
1785: 559,344,560,462,124,1671,1804
1786: 1465,266,1578
1787: 37,1742,1351,944,983,1140,627
1788: 79,615,1093,1848,542,1707
1789: 1887,1684,294,1064,1962,280
1790: 716,1261,64,1212,210,592,1913,377,1703,1026
1791: 1958,1851,1263,336,854,1847,1546,214
1792: 1735,441,827,80,574,534,491,537
1793: 1740,1329,312,94
1794: 82,540,1203,12,688,1569
1795: 1834,1599,1254,1945,1935,1681,1844
1796: 1479,180,184,178,1510,1624,1084,368
1797: 1634,1358,58,1478,1950,1341,796
1798: 1837,642,1830,1990,782,278,343,1366
1799: 160,1346,1646,1779,1357,1340
1800: 1693,1110,1892,1092,1055,1884,665
1801: 1370,1207,197,361,1978,1148,1115
1802: 1112,1874,222,1276,1986,1904,715,1152
1803: 914,248,1715,678,634,232,227
1804: 1785,124,1671
1805: 1053,201,1077,1559,132,1041,1826
1806: 775,43,467,219
1807: 1573,892,445
1808: 933,989,1576,1284,893,1531
1809: 1138,1882,295,1362,270,1752,1096,1238
1810: 1561,1284,800,716,1609,1212
1811: 1059,1819,1572,686,803,884,92,1044
1812: 1461,1146,1489,1354,580,1323,1121
1813: 1151,1996,1040,926,1279,1405,56,1960
1814: 755,586,869,830,427,1398,396,1244
1815: 169,238,1774,1992,515,512,156,1111,1100
1816: 1032,1047,1539
1817: 41,1863,972,1994,1422,136
1818: 702,1506,202,409,1850,1500
1819: 657,1059,1968,1572,1811,1551,803,1563,1291
1820: 186,1032,719,703,371,876,141,1636
1821: 1057,1163,1983,1269,1024
1822: 11,1524,379,724,1959,1065,801
1823: 640,1929,1861,1993,395,1673,976,863
1824: 1218,1833,1127,170,754,140
1825: 1484,227,672,1567,44,489
1826: 717,1041,975,132,164,1077,1805
1827: 880,1191,103,1076,1153,1227,1460,1002
1828: 128,532,303,826,656,65,1116
1829: 1710,1023,1932,999,297,366
1830: 1837,642,1798,782,1719,301,2005,278
1831: 1363,781,68,618,1119,920,17,292,673,200
1832: 1485,94,324,1329,1217,1343,725
1833: 1218,1299,1503,1824,1127,1171,140
1834: 1868,1795,1599,1471,1254,1844,901,239,859
1835: 1762,1057,1117,1544,224,993,1135
1836: 1258,1429,1075,1199
1837: 642,1194,1798,1830,1418,301,2005
1838: 859,1912,1933,1052,1262,315
1839: 849,1499,462,945,630,560,1858
1840: 1102,412,744,1910,1414,435,203,1859,778
1841: 1407,941,861,2007,554,1725,1397
1842: 1577,386,1430,1463,1783,884,1044
1843: 1632,1246,811,262,1349,1392,1265,558
1844: 1681,1028,438,1436,1935,1558,708,1795,1834,1599
1845: 1259,1986,422,1276
1846: 355,1235,1954,1995,768,410,1937,1870
1847: 1952,854,1791,214,1999,1698,1122
1848: 1308,338,2,188,1788,1079,1707
1849: 1143,862,1263,1337,336,1653,1251,1522
1850: 391,1617,409,490,1614,1506,1818,1003
1851: 584,1958,1791,421,1143,1263,336,1546
1852: 630,1765,60,283,1029,560,945
1853: 1137,448,70,475,637,1172,201,1189,1049
1854: 1325,575,1761,1461,1121,547,952,110
1855: 36,1456,383,659,435
1856: 1610,1602,397,1203,12,533,688,168
1857: 75,1457,856,1124,1565,245,1552
1858: 1891,102,1839,849,1499
1859: 922,778,785,908,1910,1414,1102,1840
1860: 1350,949,1270,309,234,1443
1861: 640,1929,1823,1993,740,974,976
1862: 72,1128,1278,47,67,939,1402
1863: 320,41,578,1196,972,1817,1996
1864: 1209,568,367,158,1305,1336
1865: 1873,661,1123
1866: 1404,370,1705,1303,1651,1556
1867: 893,1570,1659,929,1756,446,1978
1868: 1834,1471,1254,2013,1708,671,570,247
1869: 378,1342,2015,1622,1469,1475,1482
1870: 410,1315,1937,1650,1846,1235,1954
1871: 1534,550,1672,358,1062,402,643,1215
1872: 1976,582,1084,917,1777,763,184,138,650
1873: 1451,1865,1391,532,65,661,1005
1874: 1112,1802,222,1152,886,1277
1875: 547,770,682,110,497,879,1641,1208
1876: 1878,843,977,62,1925,1133
1877: 1548,208,100,1223,676,46,1272,1260
1878: 843,1876,24,111,1249,1133,1410,992
1879: 1693,812,213,1110,1892,610,1423,1970
1880: 62,1348,757,977
1881: 1760,500,1988,1588,647,1415,1745,821,286,896,453
1882: 1809,1138,295,1362,270,1979,125
1883: 273,1352,452,1744,243,1733,813,1369
1884: 1055,1630,115,1485,1892,1800,1092,1439,725
1885: 1583,1233,1965,898,510,24,1249,59
1886: 192,1359,1962,450,741,280,52
1887: 294,1064,1789,121,1535,717,1041
1888: 119,1416,1150,479,1374,853,137,528
1889: 1928,1063,472,606,1593,603,950
1890: 441,611,562,955,1636,1932,501,1383,142,588
1891: 329,102,1858,847,1222
1892: 1693,812,1879,213,1800,1092,1485,324,725,1884
1893: 1363,781,68,920,1192,1488,1310,981,1897,527
1894: 1938,867,259,795,408
1895: 106,104,274,1588,1420,286,1387,896,1680
1896: 42,337,1409,1305,1770,1528,753,819
1897: 712,1310,244,527,1893,1089,317
1898: 1229,1541,296,436,888,643,1120,1109
1899: 382,1665,346,959,654
1900: 1347,326,1754,639,1568,889,1585
1901: 260,499,397,1926,533,903,120
1902: 92,1044,1144,1994,686,41,578
1903: 1911,906,2020,1771,600,1312,525,1536
1904: 1490,777,715,1152,1802,222,1277
1905: 1080,530,163,1429,1075,1628
1906: 623,951,749,851,476,760,1386,752,823
1907: 729,929,1009,73,910,145,1382,1021,1659
1908: 516,189,1984,925,689
1909: 146,942,1115,361,350,135
1910: 631,659,684,1414,1859,785,1840
1911: 782,815,1719,906,279,1903,525
1912: 1933,1052,1838,1490,777,315,531
1913: 436,1734,377,496,210,1419,493,592,1790,296
2019: 1431,1033,195,1701,1271,876,1435,1118,1940,1767,50,1617,1526
1915: 1757,1700,1502,691,1360,1288,1157,1997,1985
1916: 773,731,1321,241,400,997,1375,541
1917: 113,393,55,191,1498,980,481,1173
1918: 956,751,841,480,1028,1558
1919: 85,1147,1512,287,1294,1515,1468
1920: 1376,1478,1225,170,1722,796
1921: 1519,1750,374,736,677,1231,701,61,1756,229,895
1922: 755,869,1244,357,1525,207,617
1923: 1477,321,1955,1267,1367,788
1924: 385,261,1983,255,873,1188,1344
1925: 271,62,384,1876,1133,1939
1926: 1610,397,116,424,1339,260,1901
1927: 237,1970,658,251,1241,794,812
1928: 1088,1889,1063,1593,1640,603,943,1562,1018
1929: 1823,1861,1247,1304,1993,740,974
1930: 1317,1118,846,1047,1256,186,719
1931: 293,894,1181
1932: 501,999,1890,297,142,1829
1933: 859,1912,1052,1838,1432,570,32
1934: 1551,579,803,541,1564,129,1563
1935: 653,1145,394,1681,1844,1436,1350,360,1795,1254,1945,2013
1936: 268,496,976,640,863,1419,493
1937: 410,1315,1650,1870,1540,837,1846,1235,714,87
1938: 1894,445,867,259,1342
1939: 928,365,1133,10,271,1925
1940: 1317,1118,1435,1139,1767,1033,1701,2019,876
1941: 328,1302,535,1953,263,1082,1273,864
1942: 428,176,1653,1763,839,1337,567
1943: 281,1236,708
1944: 1072,714,1365,15,1514,1338,1266,235
1945: 1795,1254,2013,653,1935,1681,1350,360,1270
1946: 1470,583,1520,1981,306,1175,665
1947: 1589,1,1434,635,1006,1142
1948: 721,820,913,855,2004,275,1243,1784
1949: 514,1487,597,865,594
1950: 1445,352,504,354,1341,1358,1797,1603
1951: 1356,492,327,1130,856,1124,522,1430,996
1952: 854,430,1847,1398,214,1698,1122,1091,394
1953: 1941,1302,535,829,1211,263,685
1954: 101,1995,768,733,389,1846,410,1870,253,625
1955: 1923,1267,237,1423,658,461
1956: 967,1538,1691,1651,1491,1404,63,43
1957: 1007,1395,1637,892,2015
1958: 584,1355,1851,1791,1164,1113,1546
1959: 1524,1822,724,1043,1085,801
1960: 401,1813,926,56,695
1961: 1186,1480,900,503,206,513
1962: 1684,294,1064,1789,450,741,280,52,1886
1963: 1765,1406,1454,1078,279,545,1366
1964: 185,985,994,399,655,549,1496,769,1679
1965: 1885,1233,510,840,451,318,760
1966: 396,1244,1368,90,198,869,1525
1967: 652,679,1099,1658,1505,1154,538,565
1968: 657,1059,1819,686,1433,614,750,578
1969: 390,987,1992,515,1597,512,413
1970: 1423,1927,658,794,812,1879,213
1971: 1529,581,1160,1123,608,616
1972: 109,1397,705,1250,1595,834
1973: 632,526,429,76,1590,916
1974: 1054,1190,799,1655,285,1545,833,968,1255
1975: 1612,520,1486,1177,742,1096,154,957
1976: 582,1872,31,1084,917,1479,650,871,1307,1413,519
1977: 433,874,996,544,449,282,327,856
1978: 361,21,893,1867,446,1801,1370
1979: 1619,1516,224,1138,1882,295,772,125,230,1571
1980: 1020,283,1029,1459,1000
1981: 1470,583,1946,1175,807,1568,1754,665,1585,134
1982: 1434,456,970,106,274,1006
1983: 385,261,557,1924,1344,1269,1024,1821
1984: 890,339,516,1908,1709
1985: 1038,1017,1380,1915,74,691,809,145,1157
1986: 1845,1276,1112,1802
1987: 2003,252,179,398,1435,1139,225,368,1297
1988: 1760,1881,500,1588,647,687,1051,18,1415,1745,821
1989: 1292,832,1504,1721,609,91,1035,16,1014,426
1990: 642,1798,278,343,1222,1366,329,965
1991: 937,938,502,1039,878,764,1087
1992: 987,1969,515,512,1308,319,1815,238,1774
1993: 1663,1304,1716,1929,1823,1861,1673
1994: 1902,1144,144,1289,392,41,1817,1422
1995: 101,1954,768,1088,866,1008,355,1846
1996: 1813,1151,1040,926,1863,1196,972,159,127