0: 
1: 71,1518,1589,1629,1142,1947
2: 1848,338,188,1597,987,1308
3: 
4: 
5: 
6: 596,613
7: 766,742,1486,942,635,1061
8: 2022
9: 1428,1073,408
10: 365,1939,486,1036,271,1743,1314,503
11: 1417,527,1822,1657,379,724,1065,317
12: 38,1794,688,1569,168,1610,1602,1856,1203,82,533
13: 387,925,1295,511,820,973
14: 1728,1464,1626,1290,1635,126,748,494
15: 1294,1919,1515,1072,1944,1514,1338
16: 426,580,648,609,1989,1354,1035,1016
17: 1191,1521,618,915,673,1119,292,1002,857,1827,68,1831
18: 1751,1120,1415,1745,821,1734,1051,1109,1988
19: 282,619,946,364,482,524,449,419
20: 1714,660,1400,572,934,1019,442,1101
21: 361,403,1531,1978,893,135
22: 1676,662,1696,1421,1781,302,26,58,1634
23: 1118,1940,195,1271,2019,1033,1930,1701,719,876,141
24: 992,898,1410,843,1878,1133,1885,1249
25: 536,440,1004,1542,1058,1236,463
26: 1421,1781,302,696,147,1449,22,662
27: 727,1027,935,784,624,1234
28: 1537,1125,905,220,160,1346,1401
29: 495,1137,637,1778,1172,1181
30: 94,312,324,1132,794,812,1511
31: 582,1872,138,707,912,917,1976,1413,650
32: 1432,531,1052,1933,40,1711,605,982
33: 1338,818,1468,633,1515,1266,1517
34: 1703,647,1026,933,1473,989,1760
35: 519,1574,723,1297,97,1034
36: 375,1456,1855,919
37: 634,1742,1787,1351
38: 12,688,1569,168,1580,713,1031,523
39: 143,1600,718,539,622,1644
40: 1613,1727,1711,1412,32,1432,605,982
41: 320,578,1863,1902,1144,1994,1817
42: 337,1896,1409,1770,1305,1336,1372,1286
43: 1806,775,467,63,370,1538,1956
44: 130,1575,2002,1615,489,1825,1567
45: 89,115,1684,1439,1630,1535,1064
46: 1666,1331,1411,208,1260,1877
47: 67,238,478,1278,1128,1862,939,1402
48: 1426,2009,737,609,790,747,1035,1016
49: 157,1427,414,793,1462,969
50: 490,1526,1431,1767,195,2019,1617,1141
51: 667,1608,567,1251,628,940
52: 192,1962,1886,1359,1789,450,276,280,1371
53: 258,601,641,838,1020
54: 123,176,1763,839,1591,1320,372
55: 1917,191,1498,1606,1221,481,113,393
56: 695,808,1405,1813,1279,401,1960
57: 1784,913,1165,414,721,793,1206
58: 1358,1240,1634,22,1421,1781,1478,1797
59: 576,951,851,992,898,117,1885,510,760
60: 1029,1852,1605,1454,630,1765
61: 895,446,1370,1756,229,1446,1148
62: 977,1876,1880,384,1925
63: 1651,1491,1556,1404,370,1538,1956,775,43
64: 1253,1609,1309,1313,210,716,1790,1261
65: 1335,1391,656,532,1828,1873,1451
66: 930,427,1616,216,1050,1038,396,1368
67: 47,759,169,238,1774,1862,995,1402
68: 1893,1363,200,781,1831,857,17,618,1192,196
69: 474,1692,148,247,290,1645,629,1711,1105
70: 201,1066,1389,1172,475,637,1189,1853
71: 1,1518,1589,1629,622,1644,190
72: 787,1128,1862,1620,939
73: 1252,1331,1411,1382,910,1288,165,1907,1009
74: 805,739,691,1157,1985,1038,1380
75: 1457,1857,245,424,1565,1282,1587,1339,1048
76: 429,546,1973,1165,1206,1590
77: 1216,183,1210,963
78: 1638,877,1161,1319,1229,1541
79: 1788,542,1093,378,867,786,1012,259
80: 969,1087,1427,961,1792,827,574,534
81: 139,1523,96,1611,728,881,1768,508,1621
82: 159,540,127,136,2006,1203,12,1794
83: 1332,1772,606,1392,1349,1687,558,472
84: 1439,1217,1343,923,1675,1535,121
85: 404,1147,1919,626,810,1468
86: 1361,842,107,1280,1452,1202,372
87: 1315,1937,837,714,1365,1540
88: 1694,1278,786,2016,1073,1128,1237
89: 45,115,1684,291,450,1630,316,741
90: 1966,396,1368,869,1244,198,1493,736,1525,677
91: 1296,740,1292,1247,711,832,1989
92: 686,1902,1044,1144,1811,884,1059,1572,578
93: 1717,921,470,1154,1652,551
94: 1329,312,30,324,1832,1793,1511
95: 2001,1732,964,1669,314,415,1180,1283,485
96: 1523,81,907,1464,126,458,310,881
97: 1034,1195,1553,1764,35,723,1030
98: 250,1502,853,528,1682,208,1666,1252,1411,1360,1997
99: 297,331,1355,1164,1113,552,1710,366,323,299
100: 208,1548,1877,1324,1731,1682,825
101: 1008,1995,768,1776,621,272,1298,2017,389,1954,733
102: 847,343,1222,1406,1499,1858,1891,329
103: 880,243,122,857,1827,1227,1191
104: 1387,896,1749,835,2021,286,106,1680,1895,1046,779
105: 440,1004,1533,422,1259
106: 1006,1680,1982,1895,286,274,970,1420,104,1387
107: 842,376,1234,86,455,1027,935,1280,1452
108: 272,2017,389,871,1195,1656,119,709,1374
109: 836,1972,705,1520,1470,583,291,941,1397
110: 1121,543,1323,464,547,770,1875,952,497
111: 843,977,1878,212,1440,564,748,817,1232,1410
112: 309,931,593,948,873,351
113: 1268,481,669,393,55,1917,1498,1606
114: 2018,1741,1192,149,645,1545,1054,1469,246,345
115: 45,89,291,1055,1884,1630,316
116: 1610,1602,720,1048,1856,1457,517,424,1926,397
117: 1232,992,1410,966,1782,576,133,59
118: 349,1662,1287,218,1056,1070
119: 1888,1416,709,108,2017,1656,253,733,1374
120: 1146,1489,1901,499,1377,1354,903,789
121: 1887,1535,923,1675,84,717,975
122: 880,243,103,857,1883,149,196,1369
123: 54,176,1763,1320,372,1361,1230,1508
124: 1839,849,462,1671,1785,1804
125: 772,254,1571,270,1882,1979,295,411
126: 748,494,1509,458,14,1728,1464,96
127: 159,82,972,136,2006,1996
128: 303,1828,548,1116,826,1107,231
129: 1758,1176,1564,997,541,1934
130: 1116,44,826,1575,1615,1567
131: 780,1340,1660,380,1129,1472,846
132: 164,975,1826,1067,1389,1805,1077
133: 1906,420,576,951,117,1782,425,623,699
134: 1585,341,1470,1981,1946,1520,1725
135: 350,1318,456,1909,361,21,403,1025
136: 1422,1817,972,2006,783,82,127
137: 528,1731,1150,1682,1888,1416,694,853
138: 763,31,1872,1737,1780,707,556
139: 1523,81,1326,870,262,388,1768,508
140: 746,1713,1557,170,1824,1833,1171,602
141: 876,1820,955,1636,562,719,195,1271,23,1033,371
142: 595,588,1383,441,1932,501,1890,297
143: 39,718,1644,1170,960,644,529
144: 1289,392,1730,1994,1144,1463
145: 1382,809,910,1985,1017,729,1907,1750
146: 1486,942,1177,361,1115,1207,1909
147: 1449,1134,806,2000,302,26,696
148: 1269,474,69,1163,1692,290,1645,1623,1105
149: 114,2018,1741,1192,196,1369,122,991
150: 318,1149,840,223,690,1648,194
151: 723,225,1767,1297,1435,1030,1141
152: 1104,994,985,192,1359,802,693,175
153: 998,524,1679,1496,769,289,946,482
154: 347,766,742,1486,1975,957,415,1238,1180
155: 328,1302,1082,1941,1447,1198,1998,616
156: 468,1100,512,515,1815,169,1483,1111
157: 49,703,1427,961,414,1539,1816
158: 1864,568,1209,1100,1385,1483,883
159: 82,540,127,926,1996,1287
160: 1799,1346,1646,1401,28,220,1686
161: 1667,1390,1074,1156,1376,1103,638,1769
162: 697,1403,339,1186,405,206
163: 1905,1429,333,1670,448,509,1080,1075
164: 444,975,132,1826,454,1067
165: 1021,800,1260,73,1331,1293,1009
166: 773,269,700,934,660,572,241,1916,1321,731
167: 797,236,866,460,912,621,1008
168: 12,38,688,1610,1856,397,903,533,1580
169: 67,759,238,1774,319,1992,515,1815,156,1111
170: 754,1127,1824,796,1722,140,1557
171: 1763,839,257,1704,421,1143,1653
172: 1690,722,940,577,967,1691
173: 1977,996,449,282,433
174: 2012,680,305,1208,1215,1094,550,1197,288
175: 693,192,1359,802,332,152,994
176: 54,123,1763,839,1230,1508,428,1942,1653
177: 1547,188,1597,413
178: 1796,1624,180,249,1510,1330,1081,368
179: 2003,252,1081,1987,1388,1139,398,368,180,225,1297
180: 178,1796,1479,179,398,368,1574,1297
181: 1481,1675,1740,1329,1343
182: 226,639,326,1494,1326,889,262,811
183: 1216,77,1210,1027,624,376,1234
184: 582,763,1872,752,1777,1510,1796,1624,1084
185: 1753,1147,399,994,1964,549,1679,769
186: 1816,1032,1047,719,1256,1301,1930,1820
187: 490,1526,1431,506,501,999,1614,1601
188: 1547,177,1597,413,774,338,2,987
189: 516,1908,925,362,1425,973
190: 1644,1712,1170,71,1518,431,1179,2014
191: 55,1917,2008,1498,1606,1114,334,393
192: 52,1886,1359,1371,242,1104,152,985,175
193: 1736,1766,1424,1345,694,1650,466,1678,356
194: 1746,1129,1755,1357,1330,150,1149,223,690,249,1648,823,1081
195: 1118,1271,2019,23,1033,876,141,562,1526,1431,50
196: 2018,1192,149,122,857,618,200,68
197: 1801,1207,1370,1188,573,255,1148
198: 1985,1038,1017,1380,1493,1966,90,1368
199: 886,1204,1904,1152,777,1277,447
200: 1893,1363,781,68,1831,618,2018,1192,645,196,981,345
201: 1053,70,1805,1077,1389,475,1189
202: 479,604,1374,1500,1553,1764,1656,409,1506,1818
203: 412,1840,435,1549,1414,1290
204: 1626,919,346,1290,382,1549,1635
205: 776,978,1706,300
206: 405,1537,905,1186,1961,162,900
207: 1661,617,949,869,755,1193,1922
208: 100,1260,1548,1877,528,1682,98,1666,46,1411
209: 1082,1273,417,767,443,1198
210: 1913,493,592,863,1309,64,716,1790,1261
2017: 272,108,389,101,253,733,119,1416,709
212: 1348,439,1440,564,843,977,111,817
213: 1693,812,1879,1511,1892,324,1485,1092
214: 854,1791,1847,1952,1999,336,1698
215: 229,351,1631,1231,357,948
216: 1616,66,805,1050,1038,1368
217: 668,1775,761,1233,451,1965,840,1467
218: 1153,713,1227,1031,1056,1569,118,1662
219: 1533,1806,467
220: 28,1537,905,668,761,488,160,1346,1401
221: 234,247,290,1645,1443,1623,1860,309,593
222: 1904,1802,1152,715,1277,1112,1874
223: 1779,840,1467,488,690,318,451,150,194
224: 1138,1882,1362,1544,1835,1619,1674,993
225: 1767,1297,151,1435,179,1987,1139,398
226: 1394,870,566,639,326,1494,182,1102,908,262
227: 1825,232,672,1567,1484,1803,248,1715,678
228: 599,1718,1071,1720,947,1688,756
229: 351,1631,215,1446,1519,701,1231,357,677,61,895,1756
230: 1107,685,1882,1979,1619,1516,1571
231: 1211,1107,685,1516,548,826,128,303,1828
232: 227,672,1664,1803,248,678,1702,988
233: 692,1097,1562,1285,1333,603,943,1640
234: 221,247,290,1645,1708,1443,1270,2013,1860,309,593
235: 1543,1365,1266,1944,1338,791,1697
236: 797,866,460,912,167,1566,621,707,325,738,1593,917
237: 251,1970,1927,658,563,461
238: 47,67,169,1774,319,1992,1815,478
239: 1262,590,901,1943,1158,1834,1471,859
240: 505,904,433,1565,996,874,245,1587
241: 1375,1916,1321,978,934,1019,660,166,773
242: 553,1010,845,655,276,1396,1371,872,192,1104
243: 880,103,122,273,1352,1883,1744,1369
244: 1488,1310,1475,712,615,1093,1482
245: 1857,75,1565,856,996,874,240,1282,1587
246: 666,1469,1622,1637,1545,114,1054,799
247: 221,234,290,1645,1708,629,671,69
248: 914,1803,678,232,227,1702,988
249: 1510,1648,823,1596,194,1330,178,1081
250: 765,1502,98,853,479,528,1666,1360
251: 237,1927,563,1241
252: 2003,179,1081,1987,1388,1139,398,368,1755
253: 1954,410,625,466,733,2017,119,1416,709,1424,1150
254: 1185,772,864,125,1732,411,1669
255: 1188,1924,1344,1148,873,1631,1446,197
256: 521,1507,1625,753,902,1528,1385,792
257: 1704,1159,1214,850,839,1591,171
258: 565,53,601,1505,602
259: 795,1012,867,79,1938,1894
260: 1926,397,1901,790,499,424,264,1339,747
261: 1983,385,1188,1924,1344,555,1024
262: 1632,811,1013,226,870,639,1494,182,139,1326,889,388,508
263: 1211,685,772,864,1571,1941,1302,1953
264: 589,1282,1339,2009,260,790
265: 1618,833,620,1264,1190,1974,1255,968
266: 1786,1465,1578,631,684,591
267: 636,386,269,745,1550,675,1430,844,899
268: 496,976,1936,1319,974,1205,1419,1229,296
269: 166,773,700,745,1550,636,267
270: 314,957,415,1238,1096,1809,1138,295,411,125
271: 486,384,1036,10,1925,1939
272: 108,1298,2017,389,871,101
273: 813,1352,1883,452,1744,1070,349,1056,243
274: 970,1420,286,106,1982,1895
275: 855,1200,1425,1399,1948,473,1243,1167,2004
276: 1559,294,280,1396,1371,872,52,553,242
277: 916,831,927,598,878,938
278: 782,815,1719,1830,2005,343,1990,1366,545,1798
279: 525,1078,1963,815,1911,545
280: 1559,276,294,1396,1371,1789,52,1962,1886
281: 1098,1542,1236,1558,751,708,1028,1943
282: 19,619,364,449,419,173,996,904,433
283: 1029,1980,1852,1000,344,560,1530
284: 1668,816,932,1584,1688,1724,947
285: 1655,991,1545,1741,1054,1974,968
286: 1760,1881,1588,274,1420,104,1387,896,106,1895
287: 1753,1147,307,549,1582,1512,1919
288: 1197,406,954,726,174,2012,550,1187
289: 407,369,1242,1201,399,153,524,1496,1495,482
290: 221,234,247,1645,1708,1443,1623,1270,629,69,148
291: 89,115,1684,450,109,836,316,1972,705,741,1250
292: 17,1521,915,673,1119,860,1183,1455,1043,1085,1831,1524
293: 1931,894,1181,495,442,1101
294: 1559,276,280,1041,1887,1064,1789,1962
295: 1809,1138,1882,1979,270,411,125
296: 1229,1898,268,496,1913,1419,436,1734,1109
297: 331,99,552,1932,595,418,588,1383,142,1829,366
298: 1333,950,1841,861,891,554,1184
299: 830,1581,99,1113,552,930,323,427
300: 205,978,400,432,1375
301: 1447,1837,1418,1830,2005,443,1198
302: 1156,1421,1781,26,696,147,22,1667,1376,1478
303: 128,532,1828,1211,231,829,1005
304: 2020,1536,431,1179,2014,1712,600,1213
305: 174,2012,680,1208,1875,1641,1182,726
306: 1470,1175,665,1946,583,1055,836,316
307: 1773,549,693,897,1582,607,1155,287
308: 1721,1517,852,416,1219,737,674,1504
309: 112,931,593,948,1860,351,221,234,1443
310: 1782,1611,425,881,966,1509,458,96
311: 1265,891,1689,1246,1407,861
312: 1329,94,30,1132,1793
2020: 304,1536,431,2014,1633,1095,1328,600
314: 270,415,1238,1180,411,1669,95
315: 1912,1838,1262,590,704,1490,777
316: 836,1055,306,583,89,115,291
317: 774,1089,11,1417,527,1657,1897
318: 451,760,1965,150,1149,840,223
319: 1774,987,1992,1308,1079,478,169,238
320: 561,578,750,1196,1863,41,1151
321: 591,1923,1267,684,1477,785
322: 1738,470,679,1099,1967,1015,484,1642
323: 930,1616,1710,366,1726,99,1113,552,299
324: 94,30,1832,812,213,1511,1892,1485
325: 707,556,738,797,236,912,1566
326: 1394,226,566,639,1494,182,778,1347,1900,908
327: 856,1977,996,522,544,492,1951
328: 581,155,1302,535,1447,608,1998,616,1971
329: 1891,102,1990,1222,965
330: 584,421,418,1649,1704,1214,850,331,1355
331: 297,1355,99,1164,595,418,366,330
332: 802,834,1408,1773,693,175
333: 163,1429,1670,1554,758,1258,1836
334: 401,1960,349,191,2008,1606
335: 447,605,1131,982,627,531,944
336: 1999,1522,1263,1851,1849,862,214,1791
337: 42,1896,1409,819,1770,594,762,1286
338: 774,1089,712,188,1848,2
339: 697,162,890,1709,405,1984
340: 465,587,735,971,1594,483,373,1303
341: 889,1585,134,1689,1013,1725
342: 1473,989,403,1531,1025,1723
343: 102,847,1990,1222,1366,545,278,815,1406
344: 1785,559,560,1530,283,1000,353,462
345: 1488,1310,981,1475,114,2018,1192,645,1893,1363,200,1469
346: 1626,204,1899,382,654,1635
347: 1384,766,742,154,415,1180,485
348: 878,455,938,831,927,1378,784,727,935
349: 118,334,2008,1114,273,452,1070
350: 135,1318,456,1909,942,1061
351: 873,229,1631,215,357,948,112,309
352: 1445,504,1950,754,1127,1341,1209,1379
353: 1274,824,979,1671,559,344,1530,471,1042
354: 1358,1240,1718,1071,1720,1603,504,1950
355: 1018,1846,828,1088,1235,866,1995
356: 791,1678,1540,1315,1650,410,466,193,1736,1766,1345
357: 1922,1231,1525,677,1244,617,948,229,351,215
358: 402,888,643,1062,1215,1579,879,1094,1871
359: 429,1316,546,1295,732,511
360: 1350,1945,653,1935,1145,1661,949
361: 21,403,1978,1801,1115,135,1909,146
362: 1686,1200,1425,1125,516,189,1401
363: 416,469,505,1759,875,737
364: 19,282,619,1248,706,505,904,433,1759
365: 10,1381,1939,928,1314,503,1480
366: 1710,1829,297,331,99,1113,552,323
367: 1864,1305,1209,1336,1379,1127,1218,1503
368: 252,179,1081,1987,1388,398,178,1796,180
369: 407,1258,1242,1836,289,524,1199,487,419,482
370: 1404,1866,1651,1556,63,775,43
371: 1735,827,611,1032,703,961,1820,1636,141
372: 1202,1320,1361,842,86,54,123,1508
373: 1651,483,1491,1556,1303,340,1594,1608,1956
374: 1519,1750,701,736,729,1659,1756,1921
375: 382,36,919
376: 1361,842,107,1234,1607,183,1210
377: 687,1703,647,1913,592,1026,1790,436,1734,1051
378: 1342,2015,1869,867,79,1093,1482
379: 11,1417,1822,1657,1524,724,816,1065
380: 131,780,1660,434,990,1472,846,1930,1047,1256
381: 1620,1438,521,664
382: 375,1899,204,919,346
383: 1578,631,659,1855
384: 486,271,62,1925
385: 261,1983,557,873,931,1924,1344
386: 1842,636,1783,267,1577,745,1430,844,899
387: 689,925,1295,13
388: 1349,508,1494,139,1326,1843,1632,262,811
389: 272,108,1298,2017,101,768,1776,1954,733,709
390: 515,1969,1597,413,599,1720,512,1168
391: 1617,1030,409,1850,1141,1553,490,1506
392: 144,1289,1994,1552,517,1422
393: 1268,669,113,1453,1221,401,55,1917,191,1606
394: 653,1122,1145,1398,1091,586
395: 1673,1309,1513,1313,640,1823,863
396: 1966,90,1368,869,1244,427,66,1814
397: 260,1926,1901,1610,116,1856,168,903,533
398: 252,179,1987,368,180,1574,225,1297
399: 994,985,1964,655,407,289,1679,1496,1495,185
400: 1375,1916,300,997,541
401: 1960,334,695,1453,1221,56,393,1606
402: 358,888,643,1062,1215,1579,1871
403: 361,21,1531,342,989,1025,135,1318
404: 1753,1147,85,998,769,626,810
405: 1709,1537,905,206,1186,162,339
406: 1584,1688,1197,756,954,288,726,1696
407: 758,1258,369,1242,289,612,1201,655,399,524,1496,1495
408: 2016,795,1894,9,1073
409: 391,1617,1030,1850,1553,1500,202,1506,1818
410: 1954,253,625,466,733,1846,1315,1937,1650,1870,356
411: 1732,1669,270,314,295,254,125
412: 203,1840,744,1102,1290,1728,907
413: 1547,177,188,1597,1724,599,947,1969,390
414: 57,1784,1539,793,49,157
415: 270,314,957,1238,1180,347,154,95
416: 363,469,1219,308,737,674
417: 1771,767,1312,209,1719,906,2005,443
418: 595,1649,1383,1214,850,297,331,1355,330
419: 487,449,369,524,19,282,946,482
420: 1906,133,951,623,699
421: 584,1263,1851,330,1704,171,1849,1143,1653
422: 911,463,1276,1300,105,440,1259,1845
423: 1220,1601,1023,1726,1050,1228
424: 1457,517,75,1282,1339,1610,720,116,1048,260,1926
425: 1782,1611,310,728,133,804,699
426: 16,580,648,1014,609,1989,1292
427: 930,66,830,299,396,1368,869,1814
428: 735,1230,176,1763,1942,1337,667,567
429: 359,1316,526,546,1973,76,1590
430: 1546,830,1581,1398,854,1952,1091
431: 2020,304,1179,2014,1518,1633,1095,190
432: 1375,978,300
433: 505,240,904,449,282,364,1977,173,996,874
434: 1301,473,990,1472,380,1047,1256
435: 1456,1855,1549,1414,659,203,1840
436: 1734,1109,496,1913,1419,296,377
437: 571,695,1453,1501,808,596
438: 1681,708,1844,1028,1698,1918,841,1436
439: 654,212,1635,1348,1440,757,959
440: 105,25,1004,1058,422,463,1259
441: 1735,1792,827,611,491,1890,588,537,1649,1383,142,1214
442: 1019,1706,1101,293,894,776,20
443: 301,2005,1198,417,1082,209,1719,906
444: 164,975,454,1481,923
445: 1938,1395,892,1342,1807
446: 61,1370,1756,1921,1867,1659,1978
447: 335,982,531,777,1204,199,944
448: 1853,1049,1137,509,163,1670
449: 487,544,419,19,282,1977,173,996,433
450: 89,1684,291,1789,52,1962,741,1886
451: 318,1965,1233,1775,217,840,1467,223
452: 273,813,1352,1883,1744,1070,349,2008,1114
453: 2000,1387,896,1749,835,821,1881,1134,1474
454: 1481,164,444
455: 348,938,937,927,1378,727,935,1280,1452,107
456: 350,135,1318,970,1025,1982,1434,1061
457: 1752,555,520,1612,1207,1188,1344,573
458: 126,748,966,1509,1464,96,310,881
459: 489,983,1613,1727,605,1131,2002
460: 236,866,167,1566,1593,1063,1088
461: 591,1267,1955,563,1465,237,658
462: 1839,849,124,945,1785,344,560
463: 422,911,1300,1058,25,440,1126
464: 1638,877,887,110,543,1586,497
465: 963,1705,340,587,1866,483,1303
466: 1954,410,253,625,1315,1650,356,193,1766,1424
467: 1806,43,1538,477,219,1533
468: 156,1100,512,1011,1603,1168,883
469: 363,416,1219,1248,1306,1747,1759
470: 322,1738,652,1099,1154,93,1717,921
471: 1106,551,353,1154,824,979,1042
472: 603,950,1687,891,606,83,1928,1889
473: 434,1243,990,1167,1472,1200,275,1399,780
474: 69,1692,148,1105
475: 1066,1389,1172,1067,201,70,1077,637,1189,1853
476: 1648,823,1596,1906,951,760,1149,1386,749
477: 577,1538,1691,467,536,1004,1533
478: 1694,1278,1079,319,1308,47,238
479: 604,1374,1500,202,1888,250,765,853
480: 1918,1999,841,1522,1251,628,956
481: 1268,113,55,1917,980
482: 19,619,946,369,289,153,998,524,419
483: 1651,373,1491,1556,1303,735,465,1705,340,1866,1594
484: 1642,1492,1162,1299,322,1738,679,1015
485: 1283,1353,1384,347,766,1180,2001,95
486: 384,1036,271,10
487: 449,544,419,369,1836,1199
488: 1779,840,1467,223,690,668,220,1346
489: 983,1140,1484,459,2002,44,1825
490: 187,1526,1431,50,391,1617,1850,1614,1601
491: 574,986,534,441,1792,537,1159,1214
492: 1356,1951,1430,899,1130,522,675,327,856
493: 210,1913,1419,592,863,1936
494: 126,748,1509,817,1626,1635,1440,564,14
495: 29,1137,293,1181,1101,1400
496: 268,976,1936,1319,1913,1419,1229,296,436
497: 879,1586,110,543,1638,464,770,1875,952
498: 608,858,1998,616,1447,1418,1108
499: 260,1901,790,1377,1354,747,903,120,1489
500: 1760,1881,1588,1988,1051,687,647,1745
501: 506,1932,1890,999,955,562,611,187,1526,588,142
502: 937,1991,764,1087,1239,683,1452
503: 513,1961,1314,10,1381,365,1480
504: 1445,352,1950,354,1011,1603
505: 240,904,433,1759,364,363,589,875,1587
506: 1932,501,999,955,562,187,1526
507: 607,1155,897,1184,1437,1285,1097
508: 1677,1349,388,1768,139,81,1326,1632,262,1772
509: 1714,1400,1080,1137,448,163
510: 760,1965,1386,898,1885,851,59
511: 721,820,1295,13,359,546
512: 156,468,1168,1992,515,1815,1969,390
513: 1186,1961,1314,503,1743,1403
514: 1949,865,594,762,1286
515: 1774,987,1992,1815,1969,390,156,512,169
516: 1984,1908,189,1709,1125,362
517: 1552,1457,424,1289,392,1422,783,720,116,1048
518: 1269,1163,1692,663,1105,1762,1555,1450
519: 35,650,1574,582,1479,1307,1976,1413,871,1034
520: 1975,1096,1752,555,1612,457,573,957
521: 1507,664,902,256,381,1438,995
522: 1199,1441,675,544,492,1951,1430,899,327
523: 1460,1257,38,1739,1580,1076,713
524: 153,1496,407,369,1242,289,419,19,946,482
525: 279,1078,1213,1536,1903,1911
526: 429,1316,1973,632
527: 11,1657,1893,781,920,1897,317
528: 137,1731,1682,1888,250,98,853,208,1666
529: 1281,1748,1527,1060,143,1712,1170,960
530: 1714,572,1080,1905,700,1550,1628
531: 1912,1052,32,777,447,335,982
532: 303,1828,65,656,661,1873,1005
533: 903,1580,1610,1856,397,1901,12,168
534: 574,986,491,80,1792,827
535: 581,328,1302,1953,829,1160,616
536: 25,1004,1690,577,477,1542
537: 588,1649,1383,441,1792,491,1214,850
538: 1154,1274,824,979,565,652,1967
539: 585,622,1322,779,1074,1589,1600,39
540: 159,82,1794,1569,1662,1287,1031
541: 1934,579,997,400,1916,129
542: 79,1788,1093,1707,786,1012
543: 110,1121,1323,648,877,464,887,952,497
544: 487,449,1199,522,1441,327,1977,996
545: 847,343,1366,279,1963,278,815,1765,1406
546: 359,429,1316,76,721,511,1165
547: 770,682,1875,952,1854,110,1121,575,1761
548: 1516,1674,1166,826,1107,231,128
549: 307,693,994,1964,185,1753,1147,287
550: 1534,1094,958,1871,174,288,1187
551: 1106,1652,471,1154,824,979,93,921
552: 297,99,1164,1113,1710,366,323,299
553: 242,1010,845,612,655,276,1396,1371,872,1001
554: 2007,1184,1437,1841,861,298,1333
555: 1752,520,457,1344,573,261,1983,1024
556: 646,707,325,738,1647,1737,138
557: 1821,1983,385,931,1623,1269
558: 1687,1265,891,1843,1349,606,1392,83
559: 1671,1785,344,560,1530,353,979,1042
560: 1785,559,344,283,1852,630,945,1839,462
561: 320,750,1196,614,1226,1169,1151,1279
562: 876,955,1636,141,195,1271,2019,1033,1526,1431,506,501
563: 1465,237,251,461
564: 212,1635,1440,111,748,494,1509,817
565: 258,1505,1967,538,1274
566: 1394,226,639,326,744,778,1102,1347,908
567: 667,51,428,862,1942,1337,1251
568: 158,1864,1305,1209,1385,1528,1770
569: 1729,1373,980,620
570: 882,1432,629,671,1868,1834,1471,859,1933
571: 437,1453,1268,669
572: 20,1714,660,530,934,166,700,1550
573: 1188,1344,1148,197,1207,555,520,1612,457
574: 986,534,491,1239,969,1087,80
575: 953,1325,1455,1639,1761,1461,547,1854
576: 133,951,851,59,992,117,1782,1386
577: 1538,477,1691,1690,172,536
578: 320,750,1863,41,1968,92,686,1902
579: 1551,541,1934,803,1916,731
580: 16,426,648,1014,1354,1035,1016,1323,1812
581: 328,1302,535,829,1123,1160,1998,616,1971
582: 184,31,1872,1479,1084,917,1976,650,519
583: 1470,1946,306,109,836,316,1520
584: 421,1958,1263,1851,330,1704,1355
585: 539,1322,779,2021,1390,1046,1074,638,1600
586: 1814,1193,830,1398,394,1145,949
587: 465,963,1705,340,1607,1210,971
588: 595,537,1649,1383,142,441,611,1932,501,1890,297
589: 264,1282,875,1587,1339,505,2009
590: 1262,901,1126,239,1300,704,315,1838
591: 461,321,1267,1465,266,684
592: 210,1913,1419,493,716,1026,1790,1261,1734,1703,377
593: 112,309,931,221,234,1645,1443,1623
594: 1372,1642,1492,337,1409,1286,1949,514,865
595: 418,588,1649,1383,142,850,297,331
596: 6,613,1501,808,437
597: 1949,1487,865,1642,1738,1717
598: 277,916,1224,1590,1039,878
599: 228,1720,947,413,390,1603,1168
600: 1771,1328,1312,1903,1095,2020,304,1536
601: 258,53,746,1713,641,1090,602
602: 1658,1171,1505,140,746,258,601
603: 1333,950,943,472,1928,1889,1063,233,1562,1088,1640
604: 479,1374,1500,202,1656,765,853
605: 335,1131,982,627,32,40,1613,1727,459
606: 1332,83,1687,558,472,1593,1889
607: 1582,1155,507,897,1773,307
608: 858,1998,1529,498,616,328,1447,1971
609: 832,1504,1989,48,1426,674,1035,16,426
610: 698,962,807,1110,1693,1879,1423,1175
611: 1735,441,371,955,1636,501,1890,588,1383
612: 553,1010,845,1201,655,1049,1554,407,758
613: 1136,1501,596,6
614: 1433,1334,1226,1968,561,750
615: 1788,1093,1482,1310,244,712
616: 608,1998,1529,498,581,155,328,535,1971
617: 207,948,1244,755,1922,357,1525
618: 17,1191,915,673,1119,857,196,200,781,68,1831
619: 19,282,1248,946,364,482,706,998
620: 1618,833,265,569,1729,1373,968
621: 797,236,866,167,1413,101,1008,1298
622: 539,1322,71,1589,39,1644
623: 749,752,1780,699,1906,420,133,951
624: 1027,27,1234,1216,183
625: 1954,410,253,466,733,1650,709
626: 1306,810,1747,404,85,706,818,1468
627: 605,335,1131,944,983,1140,1787
628: 751,722,940,956,1251,51,480,1522
629: 1432,570,671,247,290,1708,69,1711,1105
630: 1765,945,1406,1499,60,1852,847,560,1839
631: 1578,383,659,684,1910,266
632: 526,1973,916
633: 1338,818,33,1266,1517,852,1697,1178,848
634: 37,1742,1803,1715,678
635: 1434,1061,1947,1384,7,766,1142
636: 1783,386,267,731,773,269,745
637: 29,1137,1778,1172,475,70,1853
638: 1103,1769,1390,161,1074,585,1600,984
639: 226,566,326,1494,182,1347,1900,889,262
640: 1823,1861,395,976,1936,863
641: 838,1090,1020,644,746,53,601
642: 1327,965,1194,1798,1837,1830,1990
643: 358,402,888,1062,1541,1898,1109,1579,1751,1120,1871
644: 960,641,838,1090,143,718,984,1364
645: 114,2018,1192,1363,200,1469,1488,981,345
646: 556,738,1677,1647,1737,1332,1772
647: 34,687,1703,377,1051,1760,1881,500,1588,1988
648: 16,426,580,1014,822,1037,543,1323,887
649: 1667,1390,1046,2000,1749,835,696
650: 519,1574,582,31,1872,1479,1084,1307,1976
651: 1532,1758,1564,1563
652: 1738,470,679,1099,1967,1154,538,824,921
653: 1935,1122,1436,394,1145,1681,360
654: 1635,439,1440,1899,959,346
655: 553,242,1010,612,1201,1371,399,1104,985,407,1495
656: 1335,65,1116,1664,532,1828
657: 1059,1819,1291,1968,730,686,1433
658: 237,1970,1927,461,1267,1955,1423
659: 631,383,1910,435,1855,1414
660: 20,1714,572,978,934,1019,241,1321,166,700
661: 1865,1123,1873,1005,1160,532,1451
662: 1187,22,1676,1696,958,1449,1781,26
663: 1727,1412,1105,518,1163,1692,1555,1450
664: 521,1507,381
665: 1175,1981,1946,306,1693,698,1110,1055,1800
666: 1469,1622,1637,246,1054,799,1245,1957
667: 1594,51,1608,567,735,428,940
668: 761,217,905,220,840,1467,488,1346
669: 1268,113,393,571,1453,1221
2018: 114,1741,1192,149,645,196,1363,200,1469,345
671: 1432,570,629,1868,1471,247,1708
672: 1825,232,227,1567,1664,1116,678,1702
673: 17,1191,1521,618,915,1119,292,781,1831
674: 1426,737,416,308,1721,609,1504
675: 522,1628,1441,745,1550,267,492,899
676: 1548,1877,1223,825,1673,1513,1313,1272
677: 1231,357,1525,1493,90,1244,1519,1750,701,736,895,229
678: 914,1803,248,1715,1484,634,232,227,672,1702
679: 322,1738,652,1099,1967,1015,1658,1505,484
680: 174,2012,305,1208,1875,1215,879,1094
681: 1066,1683,1067,1604
682: 547,770,1875,952,1761,1641,1654
683: 1452,1202,1320,924,1087,502,937,1239
684: 1578,631,1910,266,321,591,785
685: 1211,1107,263,230,231,1979,1516,864,1571,1953
686: 92,1902,1811,657,1059,1968,578,750
687: 1703,647,377,1734,1051,500,1988
688: 12,38,1794,1569,168,1856,1203,1580,713,1031
689: 387,925,1908
690: 1779,488,223,150,1648,1746,194,1357
691: 1700,1915,74,739,1157,1985
692: 233,1097,1393,1562,1285,943,828,1640,837,1068
693: 1773,307,549,175,332,152,994
694: 193,1324,1736,1766,1424,137,1731,1150
695: 437,1453,1221,56,808,401,1960
696: 1156,302,26,147,2000,649,1667
697: 1403,162,339,890
698: 610,962,807,1110,1568,1175,665,1981
699: 623,1780,425,420,133,951,804,1083
700: 166,773,269,745,1550,660,572,530,1321
701: 1519,374,736,1231,677,895,1756,1921,229
702: 1506,1818,1497,1500,1174,765,1700,1757
703: 157,1427,961,1539,1816,1032,371
704: 911,1300,590,1126,315,1490,715
705: 109,836,1972,291,741,1250
706: 619,1248,946,364,998,626,1306,810
707: 325,556,738,1737,31,138,236,912
708: 438,1844,1028,281,1558,1599,1943
709: 119,1416,108,2017,389,253,625,733
710: 767,1328,1312,1732,964,1185,1273
711: 91,1247,1721,1699,848,832
712: 1310,244,1897,1089,338,615
713: 1076,218,1153,1031,38,688,1569,1460,523
714: 837,1068,1072,1944,1514,87,1937,1365,1540
715: 1490,222,1904,1802,1152,911,1276,704
716: 1026,1790,1261,64,1609,800,210,592,1561,1810,1212
717: 975,1826,1041,923,1887,121
718: 143,1600,39,984,1364,960,644
719: 186,1032,1047,1256,1930,1701,1118,1271,23,1033,876,1820,141
720: 1610,1602,116,1048,1203,1457,517,424,1422,783
721: 1948,511,820,546,57,913,1165
722: 1690,172,751,628,940,956
723: 1297,151,35,97,1030,1141
724: 1668,816,1065,932,885,1959,801,11,1822,1657,379
725: 1884,1092,1630,1832,1892,1439,1217,1485
726: 1584,1197,406,288,1182,2012,305,1668,932,885
727: 27,935,1280,1378,784,348,455
728: 1611,425,881,81,1768,1621,804
729: 929,1907,1009,1382,145,1750,374,1659
730: 909,1532,657,1291,1458,1433
731: 1916,1321,166,773,579,636
732: 1295,359,1316
733: 1954,410,253,625,101,768,1776,2017,389,119,1416,709
734: 1615,1627,936,1555,1117,1135,1674,1166,826,1575
735: 971,1230,428,340,1594,667,483
736: 1519,1750,374,701,1493,90,1231,677,1921
737: 48,1426,2009,674,363,416,308,875
738: 646,707,325,556,1737,1332,1772,236,1566
739: 805,74,1050,1228,1174,691,1700
740: 91,1296,1247,1929,1861,974,976
741: 1886,1359,89,291,450,705,802,1250
742: 1384,347,7,766,154,1486,942,1975
743: 798,1169,868,1334,1226,1136
744: 412,1840,1102,1728,907,1394,870,566
745: 269,700,1550,1628,1441,675,636,386,267,899
746: 140,1713,1557,641,1090,602,601
747: 1377,1354,1035,1016,48,2009,260,790,499
748: 126,494,1509,817,458,1440,564,111,14,1232
749: 752,623,1780,1777,1906,951,1386,476,823,1596
750: 320,561,578,1968,686,614,1226
751: 1690,722,628,956,1918,1098,281,1558
752: 749,623,1780,1777,1906,1596,184,763
753: 1507,1625,256,1528,1896,819,1770
754: 170,1127,1824,1341,796,1722,352,1218
755: 1814,1193,869,1244,1922,1525,207,617,949
756: 1584,1688,1197,406,954,1696,228,1071,947
757: 1643,1665,959,1880,1348,439
758: 407,1258,1242,612,1201,333,1554
759: 67,169,792,1111,995,1402,902
760: 318,510,1965,1149,1386,851,59,476
761: 668,1775,900,1480,217,905,220,1467
762: 1286,337,1896,819,514
763: 184,1872,138,1737,752,1780,1777
764: 1039,1462,969,1087,878,502,1991
765: 250,1502,853,479,604,1500,702,1818,1757
766: 1384,347,7,742,154,635,1142,485
767: 417,1771,1312,710,209,1273,906
768: 101,1008,1995,1776,1846,389,1954,733
769: 153,998,1679,1496,1964,185,1753,404,1147,946,810
770: 547,682,1875,952,110,879,497
771: 1161,822,1037,974,1205,1296,1292,1014,1319,877,887
772: 1185,864,254,1571,125,1979,263
773: 166,269,700,241,1916,1321,731,636
774: 1089,338,317,1417,1547,188
775: 1806,43,63,370
776: 205,894,1706,442
777: 1490,1904,1152,1277,315,1912,531,447,199
778: 1840,1102,922,1859,908,566,326
779: 585,539,1322,104,1749,2021,1680,1390,1046
780: 131,1340,380,1799,1646,1399,473,1472
781: 1893,1363,200,68,920,1831,618,673,1119,527
782: 278,815,1719,1911,906,1830,2005,1798
783: 1422,136,2006,517,1602,720,1203
784: 1442,1378,348,727,27,935
785: 922,1859,1477,684,1910,321,1367
786: 2016,795,1012,79,542,1707,88,1694
787: 72,1128,1237,1428
788: 962,807,1923,1477,1367,1754
789: 903,1739,1146,120,1257,1639
790: 260,499,264,1339,48,2009,1377,747
791: 1678,356,1540,1685,1543,235,1365,1697,1022
792: 1385,1483,1111,759,995,902,256,1528
793: 1224,1206,57,414,49,1462
794: 1970,1927,1132,1241,30,812,1511
795: 408,786,2016,1012,259,1894,1073
796: 170,754,1127,1341,1722,1920,1797,1225
797: 236,912,167,621,325,917,1413,1008,1298
798: 1501,743,808,1405,1169,1136
799: 1054,1190,1974,1255,1245,968,666,246
800: 165,1021,1293,1609,716,1561,1476,1810,1212
801: 1641,1654,1182,1959,1822,724,885
802: 1250,332,834,741,1359,152,175
803: 1551,579,1783,884,1819,1572,1811
804: 1621,1083,1611,425,728,1780,699
805: 74,739,1050,1228,216,1038,1368
806: 147,1449,1134,1474,1534,1672
807: 698,788,610,962,1754,1568,1175,1981
808: 1501,798,1405,596,437,695,56
809: 1382,910,1157,1288,145,1985,1017
810: 626,1306,998,769,404,85,946,706
811: 1843,1632,262,1013,1246,182,889,388
812: 1879,213,1511,1423,1970,1927,794,30,324
813: 273,1352,1883,452,1114,1560,1733
814: 1108,1327,1194
815: 278,782,1911,279,1963,343,1366,545
816: 724,1668,284,1065,1417,379,1547,1724
817: 748,494,966,1509,212,564,843,111,1232,1410
818: 1338,1468,33,633,1515,626,1747,1219,1517
819: 337,1896,753,762
820: 1948,721,511,973,13,855,913
821: 18,1415,1745,1881,1988,1134,1474,896,453
822: 1161,771,1037,648,1014,877,887
823: 249,476,1510,1648,1596,1149,749,194,1330
824: 353,1154,538,979,652,921,1106,1652,551,471
825: 1716,1223,1324,1736,1766,1345,1448,100,1548,676
826: 130,1116,1575,734,548,1674,1166,231,128,1828
827: 1735,441,1792,371,1427,961,80,534
828: 355,1018,1846,1235,1640,943,692,1562,837,1068
829: 581,535,1953,1211,303,1005,1160
830: 430,1581,299,1398,1113,427,586
831: 277,916,927,1442,1378,348
832: 609,1504,1989,1721,848,91,1292,711
833: 1618,620,265,1729,1373,1655,1974,1255,968
834: 802,1250,332,1408,1595,1972
835: 2000,104,1387,896,453,1749,1134,649
836: 109,316,705,1520,306,583,291
837: 1068,714,1072,692,828,1235,87,1937,1870
838: 960,641,1090,1020,644,1281,53
839: 54,176,1763,1591,171,257,1653
840: 1467,488,223,1233,668,217,318,451,1965,150
841: 1918,1999,480,1847,438,1028,1698
842: 1361,376,107,1234,1607,86,1027,372
843: 977,1876,1878,111,212,817,24,1410
844: 1430,899,386,267
845: 553,242,1010,612,1201,1396,1001,1049,1554
846: 1317,1592,1930,131,1660,380,1256
847: 102,343,1222,1366,545,630,1406,1499,1858,1891
848: 1697,1178,1699,633,1721,852,832,711
849: 1839,1858,462,124
850: 257,1704,1214,595,418,537,1649,1383,330
851: 1906,576,951,59,510,760,1386
852: 308,1721,1517,633,1219,848
853: 250,765,98,1888,479,604,1374,137,528
854: 214,1791,1847,1952,1091,1958,1851,430,1546,1581
855: 1200,1425,275,1948,820,973,2004
856: 327,1565,1977,996,874,1356,492,1951,1857,245,1124
857: 103,122,17,1191,618,196,68,1831
858: 608,1529,498,1108
859: 1838,1933,1471,1262,239,570
860: 1460,1002,1257,1183,1076,1521,915,292
861: 1407,1841,311,891,554,298
862: 1849,1143,1337,1251,567,336,1522
863: 210,1419,493,640,1823,395,1309,976,1936
864: 1185,772,254,1571,263,685,1941,1273
865: 1949,514,1487,597,594,1642,1492,1286
866: 236,460,167,621,1928,1593,1063,355,1088,1008,1995
867: 1342,378,79,1093,1938,1012,259
868: 1458,1334,1226,1136,743
869: 1966,396,90,1368,1244,427,1814,755,1193,1922,1525,207
870: 1394,226,1494,744,139,1523,1326,262
871: 272,108,1298,1307,1976,1413,519,1034,1195
872: 276,1371,553,242
873: 351,1631,1446,112,931,1188,1924,255,385
874: 1565,856,1977,996,240,433,1857,245,1587
875: 589,1587,505,363,2009,737
876: 1820,141,562,1701,719,1118,195,1271,23,1033
877: 1638,464,887,78,1161,771,822,1319,543,1586
878: 348,938,1991,277,927,598,764,1039
879: 1215,1579,1586,497,770,1875,358,680,1208
880: 243,103,122,1827,1153,1227,1056,1744
881: 1611,310,728,458,1523,96,81
882: 1432,570,1933
883: 1385,1483,468,1100,1011,1445,158,1209
884: 1842,1783,803,1572,92,1044,1811,1463
885: 724,1668,1065,932,801,1182,726
886: 1045,1204,199,1277,1874
887: 877,464,648,1014,1161,771,822,543,1323
888: 358,402,643,1062,1638,1541,1898,1579,1120
889: 1585,341,1900,639,182,262,811,1013
890: 697,339,1984
891: 1687,311,1265,558,861,298,950,472
892: 1957,1342,2015,1573,1007,1395,1807,1938,445
893: 1570,1867,1576,1808,21,1531,1978
894: 293,1931,776,1706,442
895: 61,1756,1921,1519,701,1231,677,229,1446
896: 104,1387,453,1749,835,821,1881,286,1588,1420,1895
897: 2007,1437,1285,1408,1595,1773,307,607,1155,507
898: 24,992,1885,1249,59,510
899: 492,1430,844,1130,745,522,1441,675,386,267
900: 1775,1480,761,1961,905,206
901: 1262,590,1126,239,1943,1058,1236
902: 521,1507,256,759,792,1438,995
903: 533,1739,1580,789,397,1901,499,168,120
904: 505,240,433,1759,282,1248,364
905: 28,405,1537,206,220,668,900,761
906: 782,1719,1911,417,1771,767,1312,1903,443
907: 1728,1464,412,744,1523,96
908: 1347,1367,922,1859,778,1102,226,566,326
909: 1532,730,1458
910: 1382,809,1997,1157,1288,145,73,1252,1331,1907,1009
911: 422,463,1276,1300,704,715
912: 797,236,167,707,325,31,917,1976,1413
913: 57,2004,1784,1165,1948,721,820
914: 1803,248,678,988
915: 17,1191,1521,618,673,292,860,1002,1827
916: 277,831,598,1973,632,1590
917: 1307,1976,1413,582,31,797,236,912,1298
918: 1335,1391,1702,988
919: 204,36,375,382,1456,1549
920: 1893,781,1831,1119,527,1657,1524
921: 93,1717,470,652,1099,1154,824,1652,551
922: 1859,1477,785,778,1347,1367,908
923: 1481,1675,84,717,444,975,121
924: 683,1202,1320,986,1239,1159,1591
925: 689,387,13,1908,189,973
926: 1813,1040,1996,159
927: 277,831,1378,878,348,455,938
928: 1381,365,1133,1939,1583,1249
929: 729,1907,1009,1021,1576,1476,1570,1659
930: 323,427,1616,66,1726,299
931: 112,309,593,873,1623,557,385
932: 724,1668,284,885,1182,1584,1688,1197,726
933: 1473,989,1026,1284,1808,1212,34
934: 978,1019,20,660,572,241,1375,1321,166
935: 727,1027,27,1280,784,348,455,107
936: 1762,1555,1117,1135,1615,1627,1450,734,993,1166,1575
937: 455,502,938,1991,1280,683,1452
938: 878,348,455,937,1991,277,927,1280
939: 1620,1438,995,1402,47,72,1128,1862
940: 172,722,628,667,51,1608,967
941: 1407,1841,1725,1397,1689,109,1520
942: 146,1486,1177,350,1909,1061,7,742
943: 1333,603,950,1285,1928,233,692,1562,1018,828,1640
944: 1204,1351,447,335,627,1787
945: 630,1499,1852,560,1839,462
946: 19,619,1248,482,706,153,998,524,769,419,810
947: 228,599,284,1584,1688,756,1724,413
948: 617,357,351,215,112,309
949: 207,1661,755,586,1193,1145,360
950: 298,1333,603,943,472,1687,891,1184
951: 1906,420,576,133,851,59,1386,749,623,699,476
952: 547,770,682,1854,1461,110,1121,543,497
953: 1325,575,1455,1639,1761,1257,1183
954: 1197,756,406,288,1187,1676,1696,1071
955: 1636,141,562,611,506,501,1890
956: 751,722,628,1251,1918,480,1558
957: 270,415,1238,1486,1975,1096,520,154
958: 1534,550,1449,1187,1676,662
959: 1643,1665,757,1899,654,1348,439
960: 838,644,143,718,1170,1281,529
961: 703,157,1427,1032,80,1735,827,371
962: 698,788,610,807,1923,1955,1423
963: 465,1705,587,77,1210
964: 2001,1732,1669,95,1095,1328,1312,710
965: 1327,642,1798,1990,1222,329
966: 1509,817,458,1232,117,1782,310
967: 1956,1691,1608,1491,172,940
968: 1974,1255,799,1373,285,1655,833,620,265
969: 764,1462,1087,80,49,1427,574
970: 274,1420,1025,1723,1318,456,106,1982
971: 735,1230,1508,1607,340,587
972: 1817,136,2006,1196,1863,1996,127
973: 820,189,925,13,855,1425
974: 771,1037,1205,1296,740,1861,268,976
975: 717,164,444,132,1826,1041,923,121
976: 268,496,1936,1319,740,640,1823,1861,974,1205,863
977: 62,843,1876,111,1880,212,1348
978: 934,1019,1706,205,660,300,241,432,1375
979: 353,1154,538,1274,824,559,1530,551,471
980: 481,1917,569,1173,1729
981: 1488,1310,1897,345,1192,645,1893,1363,200
982: 447,605,335,32,531,1052,40
983: 489,1140,1484,459,1131,627,1787
984: 1600,718,1074,1103,638,1364,644
985: 399,1104,152,994,1964,1371,192,1359,655
986: 574,534,491,1239,924,1159,1214
987: 1774,319,1992,515,1969,1308,188,1597,2
988: 232,914,248,918,1702
989: 933,342,1473,1284,1808,34,403,1531,1723
990: 1301,434,473,1243,1167,1472,380,1047
991: 285,1655,1733,1545,1741,149,1369
992: 24,1232,898,1410,117,576,59
993: 1619,1674,1166,936,1117,1835,1135,224
994: 399,152,985,1964,549,693,175,185
995: 939,1438,1402,67,759,792,521,902
996: 327,1565,856,1977,173,874,449,544,282,1951,240,433,245
997: 400,1176,129,541
998: 153,1679,769,1753,404,619,946,482,706,810
999: 506,1932,501,187,1601,1023,1829
1000: 283,1980,1274,344,1530
1001: 1189,1049,1053,1396,553,845
1002: 860,1460,1257,1076,1827,17,1191,1521,915
1003: 1614,1220,1174,1850,1506,1497
1004: 105,25,536,440,477,1533
1005: 661,1873,1160,532,303,829
1006: 106,1680,1982,1434,1947,1322,1589
1007: 1573,1395,1190,1245,1957,892
1008: 101,1995,768,797,866,167,621,1088,1298
1009: 729,929,1907,73,1331,1382,910,165,1021
1010: 553,242,845,612,1201,655,1104
1011: 468,1100,1603,1445,504,883,1209
1012: 786,2016,795,259,867,79,542
1013: 1632,262,811,1246,889,341,1689
1014: 426,580,648,1989,1296,1292,771,822,1037,887
1015: 322,679,1299,1658,1171,484,1162
1016: 1377,1354,747,1035,48,16,580
1017: 1985,198,1380,1493,809,145,1750
1018: 355,828,1088,1235,1640,943,1928,1562
1019: 978,934,1706,442,1101,20,660,241
1020: 641,838,1281,1459,53,1029,1980
1021: 165,800,1293,929,1907,1009,1576,1561,1476
1022: 1697,1178,1699,1543,791,1685,1304
1023: 1710,1829,1726,999,423,1220,1601
1024: 1362,1544,261,1983,1752,555
1025: 970,1420,1723,342,1473,403,135,1318,456
1026: 716,1790,1261,592,1284,1212,34,1703,377,933
1027: 27,935,624,842,107,1234,183
1028: 1681,708,438,1844,1918,841,281,1558
1029: 60,283,1980,1852,1020,1459,1605
1030: 391,1617,409,1141,723,151,97,1553,1764
1031: 218,1153,713,540,38,688,1569,1662
1032: 1816,186,719,703,961,1820,371
1033: 1118,1940,195,1271,2019,23,1701,719,876,141,562,1431
1034: 97,1195,1764,1307,35,519,871
1035: 747,1016,48,1426,609,16,580
1036: 486,271,1743,10,1314
1037: 1161,771,822,974,1205,1296,1292,648,1014
1038: 1985,198,1380,1493,805,74,66,216,1368
1039: 764,1462,1224,598,878,1991
1040: 1813,1151,1279,926,1996,1196
1041: 717,975,1826,1887,1805,1559,294
1042: 353,1671,559,1106,471
1043: 1959,1085,1455,1761,292,1654
1044: 92,1902,1144,1811,1463,1842,884,1577,1572
1045: 886,1204,1351
1046: 649,1390,104,1749,2021,585,779
1047: 1816,186,719,1256,380,1301,434,990,1167,1472,1539,1930
1048: 1602,720,116,1552,1457,517,75,424,1926
1049: 1001,1189,448,845,612,1670,1554
1050: 805,739,1228,423,1726,1616,66,216
1051: 1734,1109,687,647,377,1120,18,1415,1745,500,1988
1052: 1912,531,1838,1933,32,1432,982
1053: 201,1805,1077,1559,1396,1001,1189
1054: 1974,1255,799,1245,285,1545,114,666,246
1055: 1884,1092,1800,1110,665,306,115,316
1056: 218,1153,1227,118,273,1744,1070,880
1057: 1762,1835,1821,1269,1163,1544
1058: 1542,1236,25,440,901,1126,463,1300
1059: 657,1819,1291,1968,1572,92,686,1811
1060: 1748,1527,529,1712,1170,1179
1061: 1434,635,350,456,942,7
1062: 358,402,888,643,1751,1120,1415,1534,1672,1871,1474
1063: 1928,1593,1889,603,866,460,1088
1064: 1887,1535,1789,45,1684,294,1962
1065: 724,1668,816,885,11,1417,1822,1657,379
1066: 681,1683,1778,1389,1172,475,1067,70
1067: 164,132,681,1066,1389,475,1077
1068: 837,714,1072,1514,692,1097,1393,828
1069: 1512,1294,1919,1582,1155,1393,1514
1070: 273,452,1744,349,118,1056
1071: 228,1718,1720,1688,756,954,1696,354,1240,1634
1072: 837,1068,714,1944,1514,1393,15
1073: 9,1428,408,2016,795,88,1237
1074: 1390,161,585,539,1103,638,1600,984
1075: 1199,1628,1441,163,1905,1429,1836
1076: 1153,713,1227,860,1460,1002,523,1827,1191
1077: 1053,201,1805,1067,132,1826,1389,475
1078: 279,525,1454,1963,1213,1527,1765
1079: 1848,1707,319,1308,478,1694
1080: 1714,509,530,163,1905
1081: 252,179,1388,368,249,194,1755,1330,178
1082: 209,1941,1273,155,1302,443,1198
1083: 1621,1647,804,1737,1780,699
1084: 1796,1624,1479,1777,184,582,1872,650
1085: 1043,1959,1455,1119,292,1822,1524
1086: 2002,1627,1450,1727
1087: 764,969,80,502,1991,574,1239,683
1088: 355,1018,1640,603,1928,1889,1063,866,460,1008,1995
1089: 774,338,317,712,1897
1090: 641,838,644,746,1713,1364,601
1091: 854,1847,1952,430,1398,1122,394
1092: 1055,1884,725,1800,1693,213,1892,1485
1093: 79,1788,542,615,1482,244,378,867
1094: 1534,550,1871,1215,358,174,680
1095: 1633,1283,2001,964,2020,431,1328,1312,600
1096: 1975,1752,520,1362,270,957,1238,1809
1097: 233,692,1393,1285,1155,507,1068
1098: 1542,281,1236,1558,1690,751
1099: 322,1738,470,652,679,1967,1154,1717,921
1100: 156,468,1011,1815,1483,1111,883,158
1101: 1019,442,293,495,20,1714,1400
1102: 412,1840,744,778,908,1394,226,566
1103: 1225,638,1769,161,1074,1376,984,1722,1364,1444
1104: 152,985,1371,192,242,1010,655
1105: 1711,1412,663,629,474,518,69,1692,148,1450
1106: 1652,551,471,824,1042
1107: 1211,230,231,685,1516,548,1571,128
1108: 814,1418,858,498,1194
1109: 436,1734,1051,1898,296,643,1120,18,1415
1110: 698,610,1693,1879,1055,1800,1175,665
1111: 1483,792,1815,156,1100,759,169
1112: 1874,1986,222,1802
1113: 99,1164,552,366,1958,323,1546,830,1581,299
1114: 191,2008,1498,349,813,1352,452,1560
1115: 1801,1207,361,1909,146,1177
1116: 130,826,672,1567,1664,128,1828,656
1117: 1762,936,1555,1835,1135,1627,734,993,1166
1118: 1940,195,1271,2019,23,1033,1139,1317,1930,1701,719,1767,1435,876
1119: 17,618,673,292,1085,781,920,1831,1657,1524
1120: 1751,18,1415,1898,1051,1109,888,643,1062
1121: 110,543,1323,1812,1461,547,952,1854
1122: 653,1436,394,1847,1952,1091,1681,1698
1123: 661,1865,1160,581,1971
1124: 1552,1857,1356,1951,1130,1565,856,1289
1125: 1709,28,1537,516,1401,362,1686
1126: 1262,590,901,1058,1236,463,1300,704
1127: 170,754,1824,1341,796,1445,352,367,1379,1218,1833
1128: 787,72,1237,1862,88,1278,47,939
1129: 1746,194,1755,1357,131,1340,1660,1388,1592
1130: 1356,492,1951,1430,899,1577,1289,1730,1124
1131: 605,335,627,1613,983,459
1132: 1241,794,312,30
1133: 1925,1939,928,1876,1878,24,1249
1134: 147,1449,806,1474,821,2000,453,835
1135: 936,1555,1117,1835,1627,734,1674,993,1166,1575
1136: 613,868,1501,743,798
1137: 29,495,637,1853,448,509,1400
1138: 1809,1882,1979,295,224,1362,1544,270
1139: 2003,252,179,1987,1317,1592,225,1767,1435,1118,1940
1140: 489,983,1484,627,1742,1787,1715
1141: 391,1617,1030,723,1767,151,50
1142: 1,1589,1629,635,1947,1384,766,1353
1143: 1849,862,1337,1653,171,421,1263,1851
1144: 92,1902,1044,1463,144,1730,1994,41
1145: 653,1935,394,1398,586,1193,949,360
1146: 1461,120,1489,789,1812,1325,1639,1854
1147: 185,1753,404,287,85,549,769,1512,1919,1468
1148: 1188,573,255,61,1370,1631,1446,1801,197
1149: 318,760,150,1386,476,1648,823,194
1150: 137,1731,253,1888,1416,1424,694
1151: 1813,1279,1040,1996,320,561,1196,1169
1152: 1490,222,1904,1802,715,777,1277,1874,199
1153: 1076,218,713,1227,1031,1056,1662,880,1827
1154: 538,824,979,470,652,1099,1967,93,921,1652,551,471
1155: 1582,607,507,897,1285,307,1097,1393,1512,1069
1156: 1421,302,696,1667,161,1376,1478,1769
1157: 809,910,1997,1288,691,1915,74,1985
1158: 1834,1599,1471,239,1943
1159: 257,1214,986,491,924,1591
1160: 661,1123,1005,581,535,829,1971
1161: 771,822,1037,1205,1319,1638,877,887,78
1162: 484,1372,1492,1336,1299,1503,1015
1163: 1269,518,1692,148,1821,663,1762,1555,1057
1164: 331,1355,99,1113,552,1958,1546,1581
1165: 57,913,721,546,76,1206
1166: 1516,548,1674,993,936,1117,1135,734,826,1575
1167: 1301,473,1243,990,275,2004,1784,1539,1047
1168: 468,512,1603,599,1720,1969,390
1169: 743,798,1405,1226,561,1151,1279
1170: 1644,1712,190,143,960,529,1060
1171: 1658,602,140,1299,1833,1015
1172: 1066,1683,1778,1389,475,70,29,637
1173: 1729,1311,1560,1917,1498,980
1174: 1220,1003,702,1506,1497,1700,739,1228
1175: 665,1981,1946,306,698,610,807,1110,1568
1176: 1758,1564,129,997
1177: 146,1486,942,1115,1207,1975,1612
1178: 1697,1022,1699,848,633,1266
1179: 304,1536,431,2014,1712,190,1527,1060,1213
1180: 314,415,1384,347,154,1283,485,1669,95
1181: 293,1931,1598,1778,29,495
1182: 1641,801,2012,305,932,885,726
1183: 860,1257,953,1455,1639,1521,292
1184: 2007,554,1437,1285,298,1333,950,507
1185: 772,864,254,1732,710,1273
1186: 513,1961,1403,162,405,206
1187: 1676,662,1696,550,958,954,288
1188: 1924,1344,573,255,1148,873,1446,197,1207,261,457
1189: 1001,1853,1049,475,1053,201,70
1190: 1974,1255,799,1245,265,1264,1007
1191: 17,618,915,673,1076,1002,103,857,1827
1192: 114,2018,149,645,196,1893,1363,200,68,1469,981,345
1193: 1814,755,586,869,1145,207,949
1194: 1327,642,1837,1418,814,1108
1195: 97,1034,1764,1656,108,871
1196: 320,561,1863,972,1151,1040,1996
1197: 1584,756,406,954,288,726,174,2012,932
1198: 301,1447,2005,443,1082,209,155,1998
1199: 1075,522,1628,1441,1429,369,1836,487,544
1200: 855,362,1686,1425,275,1399,473,1243
1201: 1010,845,612,655,407,758,1242,289,1495
1202: 683,1452,1320,372,924,86
1203: 1610,1602,720,1856,2006,783,82,12,1794,688
1204: 886,1045,1351,199,944,1277,447
1205: 1161,771,1037,974,1296,1861,268,976,1319
1206: 793,1224,1590,76,57,1165
1207: 1801,1115,197,1188,573,146,1177,1612,457
1208: 174,680,305,1875,1215,879,1641
1209: 158,1864,568,367,1379,1011,1445,352,883
1210: 77,183,376,1607,963,587
1211: 1107,263,231,685,303,1953,829
1212: 1561,1284,1810,1609,800,716,1026,1790,933
1213: 525,1078,304,1536,1179,1527
1214: 257,1704,1159,850,441,986,491,418,537,1649,1383,330
1215: 1579,879,358,402,174,680,1208,1094,1871
1216: 77,183,624
1217: 1439,1343,1485,84,1832,1675,725
1218: 1503,1833,754,1127,1824,367,1379
1219: 416,469,1747,818,308,1517,852
1220: 423,1614,1601,1174,1003,1023,1228
1221: 695,1453,401,669,393,55,1606
1222: 102,847,343,1990,1366,965,1891,329
1223: 1716,825,1548,1877,676,1673,1513,1313
1224: 793,1206,1590,598,1039,1462
1225: 1103,1769,1376,1920,796,1722,1444
1226: 614,1334,868,561,750,743,1169
1227: 1076,218,1153,1056,1744,880,103,1827
1228: 805,739,1050,423,1220,1174,1700
1229: 1541,1898,296,268,496,1319,1638,78
1230: 735,971,1508,428,123,176
1231: 357,1525,677,1519,701,736,895,229,215
1232: 992,1410,117,111,748,966,1509,817
1233: 1583,1885,1775,217,451,1965,840
1234: 842,376,107,1027,27,624,183
1235: 355,1018,1846,828,837,1937,1870
1236: 1098,1542,281,1058,25,901,1126,1943
1237: 787,1128,2016,88,1278,1428,1073
1238: 270,314,957,415,1096,154,1809
1239: 574,986,1087,502,683,924
1240: 354,1358,58,1634,1696,1718,1071
1241: 1132,251,1927,794
1242: 407,758,1258,369,289,1201,524,1495
1243: 1301,473,990,1167,1472,1200,275,1948,2004,1784
1244: 1966,396,90,1368,869,1814,755,1922,357,1525,677,617
1245: 1054,1190,1255,799,666,1637,1007,1957
1246: 1843,1632,811,1013,1689,311,1265
1247: 91,740,711,1699,1304,1929
1248: 619,946,364,706,1306,904,1759,469
1249: 1583,1885,1878,1133,928,24,898
1250: 802,834,291,1972,705,741,1359
1251: 862,51,567,480,1522,628,956
1252: 1666,73,1331,1411,1360,1502,98,910,1997,1288
1253: 64,1293,1609,1272,1260,1309,1313
1254: 1868,1834,1599,1795,1935,1681,2013,1945
1255: 1054,1190,1974,799,1245,968,1618,833,265,1264
1256: 186,1047,719,380,434,846,1930
1257: 860,1460,1002,523,1183,1739,789,953,1639,1521
1258: 407,758,369,1242,1836,1429,333,1554
1259: 1845,105,440,422
1260: 208,1877,46,1331,1253,1293,1272,165
1261: 716,1026,1790,1309,64,1609,210,592
1262: 590,901,1126,239,1471,315,1838,859
1263: 584,421,1851,1849,1143,1791,336
1264: 1618,265,1190,1255
1265: 1687,311,891,558,1843,1632,1246,1392
1266: 1543,235,1944,1338,33,633,1697,1178
1267: 461,321,591,1923,1955,658
1268: 481,669,113,393,571
1269: 518,1163,1692,148,1645,1623,1821,557,1057
1270: 1350,2013,1945,1860,1661,234,290,1708,1443
1271: 1118,195,2019,23,1033,719,876,141,562,1526
1272: 1253,1293,1260,1548,1877,676,1513,1313
1273: 1082,209,1941,1185,864,767,710
1274: 353,538,979,565,1000,1530
2016: 408,786,795,1012,88,1694,1073,1237
1276: 422,911,1845,1986,1802,715
1277: 222,1904,1152,777,1874,886,1204,199
1278: 88,478,1694,47,1128,1237,1862
1279: 1813,1151,1040,561,1405,1169,56
1280: 727,935,455,938,937,1452,107,86
1281: 1459,1748,529,960,838,1020
1282: 589,264,1587,1339,245,75,424
1283: 1633,1095,1353,485,1180,2001,95,1328
1284: 1576,1561,1808,1810,1212,1026,933,989,1531
1285: 897,1184,1437,1333,943,1155,507,233,692,1097
1286: 762,42,337,1409,594,514,865
1287: 118,1662,159,540
1288: 1382,809,910,1997,1157,1502,1915,73,1252,1360,1985
1289: 144,392,1730,1994,1356,1130,1552,517,1857,1124
1290: 1626,204,1549,203,412,14,1728
1291: 657,1059,1819,1563,1551,1532,730,1433
1292: 91,1296,832,1989,426,1014,771,1037
1293: 1253,1609,1272,1260,165,1021,800,1810
1294: 1512,1069,1919,15,1515,1582,1393,1514
1295: 387,13,732,511,359
1296: 91,740,1292,1014,771,1037,974,1205
1297: 723,225,1767,151,1435,180,179,1987,398,35,1574
1298: 272,389,871,797,621,917,1307,1413,101,1008
1299: 1503,1833,1658,1171,484,1162,1015
1300: 422,911,463,704,1058,590,1126
1301: 434,1243,990,1167,1539,1816,186,1047
1302: 581,155,328,535,1953,263,1082,1941
1303: 1651,483,373,1556,465,1705,340,1866,1404
1304: 1993,1663,1685,1697,1022,1699,1247,1929
1305: 1864,568,367,1336,1528,42,1896,1770,1372
1306: 626,810,1747,1248,706,1759,469
1307: 917,1976,1413,650,519,1298,871,1034
1308: 1774,987,319,1992,1079,1848,2,478
1309: 395,1513,1313,64,1253,210,863,1261
1310: 1488,244,981,1475,712,1897,345,615
1311: 1173,1729,1373,1560,1498,1655
1312: 417,1771,767,1328,1903,600,710,1095,2001,1732,964,906
1313: 395,1309,1513,1223,676,64,1253,1272
1314: 513,1961,503,1036,1743,10,365
1315: 87,1937,1650,1870,410,466,356,1540
1316: 359,429,526,546,732
1317: 846,1592,1930,1701,2003,1987,1139,1118,1940
1318: 350,135,456,1909,403,970,1025
1319: 268,496,976,1161,771,1205,877,78,1229
1320: 683,1202,372,924,54,123,1591
1321: 241,1375,1916,731,934,660,166,773,700
1322: 585,539,622,779,1006,1680,1589
1323: 110,1121,543,1812,1354,580,648,1461,887
1324: 1736,1766,694,1731,1682,825,100,1548
1325: 953,575,1639,1461,1146,1854
1326: 139,1523,870,1494,182,262,388,508
1327: 965,642,1194,814
1328: 1771,1312,600,710,1633,1095,1283,2001,964,2020
1329: 94,312,1832,1793,1740,181,1343
1330: 1746,194,1755,249,1648,823,178,1081,1388
1331: 46,73,1252,1411,1260,910,165,1009
1332: 1772,606,83,646,738,1593,1566
1333: 298,603,950,943,554,1184,1437,1285,233,1562
1334: 614,1433,1226,1458,868,743
1335: 918,1391,1702,65,656,1664
1336: 1864,1305,367,1503,42,1372,1162
1337: 1849,1143,862,1942,1653,1763,428,567
1338: 818,33,633,15,1515,1944,235,1266
1339: 589,264,1282,75,424,260,1926,790
1340: 131,780,1660,1799,1746,1129,1357
1341: 754,1127,796,1797,352,1950
1342: 892,2015,378,867,1395,1938,445
1343: 1217,84,1329,1832,181,1675
1344: 1188,1924,573,255,261,385,555,457
1345: 193,1736,1766,1650,1678,356,1685,1448,825
1346: 1799,160,1646,668,28,220,1779,1467,488
1347: 1900,1367,1754,908,922,566,639,326
1348: 212,439,1440,757,959,1880,977
1349: 1677,388,508,1843,1632,558,1772,1392,83
1350: 1270,360,2013,1945,1860,1935,1661
1351: 1045,1204,944,37,1787
1352: 273,813,1883,452,1744,1114,243,1733,1369
1353: 1633,1283,485,1384,1629,1142
1354: 1377,747,1016,499,16,580,120,1489,1323,1812
1355: 331,99,1164,418,584,1958,330
1356: 492,1951,1430,1130,856,1289,1730,1552,1124
1357: 1746,194,1129,1755,1779,690,1799,1340,1660
1358: 354,1240,58,1634,1718,1797,1950
1359: 52,192,741,1886,1371,802,1250,152,985,175
1360: 1666,1252,1411,250,1502,98,1997,1288
1361: 842,376,1607,86,372,123,1508
1362: 1024,1544,1096,1752,1809,1138,224
1363: 1893,200,781,68,2018,1192,645,1488,981,345
1364: 1713,1444,1103,718,984,1090,644
1365: 1543,235,714,1944,87,791,1540
1366: 847,343,1990,1222,545,278,815,1798
1367: 1347,1754,908,922,1477,785,788
1368: 1966,396,90,869,1244,805,427,66,216,198,1038
1369: 1741,149,1352,1883,243,122,991,1733
1370: 61,446,1756,1446,1978,1801,197,1148
1371: 276,280,872,52,192,1886,1359,553,242,655,1104,985
1372: 594,1492,1162,1305,1336,42,1409
1373: 569,1729,1311,1655,833,620,968
1374: 479,604,202,108,1656,1888,119,1416,853
1375: 241,400,432,1916,1321,978,934,300
1376: 1478,1920,1156,302,161,1225,1103,1769
1377: 1354,747,1016,790,499,120,1489
1378: 1442,784,831,927,348,455,727
1379: 1864,367,1209,1445,352,1127,1218
1380: 1985,198,1038,1017,1493,74
1381: 365,928,503,1583,1775,1480
1382: 809,910,1288,145,73,729,1907,1009
1383: 595,418,588,537,1649,142,441,611,1890,1214,850,297
1384: 347,766,742,635,1180,1142,1353,485
1385: 1483,792,883,158,568,256,1528,1770
1386: 510,760,1149,1906,576,951,851,749,476
1387: 2000,104,896,453,1749,835,2021,286,106,1895
1388: 2003,252,179,1081,1987,368,1746,1129,1755,1330,1660,1592
1389: 1066,1172,475,1067,132,201,70,1077
1390: 649,1667,161,1046,1074,1749,2021,585,779,638
1391: 918,1335,65,1451
1392: 1772,83,1843,1632,1349,1687,1265,558
1393: 692,1097,1582,1155,1294,1069,1068,1072,1514
1394: 226,870,566,326,1494,744,1102
1395: 1573,1007,1957,892,1342,2015,1807,445
1396: 1559,276,280,1053,1001,553,242,845
1397: 1841,941,109,1972,1520,1595,2007
1398: 430,830,1581,1952,1091,586,394,1145
1399: 1686,1200,275,1646,780,473,1472
1400: 20,1714,509,495,1137,1101
1401: 160,1646,28,1125,220,362,1686
1402: 939,1438,995,47,67,759,1862
1403: 697,162,513,1186
1404: 370,1866,1651,1556,1303,63
1405: 798,808,1169,1813,1279,56
1406: 630,1765,1499,1963,102,847,343,545
1407: 1841,941,1725,861,1689,311
1408: 332,834,1595,2007,897,1437,1773
1409: 42,337,1896,594,1372,1492,1286
1410: 24,1232,992,117,843,1878,111,817
1411: 1666,46,73,1252,1331,1360,1502,98,208,1997
1412: 40,1613,1727,1711,663,1105,1692,1450
1413: 917,1307,1976,31,797,912,621,519,1298,871
1414: 435,659,1910,1859,203,1840
1415: 1751,1120,18,1745,821,1051,1109,1062,1881,1988,1474
1416: 1888,119,709,2017,253,733,1374,137,1150
1417: 11,379,816,1065,774,317,1547
1418: 301,1447,1837,498,1194,1108
1419: 1913,493,592,863,268,496,1936,296,436,1734
1420: 274,970,1025,1723,1473,1760,286,1588,896,106,1895
1421: 1156,1781,302,26,22,58,1634,1478
1422: 1817,136,783,392,1994,517,720
1423: 812,1879,1970,658,1955,610,962
1424: 193,1736,1766,694,1650,253,466,1150
1425: 855,362,1686,1200,275,189,973
1426: 48,2009,737,674,609,1504,1035
1427: 49,703,157,961,969,80,827
1428: 9,1073,787,1237
1429: 163,1905,333,1670,1258,1836,1075,1199,1628
1430: 1356,492,844,899,1130,522,1842,386,267,1577,1730
1431: 490,187,1526,50,1767,195,2019,1033,562,1617
1432: 32,882,570,629,671,1052,1933,40,1711
1433: 614,1334,730,657,1291,1968,1458
1434: 635,1061,1947,456,1006,1982
1435: 225,1767,1297,151,1987,1139,1118,1940,2019
1436: 653,1935,1122,1681,438,1698,1795
1437: 2007,554,897,1184,1285,1841,1408,1595,1333,507
1438: 381,1620,939,995,1402,521,902
1439: 1217,84,1884,725,1630,1535,45
1440: 654,212,1635,1348,439,564,111,748,494
1441: 1075,1199,522,1628,675,1836,745,544,899
1442: 1378,784,831
1443: 221,234,290,1270,1860,309,593
1444: 1713,1557,1364,1225,1103,1722
1445: 352,504,1950,1011,1127,883,1209,1379
1446: 873,229,1631,61,895,1370,1188,255,1148
1447: 301,1418,1198,155,328,608,1998,498
1448: 1663,1678,1685,1736,1345,1716,825
1449: 147,1134,806,1534,958,662,1781,26
1450: 1086,1627,518,1692,1727,1412,663,1105,1762,936,1555
1451: 1391,65,661,1865,1873
1452: 683,1202,455,502,937,1280,107,86
1453: 437,571,695,1221,401,669,393
1454: 1078,1963,1605,1527,60,1765
1455: 953,575,1761,1183,1521,292,1043,1085
1456: 435,1855,1549,36,919
1457: 1552,517,1857,75,424,720,116,1048
1458: 868,909,730,1433,1334
1459: 1281,1748,1605,1020,1029,1980
1460: 860,1002,1257,523,1739,1076,713
1461: 1146,1489,1121,1323,1812,1325,575,952,1854
1462: 764,1039,969,793,1224,49
1463: 1044,1144,1842,884,1577,144,1730
1464: 14,1728,907,126,458,1523,96
1465: 1786,266,563,461,591
2021: 104,1387,1749,1680,1895,1390,1046,585,779
1467: 840,488,223,668,1775,761,217,451,1346
1468: 818,33,1147,85,1919,1515,626,1747
1469: 666,1622,246,114,2018,1192,645,1488,1475,345,1869
1470: 1981,1946,306,583,134,109,1520,1725
1471: 1868,1158,1834,1262,239,570,671,859
1472: 434,473,1243,990,1399,131,780,380,1047
1473: 933,342,989,34,1760,1420,1025,1723
1474: 1134,806,1062,1751,1415,821,1672,453
1475: 1488,1310,244,345,1469,1622,1869,1482
1476: 1576,1561,1021,800,929,1570
1477: 922,785,321,1923,788,1367
1478: 1376,1920,1797,1156,1421,302,58
1479: 1796,1624,180,1084,582,1976,650,519,1574
1480: 1775,900,761,1381,365,1961,503
1481: 181,923,1675,454,444
1482: 615,1093,1488,244,1475,378,1869
1483: 1385,792,1111,883,156,1100,158
1484: 489,983,1140,1742,1825,227,1715,678
1485: 1217,324,1832,213,1892,725,1092
1486: 146,942,1177,1975,1612,7,742,154,957
1487: 1949,597,865,1717
1488: 1310,244,981,1475,345,645,1363,1469,1482
1489: 1461,1146,120,499,1377,1354,1812
1490: 1904,1152,715,777,704,315,1912
1491: 1651,483,373,1556,63,1594,1608,967,1956,1691
1492: 484,594,1372,1642,1162,1409,865
1493: 198,1038,1017,1380,90,1519,1750,736,677
1494: 1394,226,870,639,326,182,1326,262,388
1495: 1679,1496,1201,655,399,407,1242,289
1496: 153,524,1679,1495,769,399,1964,407,289
1497: 702,1506,1818,1850,1500,1174,1003,1700
1498: 55,1917,191,1114,113,1173,1311,1560
1499: 630,1765,945,1406,102,847,1839,1858
1500: 479,604,202,1656,409,702,1506,1818,1497,765
1501: 798,808,613,1136,596,437
1502: 250,765,98,1915,1757,1252,1411,1360,1997,1288
1503: 1218,1299,1833,367,1336,1162
1504: 609,832,1989,308,1721,1426,674
1505: 1658,602,565,258,679,1967
1506: 702,1818,1497,391,409,1850,1500,202,1174,1003
1507: 521,1625,664,753,902,256,1528
1508: 971,1230,372,1361,1607,123,176
1509: 126,748,494,966,817,458,564,1232,310
1510: 249,823,1596,1777,184,178,1796,1624
1511: 812,1879,213,1892,794,94,30,324
1512: 1294,1069,1919,1515,1582,1155,1147,287,1514
1513: 395,1673,1309,1313,1716,1223,676,1272
1514: 1068,714,1072,1944,1393,1512,1294,1069,15,1515
1515: 1512,1294,1919,15,1944,1514,1338,818,1468,33
1516: 1619,548,1674,1166,1979,1107,230,231,685
1517: 308,852,1747,818,33,633,1219
1518: 71,1,1629,1633,190,431,2014
1519: 1750,374,701,736,1493,1231,677,1659,895,1756,1921,229
1520: 109,836,1470,583,134,941,1725,1397
1521: 17,915,673,292,860,1002,1257,1183,1455
1522: 1999,336,480,1849,862,1251,628
1523: 139,96,81,1326,907,1464,870,881
1524: 1822,1657,379,1119,292,1959,1085,920
1525: 1922,1231,357,677,1966,90,869,1244,755,617
1526: 490,187,1431,50,195,1271,2019,562,506,501
1527: 1748,1605,529,1060,1712,1179,1078,1454,1213
1528: 1507,1625,753,256,1385,792,568,1305,1896,1770
1529: 608,858,1998,616,1971
1530: 559,344,283,1000,353,1274,979
1531: 21,403,1284,1808,893,342,989
1532: 651,909,730,1564,1291,1563
1533: 219,477,467,105,1004
1534: 1094,550,958,1672,1871,1062,1449,806
1535: 1887,121,1064,1439,84,45
1536: 2020,304,1179,1903,600,525,1213
1537: 1709,28,405,1125,905,206,220
1538: 577,1956,477,1691,63,43,467
1539: 1784,414,1301,1167,1816,1047,703,157
1540: 791,1678,356,714,87,1315,1937,1650,1365
1541: 1229,1898,1638,78,1579,1586,888,643
1542: 1098,281,1058,1236,1690,25,536
1543: 235,1365,1266,791,1678,1685,1697,1022
1544: 1024,1362,1835,1057,1138,224
1545: 285,991,114,1741,1054,1974,246
1546: 430,1581,1164,1113,1958,1851,854,1791
1547: 177,188,1597,1724,413,1417,816,774
1548: 100,208,1877,676,1324,1223,825,1272
1549: 1456,435,1626,204,919,1290,203
1550: 269,700,745,572,530,1905,1628,675,267
1551: 1934,579,803,1564,1819,1291,1563,1572
1552: 1457,517,1857,1124,1356,1289,392,1048
1553: 97,1764,1656,391,1030,409,202
1554: 333,1670,1049,845,612,758,1258
1555: 1762,936,1117,1135,518,1163,663,1627,1450,734
1556: 1651,483,373,1491,1303,63,1866,1404,370
1557: 140,746,1713,1444,170,1722
1558: 1098,281,1918,751,956,708,1844,1028
1559: 276,294,280,1396,1041,1053,1805
1560: 1173,1311,1498,1114,813,1655
1561: 1576,1476,1284,1810,1212,1609,1021,800,716
1562: 233,692,1333,603,943,1928,1018,828,1640
1563: 1819,1291,1564,1551,1934,651,1532
1564: 1758,1176,129,1551,1934,651,1532,1563
1565: 856,996,874,1951,240,1857,245,75,1124
1566: 236,460,1332,325,738,1593
1567: 1825,227,672,1664,130,1116,44
1568: 1900,1754,698,807,1175,1981,1585
1569: 12,38,1794,688,540,1662,218,713,1031
1570: 893,1867,1659,929,1576,1476,1808
1571: 772,864,125,1979,1107,263,230,685
1572: 1059,1819,1551,803,884,92,1044,1811
1573: 1007,1395,892,1807
1574: 35,650,519,1796,180,1479,398,1297
1575: 130,44,826,936,1135,1615,1627,734,1166
1576: 1561,1476,1284,1808,1021,929,893,1570
1577: 1842,386,1430,1130,1044,1463,1730
1578: 631,383,684,1786,266
1579: 1215,879,1586,1638,1541,358,402,888,643
1580: 903,533,1739,38,688,168,523
1581: 430,1546,830,299,1398,1164,1113,854
1582: 607,1155,307,1393,287,1512,1294,1069,1919
1583: 1885,1233,1249,1381,928,1775
1584: 1688,1197,756,406,726,1668,284,932,947
1585: 889,341,134,1900,1568,1981,1725
1586: 1579,879,497,1638,877,464,1541
1587: 589,1282,875,874,505,240,245,75
1588: 1760,1881,500,286,1988,647,1420,896,1895
1589: 71,1,1142,1006,1947,539,622,1322
1590: 1224,1206,429,1973,76,916,598
1591: 54,1763,839,1320,924,257,1159
1592: 1317,846,1930,1129,1660,2003,1388,1139
1593: 1928,1889,1063,1332,606,236,866,460,1566
1594: 667,1608,735,340,483,373,1491
1595: 834,1408,1972,1841,1397,2007,897,1437
1596: 249,476,1510,823,1906,749,752,1777,1624
1597: 1547,177,188,413,2,987,1969,390
1598: 1604,1683,1778,1181
1599: 1158,1834,1254,1795,1681,708,1844,1943
1600: 39,718,984,1074,585,539,638
1601: 423,1614,1220,490,187,999,1023,1829
1602: 1610,720,116,1048,1856,1203,2006,783,12
1603: 468,1011,1168,599,1718,1720,354,504,1950
1604: 1598,681,1683
1605: 1459,1748,1527,1454,60,1029
1606: 55,191,2008,1221,401,334,113,393
1607: 1361,842,376,1210,971,1508,587
1608: 1594,667,51,373,1491,940,967
1609: 64,1253,1293,800,716,1790,1261,1561,1810,1212
1610: 1602,720,116,1856,1203,424,1926,397,12,168,533
1611: 1782,310,425,728,881,81,804
1612: 1975,520,457,1207,573,1486,1177
1613: 40,1727,1412,605,1131,2002,459
1614: 1220,1601,1003,1850,490,187
1615: 2002,1627,734,936,130,44,1575
1616: 930,323,66,216,1726,1050
1617: 391,1030,409,1850,1141,1767,2019,490,1431,50
1618: 833,620,265,1264,1255
1619: 1516,1674,993,1882,1979,224,230
1620: 381,939,1438,72
1621: 1647,804,1083,81,728,1677,1768
1622: 666,1469,1637,246,1475,1869
1623: 221,290,1645,931,593,557,1269,148
1624: 178,1796,1479,1084,1777,1510,1596,184
1625: 1507,753,256,1528
1626: 204,346,1290,1549,1635,14,1728,494
1627: 1086,2002,1615,1450,734,1727,936,1555,1117,1135,1575
1628: 1075,1199,1441,675,530,1905,1429,745,1550
1629: 71,1,1518,1142,1633,1353
1630: 1884,725,1439,45,89,115
1631: 873,229,351,215,1446,255,1148
1632: 1843,262,811,1013,1246,1349,388,508,1265,1392
1633: 1095,1283,1353,1518,1629,2001,2020,431,2014,1328
1634: 1358,1240,58,22,1676,1696,1421,1781,1071,1797
1635: 654,439,1440,564,1626,204,346,14,494
1636: 1820,955,141,562,1735,611,371,1890
1637: 666,1622,246,1245,1957,2015,1869
1638: 877,464,78,1161,1229,1541,1579,1586,497,888
1639: 953,1325,575,1739,789,1146,1257,1183
1640: 1018,828,1088,603,943,1928,233,692,1562
1641: 801,1654,1182,682,1875,305,1208
1642: 484,594,1492,322,1738,597,865,1717
1643: 1665,757,959
1644: 1712,1170,190,622,71,143,39
1645: 221,234,247,290,1623,593,1269,69,148
1646: 1799,160,1346,1401,1686,1399,780
1647: 1621,1083,1737,1677,1772,646,556
1648: 249,476,823,150,1149,690,194,1330
1649: 595,418,588,537,1383,441,1214,850,330
1650: 1315,1870,410,625,466,1678,356,1540,193,1424,1345
1651: 483,373,1491,1556,1303,63,1404,370,1956
1652: 1106,551,1154,824,93,921
1653: 1849,1143,1942,1337,176,1763,839,171,421
1654: 1641,801,1761,682,1043,1959
1655: 285,991,1733,1373,1311,1560,833,1974,968
1656: 1195,1553,1764,108,119,604,1374,1500,202
1657: 11,527,1822,379,1524,1119,920,724,1065,317
1658: 1171,1505,602,1299,679,1967,1015
1659: 1570,1867,729,929,1907,1519,374,446,1756,1921
1660: 131,1340,380,1129,1357,1388,846,1592
1661: 207,949,1270,1350,360,1860
1662: 118,1287,540,1794,1569,218,1153,1031
1663: 1304,1993,1448,1685,1716
1664: 232,672,1567,1116,1335,1702,656
1665: 1643,757,959,1899
1666: 46,1252,1411,1360,528,1682,250,98,208
1667: 649,1390,161,1156,302,696,1769
1668: 724,284,816,1065,932,885,1584,726
1669: 2001,1732,411,964,95,314,1180,254
1670: 163,1429,333,1554,1049,448
1671: 1785,559,353,124,1804,1042
1672: 1534,1871,1062,1751,806,1474
1673: 395,1513,1993,1716,1223,676,1823
1674: 1619,1516,548,993,1166,1135,734,224,826
1675: 1481,181,923,1217,1343,84,121
1676: 1187,22,662,1696,958,954,1781,1634
1677: 1349,1768,508,1621,1647,1772,646
1678: 791,356,1540,1685,1650,1543,193,1736,1345,1448
1679: 153,998,1496,1495,769,399,1964,185,1753
1680: 1006,106,1982,1895,104,2021,1322,779
1681: 438,1844,1028,1698,653,1935,1122,1436,1945,1599,1254,1795
1682: 137,528,1731,1324,98,100,208,1666
1683: 681,1066,1778,1172,1604,1598
1684: 45,89,291,450,1064,1789,1962
1685: 791,1678,1543,1345,1697,1022,1304,1663,1448
1686: 362,1200,1425,1399,1125,160,1646,1401
1687: 1265,891,558,606,1392,83,950,472,1889
1688: 1584,756,406,284,932,228,1071,947
1689: 341,1013,1246,1407,941,1725,311
1690: 172,751,722,577,1098,1542,536
1691: 577,967,1538,1956,477,1491,172
1692: 1269,474,518,69,1163,148,1412,663,1105,1450
1693: 1879,213,1892,610,1110,1092,1800,665
1694: 88,478,1278,1079,1707,786,2016
2022: 8
1696: 1187,22,1676,662,756,406,954,1071,1240,1634
1697: 1178,1022,1699,848,633,1543,235,1266,791,1685,1304
1698: 1681,438,214,1847,1999,841,1122,1436
1699: 1697,1178,1022,848,1304,1247,711
1700: 691,1915,1757,702,1497,1174,739,1228
1701: 1317,1930,719,1118,1940,23,1033,876
1702: 918,1335,232,672,1664,248,678,988
1703: 34,687,647,377,592,1026,1790,1734
1704: 257,1214,850,171,584,421,330
1705: 465,963,587,1866,483,1303
1706: 978,1019,442,894,776,205
1707: 1079,1848,1788,542,786,1694
1708: 234,247,290,1270,2013,1868,629,671
1709: 405,1537,1125,339,516,1984
1710: 1023,1829,366,1726,99,552,323
1711: 40,1412,1105,32,1432,629,69
1712: 1644,1170,190,304,1179,2014,1527,529,1060
1713: 140,746,1557,1364,1444,1090,601
1714: 20,509,660,1400,572,1080,530,1101
1715: 1803,678,1140,1484,634,1742,227
1716: 1223,825,1736,1993,1663,1448,1673,1513
1717: 93,921,1642,1738,470,1099,1487,597
1718: 228,1071,1720,354,1358,1240,1603
1719: 278,782,1911,906,417,1830,2005,443
1720: 228,599,1718,1071,354,390,1603,1168
1721: 308,852,848,674,832,1504,1989,711
1722: 170,754,796,1920,1225,1103,1557,1444
1723: 970,1420,1025,342,1473,989,1760
1724: 1547,413,284,816,947
1725: 1407,941,1470,1585,341,134,1689,1520
1726: 1710,1023,423,1050,930,323,1616
1727: 40,1613,1412,663,605,1086,2002,1627,1450,459
1728: 14,907,1464,1626,1290,412,744,126
1729: 569,1173,1373,1311,980,833,620
1730: 144,1289,1577,1356,1430,1130,1144,1463
1731: 137,528,1150,1682,1324,694,100
1732: 2001,411,964,1669,95,1185,254,1312,710
1733: 1655,991,813,1352,1883,1369
1734: 436,1051,1109,1913,1419,592,296,687,1703,377,18,1988
1735: 441,1792,827,611,371,961,1636
1736: 193,1324,1766,1424,1345,694,1678,356,1448,1716,825
1737: 1647,1083,1780,646,707,556,738,763,138
1738: 322,470,652,679,1099,484,1642,597,1717
1739: 903,1580,789,1460,1257,523,1639
1740: 1793,1329,181
1741: 114,2018,149,1369,285,991,1545
1742: 37,634,1787,1140,1484,1715
1743: 1036,10,513,1314
1744: 273,1352,1883,452,1070,1227,1056,880,243
1745: 18,1415,821,1051,1881,500,1988
1746: 194,1129,1755,1357,1330,1779,690,1340,1388
1747: 626,1306,818,1468,469,1219,1517
1748: 1281,1459,1605,1527,529,1060
1749: 2000,104,1387,896,453,835,2021,1895,649,1390,1046,779
1750: 1519,374,736,145,1017,1493,729,677
1751: 1120,18,1415,643,1062,1672,1474
1752: 1096,555,520,457,1024,1362,1809
1753: 185,404,1147,287,549,998,1679,769
1754: 1347,1900,1367,1568,788,807,1981
1755: 1746,194,1129,1357,1330,252,1081,1388
1756: 61,895,446,1370,1921,1519,374,701,1867,1659,229
1757: 1700,1915,702,765,1502,1997
1758: 1176,1564,129,651
1759: 505,904,1248,364,1306,363,469
1760: 1881,500,286,1588,1988,34,647,1473,1420,1723
1761: 953,575,1455,547,682,1854,1043,1654
1762: 936,1555,1117,1835,1057,518,1163,1450
1763: 54,123,176,839,1591,171,428,1942,1337,1653
1764: 97,1034,1195,1553,1656,1030,202
1765: 630,1406,1499,1078,1454,1963,60,1852,545
1766: 193,1324,1736,1424,1345,694,466,356,825
1767: 225,1297,151,1435,1139,1118,1940,2019,1617,1141,1431,50
1768: 1677,508,139,81,728,1621
1769: 1225,1103,638,1156,1667,161,1376,1920
1770: 42,337,1896,1385,568,1305,753,1528
1771: 417,767,1328,1312,1903,600,906
1772: 1332,1392,83,1677,1349,508,1647,646,738
1773: 307,693,332,1408,897,607
1774: 987,319,1992,515,1815,1308,67,169,238
1775: 900,1480,761,217,1381,1583,1233,451,1467
1776: 101,768,389,1954,733
1777: 749,752,1510,1596,184,763,1624,1084
1778: 1066,1683,1172,1598,1181,29,637
1779: 488,223,690,1799,1346,1746,1357
1780: 749,752,623,699,804,1083,1737,763,138
1781: 1421,302,26,1449,22,1676,662,58,1634
1782: 1611,310,425,966,117,576,133
1783: 1842,636,884,386,803
1784: 57,2004,913,414,1539,1948,1243,1167
1785: 1671,559,344,560,462,124,1804
1786: 1465,266,1578
1787: 37,1742,627,1351,944,983,1140
1788: 79,542,615,1093,1707
1789: 1887,1064,1684,450,294,280,52,1962
1790: 716,1026,1261,64,1609,210,1913,592,1212,1703,377
1791: 214,854,1847,1952,1958,1263,1851,1546,336
1792: 1735,441,827,80,534,491,537
1793: 1740,1329,94,312
1794: 12,688,1569,2006,1203,82,540,1662
1795: 1834,1599,1254,1935,1436,1681,1844,2013,1945
1796: 178,1624,180,1479,1084,1510,184,368,1574
1797: 1478,1920,1358,58,1634,1950,1341,796
1798: 965,642,278,782,1837,1830,1990,1366
1799: 160,1346,1646,1779,1357,780,1340
1800: 1055,1884,1092,1693,1892,1110,665
1801: 1115,197,1207,1370,361,1978,1148
1802: 222,1904,1152,715,1276,1986,1112,1874
1803: 914,248,1715,678,634,232,227
1804: 1671,1785,124
1805: 1053,201,1077,132,1826,1041,1559
1806: 775,43,467,219
1807: 1573,1395,892,445
1808: 1576,1284,893,1570,933,989,1531
1809: 1138,1882,295,1096,1752,1362,270,1238
1810: 1561,1284,1212,1293,1609,800,716
1811: 92,686,1902,1044,803,884,1059,1819,1572
1812: 1121,1323,1354,580,1461,1146,1489
1813: 1151,1279,1040,926,1405,56,1960
1814: 755,586,1193,427,396,869,1244
1815: 1774,1992,515,156,1100,512,169,238,1111
1816: 186,1032,1047,1301,1539,703,157
1817: 1422,972,136,1994,1863,41
1818: 702,1506,1497,409,1500,202,765
1819: 657,1059,1291,1563,1572,1551,803,1811
1820: 876,1636,141,186,1032,719,371
1821: 1983,557,1269,1163,1057
1822: 11,1657,379,1524,1959,1085,801,724,1065
1823: 640,1929,1861,1993,395,1673,976,863
1824: 170,754,1127,140,1218,1833
1825: 227,672,1567,489,1484,44
1826: 717,164,975,132,1041,1805,1077
1827: 880,103,1076,1153,1227,1002,17,1191,915
1828: 128,532,303,1116,826,231,65,656
1829: 1710,1023,366,1932,999,1601,297
1830: 301,1837,2005,278,782,1719,642,1798
1831: 200,781,68,920,857,17,618,673,1119,292
1832: 1329,94,324,1217,1343,1485,725
1833: 1218,1299,1503,1127,1824,140,1171
1834: 1868,1158,1599,1471,1254,1795,239,570
1835: 1762,1117,1057,1135,1544,224,993
1836: 1258,369,1429,333,1075,1199,1441,487
1837: 301,1418,1830,2005,642,1194,1798
1838: 315,1912,1052,859,1933,1262,590
1839: 849,1858,462,124,630,945,1499,560
1840: 203,412,744,778,1102,435,1414,1859
1841: 1407,941,1397,861,1595,2007,554,1437,298
1842: 1783,884,386,1577,1430,1044,1463
1843: 1632,811,1246,1349,388,1265,558,1392
1844: 1681,708,438,1028,1558,1599,1795,1943
1845: 1259,1986,422,1276
1846: 355,828,1235,1995,768,1937,1870,1954,410
1847: 214,854,1791,1952,1091,1999,841,1122,1698
1848: 1079,1707,2,338,1308
1849: 1143,862,1337,1653,421,1263,336,1522
1850: 391,1617,409,490,1506,1497,1614,1003
1851: 584,421,1958,1263,1143,1546,854,1791,336
1852: 60,283,1029,630,1765,945,560
1853: 1189,448,475,70,1137,637
1854: 547,952,1461,1146,1121,1325,575,1761
1855: 1456,435,36,383,659
1856: 1610,1602,116,1203,397,12,688,168,533
1857: 1552,1457,245,75,1124,1565,856,874,1289
1858: 1839,849,1499,102,847,1891
1859: 922,785,1910,1414,1840,778,908
1860: 1270,1350,1661,309,221,234,1443
1861: 640,1929,1823,1993,740,974,1205,976
1862: 72,1128,1278,47,67,939,1402
1863: 320,578,1196,41,1817,972,1996
1864: 158,568,1305,367,1209,1336,1379
1865: 661,1123,1873,1451
1866: 465,1705,483,1556,1303,1404,370
1867: 893,1570,1659,446,1756,1978
1868: 1834,1471,1254,2013,1708,570,671
1869: 2015,378,1469,1622,1637,1475,1482
1870: 1315,1937,1650,1846,1235,837,1954,410
1871: 1534,1094,550,1672,1215,358,402,643,1062
1872: 184,582,763,31,138,1084,1976,650
1873: 661,1865,1005,532,65,1451
1874: 1112,222,1802,1152,1277,886
1875: 547,770,682,110,879,497,1641,680,305,1208
1876: 62,843,977,1878,1925,1133
1877: 100,208,1260,1548,676,1223,46,1272
1878: 843,1876,111,1133,24,1410,1249
1879: 1693,812,213,1511,1892,1423,1970,610,1110
1880: 757,1348,62,977
1881: 1760,500,286,1588,1988,647,1415,1745,821,896,453
1882: 1809,1138,1979,295,224,1619,125,230
1883: 273,813,1352,452,1744,243,122,1733,1369
1884: 1055,725,1092,1800,1630,1892,1439,115
1885: 1583,1233,1249,24,898,59,510,1965
1886: 52,192,1962,741,1359,450,280,1371
1887: 1535,121,1064,1789,717,1041,294
1888: 119,1416,479,1374,137,528,1150,853
1889: 1928,1593,1063,1687,606,603,472,1088
1890: 1932,501,955,1636,441,611,588,1383,142
1891: 329,102,847,1222,1858
1892: 1693,1879,213,1511,324,1485,1884,725,1092,1800
1893: 1363,200,781,68,920,1192,527,981,1897,345
1894: 1938,408,795,259
1895: 106,1680,286,1588,274,1420,104,1387,896,1749,2021
1896: 42,337,1409,819,1770,1305,753,1528,762
1897: 1310,981,712,1893,527,1089,317
1898: 1229,1541,296,1109,888,643,1120
1899: 382,1665,959,346,654
1900: 1347,1754,1568,639,326,889,1585
1901: 260,1926,397,499,903,533,120
1902: 92,686,1044,1144,1811,1994,578,41
1903: 1771,1312,600,1536,525,1911,906
1904: 1490,222,1802,1152,715,777,1277,199
1905: 163,1429,1080,530,1550,1075,1628
1906: 420,133,951,851,1386,749,752,623,476,1596
1907: 729,929,1009,73,1382,910,145,1021,1659
1908: 516,1984,189,689,925
1909: 350,135,1318,361,1115,146,942
1910: 631,659,684,1414,1859,785
1911: 782,815,1719,906,1903,279,525
1912: 315,531,1052,1838,1933,1490,777
1913: 210,1419,493,592,496,1790,296,436,1734,377
2019: 1118,1940,195,1271,23,1033,1767,1435,562,1617,1526,1431,50
1915: 691,1700,1757,1502,1997,1157,1288,1985
1916: 241,400,1375,1321,731,166,773,541,579
1917: 55,191,1498,481,113,393,980,1173
1918: 1999,841,480,751,956,438,1028,1558
1919: 1512,1294,1069,15,1515,1582,1147,287,85,1468
1920: 1376,1478,1797,1225,1769,796,1722
1921: 895,446,1756,1519,374,701,736,1659
1922: 357,1525,869,1244,755,207,617
1923: 321,1267,1955,1477,788,962
1924: 1188,1344,255,873,261,385
1925: 1133,1939,384,271,62,1876
1926: 260,397,1901,424,1339,1610,116,1048
1927: 237,251,1970,658,794,1241,812
1928: 1593,1889,1063,603,943,472,866,1562,1018,1088,1640
1929: 1823,1861,1304,1993,740,1247
1930: 1317,846,1592,1701,380,186,1047,719,1256,1118,23
1931: 293,894,1181
1932: 506,501,1890,999,588,142,1829,297
1933: 1912,1052,1838,859,32,882,1432,570
1934: 1551,541,579,1564,129,1563
1935: 653,1436,1145,1681,1350,360,2013,1945,1254,1795
1936: 268,496,976,640,1419,493,863
1937: 87,1315,1870,1846,1235,837,714,410,1540
1938: 1894,445,892,1342,867,259
1939: 10,365,1925,1133,928,271
1940: 1118,2019,23,1033,1139,1317,1701,1767,1435
1941: 1082,1273,864,263,155,1302,1953
1942: 1337,1653,176,1763,428,567
1943: 901,239,708,1844,281,1236,1158,1599
1944: 714,1072,1514,15,1515,1338,235,1365,1266
1945: 1270,1350,360,2013,1935,1681,1254,1795
1946: 1470,1175,665,1981,306,583,134
1947: 1434,635,1006,1,1589,1142
1948: 721,820,855,275,1243,2004,1784,913
1949: 514,1487,597,865,594
1950: 1445,352,504,354,1358,1797,1603,1341
1951: 1356,492,1130,522,327,1565,856,996,1124
1952: 214,854,1791,1847,1091,430,1398,1122
1953: 1302,535,829,1211,263,685,1941
1954: 410,253,625,466,733,1846,101,1995,768,1776,389,1870
1955: 461,1923,1267,1970,658,1423,962
1956: 967,1538,1691,1651,373,1491,63,43
1957: 892,2015,1245,666,1637,1007,1395
1958: 584,1851,1355,1164,1113,1546,854,1791
1959: 1043,1085,801,1654,1822,1524,724
1960: 401,334,1813,695,56
1961: 513,1186,1314,503,900,1480,206
1962: 52,1886,1064,1789,1684,450,294,280
1963: 279,1078,1454,815,1765,1406,545
1964: 399,994,985,549,1679,1496,769,185
1965: 318,451,510,760,1885,1233,217,840
1966: 396,90,1368,869,1244,198,1525
1967: 322,652,679,1099,1658,1505,565,1154,538
1968: 657,1059,686,614,1433,578,750
1969: 987,1992,515,390,1597,413,512,1168
1970: 237,1927,658,794,1955,812,1879,1423
1971: 581,328,1123,1160,608,1529,616
1972: 109,705,291,1397,1250,834,1595
1973: 429,526,76,632,1590,916
1974: 1054,1190,1255,799,968,285,1655,1545,833,265
1975: 1096,520,1612,1486,1177,742,154,957
1976: 917,1307,1413,582,31,1872,1479,912,650,519,871
1977: 327,856,173,996,874,449,544,433
1978: 361,21,893,1867,446,1370,1801
1979: 1138,1882,295,1619,1516,772,1571,125,230,685
1980: 283,1029,1000,1020,1459
1981: 1470,1175,665,1946,698,807,1754,1568,1585,134
1982: 1006,106,1680,274,970,456,1434
1983: 1821,261,557,385,555,1024
1984: 516,1908,339,890,1709
1985: 198,1038,1017,1380,691,1915,74,809,1157,1288,145
1986: 1845,1276,1802,1112
1987: 2003,252,179,1388,1139,398,368,1317,225,1297,1435
1988: 1760,1881,500,1588,1734,1051,687,647,18,1415,1745,821
1989: 609,832,1504,1721,91,1292,16,426,1014
1990: 343,1222,1366,278,965,642,1798,329
1991: 878,502,938,937,764,1039,1087
1992: 1774,987,319,515,1815,1969,1308,512,169,238
1993: 1304,1663,1716,1929,1823,1861,1673
1994: 144,1289,392,1902,1144,41,1422,1817
1995: 101,1008,768,866,355,1846,1088,1954
1996: 1151,1040,926,1196,1863,972,159,127
1997: 910,1157,1288,1502,98,1915,1757,1252,1411,1360
1998: 608,1529,498,616,581,155,328,1447,1198
1999: 1918,841,336,480,1522,214,1847,1698
2000: 1387,453,1749,835,147,1134,696,649
2001: 1732,964,1669,95,1633,1095,1283,485,1328,1312
2002: 1086,1615,1627,1613,1727,489,459,44
2003: 252,179,1987,1388,1139,1317,1592
2004: 1784,913,855,275,1948,1243,1167
2005: 301,1837,1830,443,1198,417,278,782,1719
2006: 972,136,783,1602,1203,82,127,1794
2007: 554,897,1184,1437,1841,1397,1408,1595
2008: 191,1606,1114,334,349,452
2009: 48,1426,737,589,264,875,790,747
2012: 174,680,305,1182,1197,288,726
2013: 1270,1350,1945,1935,1868,1254,1795,234,1708
2014: 2020,304,431,1179,1518,1633,1712,190
2015: 1957,892,1342,378,1869,1637,1395