0: 
1: 71,1518,1629,1589,1142,1947
2: 188,1597,338,1848,987,1308
3: 
4: 
5: 
6: 613,596
7: 635,1061,1486,942,1384,766,742
8: 2022
9: 408,1073,1428
10: 271,365,1036,1939,486,1743,1314,503
11: 317,527,670,1657,920,1524,1822,379,1417
12: 1794,688,1569,1602,1203,1610,38,168,533,1856
13: 511,820,387,925,1295,973
14: 1728,1290,1626,1464,1635,126,748,494
15: 1514,1072,1294,1069,1515,1944,1338
16: 426,580,1354,648,1016,609,1035,1989,747
17: 1831,618,857,1191,673,860,915,1002,1827,1521,292
18: 1734,1051,1109,687,1988,1751,1120,821,1415,1745
19: 282,619,419,946,482,524,449,706,904
20: 1714,1101,1400,572,660,1019,442,934
21: 361,403,893,1978,1531
22: 58,1676,1634,1696,1187,662,1421,1781,302,26
23: 1940,1701,1271,876,1033,1118,719,1317,1930,141
24: 843,1878,1410,898,992,1133,1249,1885
25: 440,1004,536,1542,1058,463
26: 1421,1781,302,696,662,147,1449,22
27: 727,784,935,1027,624
28: 160,220,1401,905,1537,1125,1346
29: 495,1137,637,1778,1172,1181
30: 94,312,1132,794,812,1511,324
31: 1976,582,917,1413,707,138,1872,912,650
32: 882,1432,1933,531,1052,40,605,982
33: 1515,818,1468,633,1338,1266,1517
34: 1703,1760,647,1026,1212,933,1473
35: 1574,519,723,1297,97,1034,1030
36: 1456,1855,375,919
37: 634,1351,1742,1787
38: 168,523,1580,1856,12,688,1569,713,1031
39: 143,718,1600,539,622,1170,1644
40: 1613,1727,605,1412,1711,982,32,1432
41: 1817,1863,1902,1144,1994,320,578
42: 337,1896,1286,1770,1305,1336,1409,1372
43: 467,1538,1956,370,63,1806,775
44: 130,1567,1575,1615,1825,672
45: 115,1684,1630,1535,1439,1064,1789
46: 1666,1252,1331,1411,208,1260,1877,165
47: 67,1402,1862,238,1128,1278,478,939
48: 1426,2009,737,1035,747,790,1016
49: 157,1427,793,414,1462,969,80
50: 1431,490,1526,1767,1141,2019,1033,1118,1617
51: 667,1608,567,628,1251,940
52: 280,1962,1886,1789,1359,872,192,1371
53: 641,838,1020,601,258
54: 123,176,1763,839,372,1320,1591
55: 1917,191,393,1498,1221,1606,481,669,113
56: 1279,1813,808,1405,695,401,1960
57: 793,1784,913,1165,414,721,1206
58: 22,1634,1421,302,1358,1240,1797,1478
59: 117,576,951,851,898,992,1885,510
60: 283,1852,1029,1454,630,1765
61: 229,1148,1370,1756,446,895,1446
62: 1880,977,1876,1925,384
63: 1651,370,1556,1404,1491,43,1538,1956,775
64: 1253,1293,1609,1313,1309,210,716,1790,1261
65: 532,1873,1828,656,1335,1391,1451
66: 930,427,1616,216,1050,1368,1038,1966,396
67: 47,1402,1862,238,995,169,1774,759
68: 1831,196,618,1695,857,2018,1893,1363,200,1192,781
69: 247,290,629,1645,474,1105,1711
70: 1189,1853,1066,1172,201,475,1389,637
71: 1,1518,1629,1589,622,2014,1644,190
72: 787,1128,1862,1620,939
73: 1252,1331,1411,1288,1382,910,165,1009,1907
74: 805,739,691,1985,1157,1380,1038
75: 424,1282,1339,1587,245,1565,1457,1857,1048
76: 1973,1590,1206,721,1316,546,429,1165
77: 1216,1210,183,963
78: 1229,1541,1161,771,1319,1638,877
79: 1788,542,378,1093,867,1012,259,786
80: 534,827,961,49,1427,969,1087,574
81: 1523,96,1611,881,139,1768,508,1621,728
82: 540,1794,136,2006,1203,159,127
83: 1332,1772,1349,1392,558,1687,606,1593
84: 1217,1343,1675,725,923,1535,121,1439
85: 626,810,404,1147,1919,1515,1468
86: 1452,1202,1280,372,107,1361,842
87: 1315,1937,1235,714,837,1365,1540
88: 1128,1237,1278,1694,786,1073,2016
89: 115,1684,836,316,291,450
90: 1493,198,1368,1380,1966,396,869,1244,677,701,736,1922,357,1525
91: 1296,832,1292,1721,1247,711,1989,740,1037
92: 686,1902,1044,1059,1572,1811,884,1968,1144,578
93: 470,921,1717,551,1154,1652
94: 1329,312,30,1793,1511,324,1832
95: 1732,964,1669,485,1180,314,415,1283,2001
96: 907,1523,81,1464,126,310,458,881
97: 1034,1195,1553,1764,35,519,723,1030
98: 250,1502,853,528,1682,208,1666,1252,1360,1411,1997
99: 331,1355,1164,297,366,552,323,1113
100: 208,1548,1877,1324,1731,1682,825
101: 621,768,1776,1008,272,1298,389,1954,733,2017
102: 329,343,1990,1222,1366,847,1406,1499,1858,1891
103: 880,243,122,1227,1827,857,1191
104: 2021,1749,835,1387,896,1895,286,779,1680,106
105: 1533,440,1004,219,422,1259
106: 1006,1680,1895,286,274,1420,1982,104,1387
107: 376,1234,842,455,935,1027,86,1280
108: 272,871,389,1195,119,2017,709,1374,1656
109: 836,316,583,1470,705,291,1946,306,1520,1972,1397
110: 464,497,543,1323,952,1121,1854,547,770,1875,879
111: 843,1878,1410,1232,212,1440,748,564,817
112: 309,593,931,948,873,351,385
113: 1268,481,669,55,1917,393
114: 2018,1741,1545,149,345,645,1192,246,1469
115: 45,89,1684,1630,1884,1055,836,316
116: 1602,720,1048,1457,517,424,1339,1926,397,1610,1856
117: 59,576,133,1410,992,1232,1782,966
118: 1070,1287,218,1056,1662
119: 1888,2017,709,1416,389,108,253,733,1374,1656
120: 789,1146,1489,1901,1377,499,903
121: 1535,717,1675,84,444,975,923
122: 880,243,1369,103,196,857,149
123: 54,176,1763,372,1320,1361,1230,1508
124: 1785,1671,1839,849,462,1804
125: 230,1882,1979,295,270,411,254,772,1571
126: 748,494,1509,14,1728,1464,96,458
127: 159,926,1996,972,136,2006,82
128: 130,1116,211,826,548,303,231,1828
129: 1758,1176,997,1564,541,1934
130: 1116,1567,211,1575,128,44,1615,826
131: 780,1472,1660,1340,380,1129,434,846
132: 1805,1077,1389,164,1826,1067
133: 117,576,951,1782,425,420
134: 1568,1585,341,1946,1981,1470,1520,1725
135: 361,403,342,1025,350,1318,1909
136: 1817,972,1422,2006,783,127,82
137: 528,1731,1150,1682,1888,1416,694,853
138: 763,1872,1737,556,707,31
139: 388,1768,1326,508,870,1523,81,262,1494
140: 746,1557,170,1833,1824,1171,602
141: 371,1820,1636,562,955,23,1940,1271,876,1033,719,195
142: 1932,501,1890,595,588,1649,441,1383,297
143: 644,39,718,529,1170,1644,960
144: 1144,1463,1730,1994,392,1289
145: 809,1382,910,1017,729,1907,1750
146: 1486,1177,942,1207,1115,350,1909
147: 1449,1134,806,2000,649,302,26,696
148: 557,1269,221,1623,1645,474,1163,1692,1105
149: 114,2018,1741,243,122,1369,196,1192
150: 1149,1648,318,840,223,194,690
151: 225,1767,1297,1141,723,1617,1030
152: 192,1104,985,1359,802,175,693,994
153: 289,1679,1496,1495,524,769,946,482,998
154: 347,766,1180,742,1975,1486,957,415,1238
155: 1198,1082,1941,616,328,1998,1302,1447
156: 468,1100,512,515,1815,169,1483,1111
157: 49,703,1427,1539,414,1816,961
158: 1864,568,1100,1209,883,1483,1385
159: 926,1996,127,1287,540,82
160: 28,220,1686,1401,1646,1799,1346
161: 638,1667,1390,1074,1156,585,1103,1769
162: 697,1403,339,1186,206,405
163: 448,1429,1080,1670,1905,333,1554,1075
164: 454,444,975,1826,1067,132
165: 1021,1009,800,1260,46,73,1331,1293
166: 773,269,700,731,1321,934,572,660,241,1916
167: 797,236,460,912,866,621,1008
168: 38,523,1580,533,903,1856,397,1610,12,688
169: 67,238,1774,1992,1815,156,759,1111
170: 754,1824,796,1722,1444,140,1557
171: 257,1704,1763,839,421,1143,1653
172: 1690,722,967,940,1691,577
173: 904,433,874,544,449,282,419,856,1977,996
174: 288,305,2012,1197,680,1208,1215,1094,550
175: 332,693,994,1359,802,192,152
176: 54,123,1763,839,1230,1508,428,1942,1653
177: 188,1597,1724,413,1547,774,1969
178: 1796,1624,1510,368,180,1330,249,1081
179: 2003,252,1081,1987,1388,1139,368,180,398,225,1297
180: 178,1796,368,179,1479,1574,398,1297
181: 1481,1740,1329,1343,1675,923
182: 639,262,811,1494,326,226,889,1326
183: 1210,376,1234,1027,624,1216,77
184: 763,1777,1872,752,1596,1796,1624,1510,1084,582,1479
185: 1753,769,549,693,994,1679,1964
186: 1032,1047,1816,1930,1256,719,1820
187: 195,490,1526,501,999,506,1614,1601
188: 2,177,1597,1547,774,338
189: 516,1908,925,362,973,1425
190: 1060,1170,2014,1712,1179,1644,71,1518,431
191: 55,1917,393,1498,1606,2008,1114
192: 1104,1371,985,152,52,1886,1359,242,175
193: 1736,1766,1424,1345,694,466,1650,1678,356
194: 1746,690,1755,1357,1129,223,1779,150,1149,1648,1330,249,1081
195: 187,1431,1526,1271,876,1033,141,562,501,506
196: 1831,618,1695,68,857,122,2018,149,200,1192
197: 1801,573,1207,1148,1370,1188
198: 1493,90,1368,1380,1038,1966
199: 1204,944,777,1904,1152,1277,447
200: 1893,1363,345,981,1192,781,1831,196,68,920
201: 475,1805,1077,1389,1053,70,1189
202: 604,1374,1500,1656,1553,1764,409,1818,1506
203: 412,1840,1414,1549,435,1290
204: 382,919,346,1549,1635,1290,1626
205: 776,1706,978,432
206: 900,1186,1961,162,905,405,1537
207: 1661,949,755,869,1193,1922,617,948
208: 100,1260,1548,1877,528,1682,98,1666,46,1411,1272
209: 443,1198,1082,1273,417,767
210: 493,592,395,1309,863,64,1790,1261
211: 130,1116,128,826
212: 1348,439,1440,977,564,111,843
213: 812,1879,1511,324,1693,1092,1485,1892
214: 336,1791,1847,1952,1698,854,841,1999
215: 357,617,948,1231,229,351,1631
216: 805,1050,930,66,1616,1368,1038,396
217: 840,1467,668,1233,1583,1775,761,451,1965
218: 713,1153,1056,1227,1031,1662,1287,1569,118
219: 467,1806,105,1533
220: 28,160,1401,761,905,1537,488,668,1346
221: 309,1623,593,1443,1860,234,247,290,1645,148
222: 1874,1904,1802,1152,1277,715,1112
223: 840,1467,488,1779,318,451,150,194,690
224: 1544,993,1835,1882,1979,1138,1619
225: 398,1767,1297,151,1435,179,1987,1139,1118
226: 1394,870,566,326,1347,908,182,639,262,1494
227: 232,248,672,678,1715,1484,1825,1803
228: 599,1168,1603,1720,947,1688,756,1071,1718
229: 61,1148,1756,1519,701,895,215,1231,255,1631,1446
230: 125,1979,1516,1619,1571,685,1107
231: 1211,303,829,1107,1516,548,128,1828
232: 1702,248,672,678,1664,227,1567,1803,988
233: 692,1097,943,1285,1562,1333,1184,603,1640
234: 247,290,1645,1708,1860,2013,1270,221,309,593,1443
235: 1944,1338,1266,1697,1365,1543,791
236: 797,325,460,912,167,1566,866,738,707,1593,917,621,1008
237: 251,1927,461,563,658,1970
238: 47,67,169,1774,319,1992,478
239: 1158,859,1471,1834,1943,1262,590,901
240: 433,505,874,1565,996,1587,245
241: 432,1375,1916,1019,978,934,660,166,1321
242: 553,1396,872,1010,192,1104,1371,655
243: 880,1744,122,1883,1369,103,1352,273,149
244: 1488,615,1482,1475,1310,712,1897,1093
245: 75,1282,1587,1565,996,240,874,1857
246: 666,1622,1637,1469,1054,114,1545,799
247: 69,234,290,629,671,1645,1708,221
248: 1702,232,678,227,914,1803,988
249: 1648,823,1330,1596,194,178,1510
250: 765,1502,98,853,1888,479,528,1682,1666,1360
251: 237,1241,1927,563
252: 2003,179,1081,1987,1388,1139,1755,368,398
253: 1954,410,625,466,733,119,709,1416,1424,694,1150
254: 1732,1669,411,125,295,772,1185
255: 873,1631,1446,229,1148,573,1344,1188,1924
256: 792,902,1385,1528,521,1507,1625,753
257: 1704,1159,1591,171,1214,850,839
258: 565,601,53,641,1505,602
259: 795,1012,1894,79,867,1938
260: 1926,397,1901,424,1339,264,499,747,790
261: 555,1344,1924,1914,1983,557,385,1024
262: 182,639,811,1494,1632,1013,870,226,889,139,388,1326,508,1843
263: 772,864,1571,1211,1953,685,1941,1302
264: 1282,1339,589,2009,260,790
265: 1190,1264,1255,620,1974,968,1618,833
266: 1786,1465,1578,631,591,684
267: 1577,844,899,269,745,1550,675,636,386
268: 496,1205,976,1319,1936,974,771,1419,1229,296
269: 166,773,700,731,530,745,1550,636,267
270: 314,411,415,1238,957,1096,1809,125,1882,295,1138
271: 10,1925,1036,1939,384,486
272: 871,1298,389,108,101,733,2017
273: 813,1352,452,349,1070,243,1744,1883
274: 970,1420,1982,1723,1895,286,106
275: 473,1243,1167,2004,855,1200,1425,1948,1399
276: 1559,294,280,1789,553,1396,872,1371
277: 916,831,598,1378,878,927,938
278: 782,815,2005,1798,1830,545,343,1990,1366
279: 545,1078,1963,525,815,1911
280: 52,1962,1886,1789,1559,276,294,872,1371
281: 1098,1542,1236,751,1558,708,1028,1943
282: 19,619,419,946,482,449,173,904,433,364
283: 60,560,1980,1852,1029,1000,1530,344
284: 1668,816,1065,1584,1688,932,1724,947
285: 1974,1655,991,968,1741,1545,1054
286: 896,1881,1895,1588,1760,274,1420,104,1387,106
287: 1512,1919,307,1582,1753,1147,549
288: 174,726,2012,1197,1187,550,406,954
289: 153,1496,1495,524,407,1242,369,482
290: 69,234,247,629,1645,1708,1270,221,1623,1443
291: 109,836,316,705,89,450,1250,1972,741
292: 1524,1085,1119,860,915,1521,1455,17,1831,673
293: 1931,894,1181,495,442,1101
294: 1559,276,1887,1064,280,1962,1789
295: 125,1882,1979,1138,1809,270,411,254
296: 436,1734,1109,268,496,1913,1419,1229,1898
297: 1829,366,552,142,1932,595,418,588,331,1355,99
298: 1333,861,891,950,1184,1437,554,603,943
299: 930,323,427,552,1581,830,1113
300: 400,432,1375,997
301: 1447,1837,1418,443,1198,2005,1830
302: 1156,1421,1781,26,696,147,58,22,1667,1376,1478
303: 1211,829,231,128,532,1828,1005
304: 2020,1213,1536,431,2014,1712,1179
305: 174,726,2012,1182,680,1641,1875,1208,1215
306: 1175,665,1946,1981,1055,109,836,316,583,1470
307: 607,897,1155,1582,1773,693,549,1512,287
308: 1721,1517,852,1219,469,416,848,674,1504
309: 221,593,931,1443,112,948,1661,1860,351,234
310: 1782,1611,458,966,881,1509,96
311: 1246,1265,1407,1687,1689,558,861,891
312: 1329,94,30,1132,1793
313: 1175,698,807,1981
314: 270,411,415,1238,957,1180,1669,95
315: 777,1490,1838,1912,1262,590,704
316: 109,836,583,291,1055,665,306,89,115
317: 11,527,670,1657,379,1417,774,1089,1897,1547
318: 451,760,1965,840,223,150,1149
319: 1774,987,1992,1308,1079,478,238
320: 561,578,750,1196,41,1863,1151
321: 684,785,591,1267,1923,1477
322: 1738,470,1099,679,1015,1967,484,1642
323: 930,427,299,1616,1726,1710,366,552,99,1113
324: 812,1511,213,94,30,1832,1092,1485,1892
325: 236,912,1566,556,738,707
326: 1394,778,566,226,1347,1367,908,1900,182,639
327: 856,1977,1951,996,522,544,492,1130
328: 581,1971,616,535,1998,1302,155,1082,1447,608
329: 102,1990,1222,965,1891
330: 331,1355,418,1649,850,1704,1214,584,421
331: 330,1355,1164,99,595,418,297,366,1113
332: 1773,175,693,802,834,1408
333: 758,1258,1554,163,1429,1670,1075,1836
334: 401,1960,1606,2008
335: 447,627,1131,531,605,982
336: 214,1791,1143,1263,1851,862,1849,1522,1999
337: 42,1896,1286,819,1770,753,594,1409,762
338: 774,712,1089,2,188,1848
339: 697,162,890,1709,405,1984
340: 587,971,735,465,1594,1303,483
341: 1585,134,889,1013,1689,1725
342: 1723,1531,989,1473,135,403,1025
343: 102,1990,1222,1366,545,278,815,847,1406
344: 1785,559,283,560,1000,353,1530,462
345: 1893,1363,200,645,981,1192,114,2018,1469,1488,1475,1310
346: 382,204,919,1899,654,959,1635,1626
347: 1384,485,766,1180,154,742,957,415
348: 455,927,938,937,831,1378,727,784,935
349: 2008,1070,452,273
350: 1061,1318,456,1909,135,146,942
351: 873,1631,215,948,1231,309,112
352: 1379,1445,504,1950,1341,754,1127
353: 471,824,979,1530,1274,1042,559,344,1671
354: 1358,1950,1718,1240,1603,1720,504
355: 1018,1088,1846,1928,866,1995,768,1008
356: 791,1678,1540,1315,466,1650,193,1736,1345
357: 1922,215,617,948,1525,1231,90,1244,677,701
358: 402,1579,1871,1094,643,888,879,1215,680
359: 732,1316,546,1295,511
360: 1661,949,1145,394,653,1935,1350,1945
361: 21,135,403,1978,1531,1801,1115,1909
362: 1200,1425,1125,516,189,1686,1401
363: 1759,469,416,505,737,875
364: 904,433,505,282,619,1248,1759
365: 10,1939,1314,503,1381,928,1480
366: 1710,297,1829,552,1932,331,99,323,1113
367: 1864,1305,1209,1379,1127,1218,1503,1336
368: 178,1796,180,1330,252,179,1081,1987,1388,398
369: 487,1836,449,1258,407,1242,289,524,419,482
370: 1651,1866,1556,1404,63,43,775
371: 1820,611,1636,141,1032,703,827,961,1735
372: 86,1202,1320,1361,842,54,123,1508
373: 1651,1556,1303,483,1491,1594,1608,1956
374: 1519,1750,677,736,895,1921,729,1659,1756
375: 36,382,919
376: 1210,183,107,1234,1361,842,1607
377: 1913,592,1026,1790,436,1734,1703,647,687
378: 79,1093,867,1869,1482,1342,2015
379: 1417,816,1065,1822,724,11,317,670,1657
380: 131,780,1472,1660,434,846,1592,1930,1256,1047
381: 1620,1438,521,664
382: 204,919,346,1899,375
383: 1578,631,659,1855
384: 271,1925,486,62
385: 1914,1983,557,873,931,112,261,1344,1924
386: 1842,1783,636,745,267,1577,1430,844,899
387: 689,925,1295,13
388: 139,1326,508,262,811,1632,1843,1349
389: 272,1298,108,101,768,1776,733,119,2017,709
390: 599,1168,1720,1597,413,515,1969,512
391: 1617,1030,1553,490,1850,409,1506
392: 144,1994,1289,517,1552,1422
393: 55,1917,191,1453,1221,401,1606,1268,669,113
394: 1145,586,1398,1091,653,1935,1122,360
395: 1313,1309,863,1513,1673,640,1823,210
396: 1966,1814,869,1244,216,930,427,66,90,1368
397: 260,1926,1901,1610,116,168,533,903,1856
398: 225,1297,368,180,252,179,1987,1139,1574
399: 1679,1496,1495,1964,1104,655,985,994,1201
400: 432,1375,1916,300,997,541
401: 1960,334,1606,56,695,1453,1221,393
402: 358,1579,1871,1062,1275,643,888,1215,1120
403: 361,21,135,342,1531,989,1025,1318,1909
404: 1753,1147,769,626,810,85,998
405: 1709,905,1537,1186,162,339,206
406: 1584,1688,932,756,954,288,726,1197,1696
407: 758,1258,1201,1242,612,655,289,1496,1495,369
408: 1073,2016,795,1894,9
409: 1850,1818,1506,1553,1764,391,1030,1500,202
410: 1954,253,625,466,733,1650,1846,1995,1315,1937,1870
411: 270,314,125,295,254,1732,1669
412: 203,1840,1728,1290,1102,744,907
413: 177,1597,1724,390,599,947,1969
414: 57,793,1784,49,157,1539
415: 270,314,1238,957,347,1180,154,95
416: 363,469,308,1219,737,674
417: 1771,767,906,1312,209,443,2005,1719
418: 595,588,537,1649,850,1704,297,330,331,1355
419: 19,282,482,1242,524,487,369,449,173
420: 623,1906,425,576,133,951,804,699
421: 584,1143,1263,1851,1704,171,330,1653,1849
422: 911,463,1276,1259,105,440,1300,1845
423: 1023,1220,1601,1174,1710,1050,1228,1616,1726
424: 75,1282,1339,1457,517,1857,720,1048,116,260,1926,1610
425: 1782,1611,133,728,804,699,420
426: 580,648,16,609,1989,1292,1014
427: 930,323,299,66,1616,830,1368,396,1814,869
428: 567,1942,1337,176,1763,1230,735,667
429: 1316,526,546,76,1973,1590
430: 1546,1398,1581,830,1952,854,1091
431: 1633,1095,1518,2014,1179,190,2020,304
432: 241,400,1375,205,978,300
433: 173,240,904,505,874,364,282,996
434: 473,990,131,1472,380,1256,1301,1047
435: 1456,1855,1549,659,203,1840,1414
436: 1734,1051,1109,296,496,1913,377,1419,1898
437: 571,695,1453,1501,808,596
438: 1844,1028,1698,1918,841,1935,1681,1436
439: 654,212,959,1348,1635,1440,757,977,564
440: 105,25,1004,1058,422,911,463,1259
441: 595,588,537,1649,1383,611,955,1792,1735,142,1890
442: 1019,1706,293,894,20,1101
443: 209,1198,1082,417,906,2005,1719,301
444: 454,164,975,923,1826,1481,121
445: 892,1807,1395,1342,1938
446: 61,1370,1756,1659,1921,1867,1978
447: 627,335,531,777,199,944
448: 163,1080,1670,509
449: 487,369,544,19,282,419,1977,996,173,904
450: 1962,1886,1789,89,1684,291,741
451: 318,1965,1233,1885,1775,217,840,1467,223
452: 813,1352,1114,273,349,2008,1070,1883
453: 896,1881,821,1474,1134,2000,1749,835,1387
454: 164,444,1481
455: 348,927,938,937,1378,727,935,1452,1280,107
456: 350,1061,1318,970,1982,1025,1434
457: 555,1344,1188,573,1207,1612,520
458: 310,966,881,1464,126,748,1509,96
459: 1086,2002,1613,1727,605,1131,983,489
460: 236,167,1566,866,1063,1593,1088
461: 563,591,658,1267,1955,1465,237
462: 1839,849,560,1852,945,1785,344,124
463: 422,911,1058,25,440,1126,1300
464: 1638,110,497,543,1586,877,1161,887
465: 963,1705,587,340,1866,1303,483
466: 1954,410,253,625,733,1650,1315,356,193,1766,1424
467: 43,1538,477,1806,1533,219
468: 156,1100,512,1168,1603,1011,883
469: 363,1759,416,1248,1306,1747,308,1219
470: 322,1738,652,921,1099,1717,1154,93
471: 353,551,824,979,1154,1042,1106,1652
472: 603,1889,606,1928,1687,891,950,943
473: 275,434,1243,990,1167,1200,780,1472,1399
474: 663,1692,1105,69,1645,1269,148,1711
475: 201,1077,1389,1066,1067,1172,637,70,1189,1853
476: 1149,1648,823,1596,951,1386,760,749,1906
477: 467,1538,1691,577,1533,1004,536
478: 1278,1694,1079,319,47,238
479: 604,1374,1500,1888,250,765,853
480: 1918,628,841,956,1251,1522,1999
481: 1268,113,55,1917,980,1173
482: 19,282,419,946,1242,153,289,524,369
483: 373,1866,1556,1303,1491,340,735,465,1705,1594
484: 1492,1642,1162,1299,679,1015,322,1738,1099
485: 1384,347,766,1180,1283,1353,95
486: 10,271,1036,384
487: 369,544,1199,1836,449,1258,1242,419
488: 840,1467,668,223,1346,1779,220,1799,690
489: 983,1140,1484,1825,1131,2002,459
490: 187,1431,1526,50,391,1617,1850,1003,1614
491: 986,574,534,1792,537,1383,1159,1214
492: 1430,844,899,1130,522,675,327,1951
493: 210,1913,592,1419,863,496,1936
494: 126,748,564,1509,817,1635,1440,14,1626
495: 29,1137,293,1181,1101,1400
496: 268,976,1319,1936,1913,493,1419,1229,436,296
497: 1638,110,464,543,1586,770,1875,879
498: 608,858,1108,616,1998,1447,1418
499: 1377,747,790,260,1901,903,1489,120
500: 1760,647,687,1988,1745,1881,1588
501: 142,1932,1890,999,506,562,955,195,187
502: 1087,1239,764,937,1991,1452,683
503: 513,1466,1314,1186,1961,10,365,1381,1480
504: 1011,352,1445,1603,354,1950
505: 240,904,433,364,363,1759,1587,589,875
506: 501,999,562,955,195,187,1526
507: 607,897,1155,1582,1437,1184,1097,1285
508: 1677,139,388,1768,1326,81,262,1843,1349
509: 1714,1400,1137,448,1080
510: 760,1965,898,992,1233,1885,59,576,851,1386
511: 13,721,820,1295,359,546
512: 156,468,390,1168,1992,515,1815,1969
513: 1466,1743,1314,503,1186,1961,1403
514: 1949,1286,594,865,762
515: 1774,987,1992,1815,1969,390,156,512
516: 1984,1908,189,1709,1125,362
517: 1457,1857,1552,392,1289,424,1422,720,783,1048,116
518: 1450,663,1163,1692,1105,1269,1057,1117,1555,1762
519: 35,650,1479,1574,1307,1976,582,1413,871,97,1034
520: 957,1096,1752,555,457,1975,1612
521: 1507,664,995,256,902,381,1438
522: 1441,675,544,1199,492,844,899,327
523: 38,168,1580,1739,713,1076,1460,1257
524: 153,289,1496,1242,769,369,19,419,946,482,998
525: 279,1078,1213,1536,1903,1911
526: 732,1316,429,632,1973
527: 11,317,1657,920,1893,981,1089,1897
528: 137,1731,1682,1888,250,98,853,208,1666
529: 1060,1170,1527,1712,143,960,1281,1748
530: 269,700,572,1080,1905,745,1550,1628
531: 777,1912,1052,32,982,447,335
532: 65,1873,1828,1005,656,303,661
533: 168,1580,903,1856,1926,397,1901,1610,12
534: 80,1792,827,986,574,491
535: 581,616,1160,328,1302,1953,829
536: 25,1004,1690,477,577,1542
537: 418,588,1649,850,441,1383,1792,491,1214
538: 824,979,1154,1274,1967,565,652
539: 585,622,1322,1074,1589,39,1600
540: 1794,1569,82,159,1287,1031,1662
541: 1934,579,400,1916,997,129
542: 79,1788,1093,1707,1012,1694,786
543: 110,464,497,877,1323,648,887,952,1121,1812
544: 487,1199,449,522,1441,327,1977,173
545: 279,1963,278,815,847,1406,1765,343,1366
546: 359,1316,429,721,511,1165,76
547: 1761,682,575,952,1854,110,770,1875
548: 826,1516,1674,1166,128,231,1107
549: 185,1753,1147,769,693,994,307,1964,287
550: 1534,1187,662,958,1871,1094,174,288,680
551: 471,824,979,1154,921,93,1106,1652
552: 1710,297,1829,366,1164,99,323,299,1113
553: 1396,1001,872,612,1010,845,242,276
554: 2007,1841,1437,298,1333,861,891,1184
555: 261,1344,457,573,1983,1612,1752,520,1024
556: 646,1647,1737,738,707,138,325
557: 1821,1914,1983,1269,148,385,1623,931,261
558: 1772,1349,1392,83,311,1265,1843,1687,891,606
559: 1042,1785,344,1671,560,353,979,1530
560: 283,1852,630,945,1785,559,344,462
561: 320,750,1196,614,1226,1169,1151,1279
562: 1636,141,955,1271,876,1033,195,1431,1526,501,506
563: 461,1465,237,251
564: 748,494,817,212,439,1635,1440,111,843
565: 258,1967,1505,538,1274
566: 1394,778,1102,326,226,744,1347,908
567: 428,862,1942,1337,667,51,1251
568: 1528,1864,1305,158,1209,1385,1770
569: 980,1729,620
570: 882,1933,1868,859,1471,1834,629,671
571: 437,1453,1268,669
572: 20,1714,660,934,1080,166,700,530
573: 1801,197,1207,1148,255,555,1344,457,1188,1924,1612
574: 986,1087,1239,491,969,80,534
575: 547,1761,682,1325,952,1854,1461,953
576: 59,117,133,951,851,1386,992,510,420
577: 1538,477,1691,1690,172,536
578: 320,750,1968,92,686,1902,41,1863
579: 1551,541,1934,1916,731,803
580: 1323,426,1354,648,16,1016,1812
581: 1971,616,1160,535,328,1998,1302,829,1123
582: 31,1976,917,184,1872,1084,650,1479,519
583: 109,836,316,1470,1946,306,1520
584: 421,1263,1851,1704,330,1355,1958
585: 539,1322,2021,1046,779,1390,161,1074
586: 1145,394,1193,1398,830,1814,869,949
587: 971,340,1607,1210,465,963,1705
588: 595,418,537,1649,441,1383,142,1890,297
589: 1282,1339,1587,264,505,2009,875
590: 1262,704,1126,1300,901,239,315,1838
591: 461,1267,1465,266,321,684
592: 210,1913,377,493,1419,863,1026,1790,1261,1734,1703
593: 221,309,1623,931,1443,112,1860,234
594: 597,865,1492,1642,1409,1372,337,1286,1949,514
595: 418,588,1649,850,441,1383,142,1932,297,331,1355
596: 613,6,1501,437
597: 594,865,1642,1738,1717,1949,1487
598: 1224,1973,1590,277,916,1039,878
599: 390,1168,1603,1720,228,947,1688,413
600: 2020,1536,1903,1095,1328,1771,1312
601: 746,1713,53,641,1090,602,258
602: 1658,1505,1171,140,746,601,258
603: 472,1889,606,1063,1928,298,1333,891,950,233,943,1562,1640,1088
604: 479,1374,1500,1656,202,1818,765
605: 40,1613,1727,982,32,335,1131,459
606: 603,472,1889,1063,1593,1687,1332,83,558
607: 307,897,507,1155,1582,1437,1773
608: 858,1108,1529,498,1971,616,328,1998,1447
609: 674,1504,1035,1989,1426,426,16
610: 1423,962,1879,1693,698,1110,807
611: 371,1636,955,1735,1890,441
612: 553,1010,845,1049,655,758,1554,1201,407
613: 6,1501,798,1136,596
614: 1226,1334,1433,657,1968,561,750
615: 244,1482,712,1788,1093
616: 581,1971,535,328,1998,155,608,1529,498
617: 1922,215,357,948,1525,755,1244,207
618: 17,1831,196,1695,68,857,1191,673,915,1119,781
619: 19,282,946,706,1248,904,364,1759
620: 569,1729,1373,968,1618,833,265
621: 101,768,1008,797,236,167,866,1413,1298
622: 539,1322,71,1589,39,1644
623: 749,420,1780,1906,752,951,699
624: 27,1027,183,1234,1216
625: 1954,410,253,466,733,1650,1776,709,1424
626: 706,810,85,1306,404,818,1468,1747
627: 447,335,1131,944,983,1140,1787
628: 956,1251,1522,480,51,722,940
629: 69,247,290,671,1645,882,1432,570,1105,1711
630: 847,945,1406,1499,1765,60,560,1852,1839
631: 1578,383,659,266,1910,684
632: 526,1973,916
633: 818,33,1338,1266,1697,1517,852,848,1178
634: 37,1715,1742,678,1803
635: 1434,1142,1947,7,1061,1384,766,742
636: 1783,386,773,269,731,745,267
637: 29,1137,1066,1778,1172,475,70,1853
638: 1390,161,1074,1103,984,1769,1600
639: 182,262,811,1494,1347,326,226,1900,889
640: 1823,1861,395,863,976,1936
641: 53,838,1090,1020,960,1713,601,258
642: 1327,965,1194,1798,1830,1837,1990
643: 358,402,1579,1871,1062,1275,1541,1898,888,1109,1751,1120,1672
644: 143,718,1364,984,1713,1090,960
645: 1363,345,981,1192,114,2018,1469,1488
646: 1647,1737,556,738,1332,1772
647: 34,500,1703,1760,687,1988,377,1026,1051,1881,1588
648: 1323,426,580,16,1292,822,887,1014,543
649: 2000,1046,1749,835,147,696,1667,1390
650: 1479,1574,519,1872,1084,31,1307,1976,582
651: 909,1532,1758,1564,1563
652: 1738,470,921,1099,679,1967,538,824,1154
653: 1935,1436,1122,1145,394,949,360,1350,1795,1945
654: 959,1348,439,1635,1440,346,1899
655: 1104,1371,985,612,1010,242,1201,407,399,1496,1495
656: 65,532,1828,1116,1664,1335
657: 730,1819,1291,1968,686,1059,614,1433
658: 461,1267,1955,237,1927,1970,1423
659: 631,383,1855,435,1910,1414
660: 20,1714,572,1019,934,241,166,700,1321
661: 1865,1123,532,1873,1005,1160,1451
662: 1187,550,958,1449,22,1676,1781,26
663: 1450,474,518,1163,1692,1105,1727,1412,1711,1555
664: 521,1507,381
665: 1175,698,1110,1946,1981,306,1693,1800,1055,316
666: 1622,1637,246,1469,1054,799,1245,1957
667: 1594,51,1608,735,428,567,940
668: 217,840,1467,488,1346,761,905,220
669: 1268,113,571,1453,1221,55,393
670: 11,317,1657,379,1417
671: 247,629,1708,1868,882,570
672: 1702,232,678,1664,227,1825,1567,44
673: 17,1831,618,1191,915,1521,292,1119,781
674: 609,1504,416,308,1721,1426,737
675: 522,745,1550,1628,1441,267,492,844,899
676: 1223,825,1548,1877,1313,1513,1272
677: 1519,1750,701,736,895,374,1493,90,1244,357,1525,1231
678: 1702,232,248,672,227,1715,1484,634,914,1803
679: 1658,1015,1967,1505,484,322,1738,652,1099
680: 174,305,2012,879,1208,1215,358,1094,550
681: 1066,1683,1067,1604
682: 547,1761,575,1641,952,770,1875,1654
683: 1452,1202,1320,937,502,924,1087,1239
684: 321,1910,785,266,1578,631,591
685: 1211,1953,1107,230,1516,263,772,864,1571
686: 92,1902,1059,1811,657,1968,578,750
687: 500,1703,647,1988,377,1734,1051,18
688: 12,1794,1569,1203,38,168,1580,1856,713,1031
689: 387,925,1908
690: 1746,194,1755,1357,488,223,1779,150,1648
691: 1700,1915,1757,739,74,1985,1157
692: 233,1097,943,1285,1562,1640,828,1068,837,1393
693: 1773,175,332,994,152,307,185,549
694: 193,1324,1736,1766,1424,253,137,1731,1150
695: 437,1453,1221,808,56,401,1960
696: 1156,302,26,147,2000,649,1667
697: 1403,162,339,890
698: 313,1175,665,1110,807,1981,610,962,1568
699: 804,1083,425,420,623,1780
700: 166,773,269,530,1321,572,660,745,1550
701: 1519,677,736,895,90,357,1525,1231,229,1756
702: 1818,1497,1506,1174,1500,765,1700,1757
703: 157,1427,1539,1032,1816,371,961
704: 590,1126,1300,911,1276,315,1490,1904,715
705: 109,836,291,1250,1972,741
706: 626,810,1248,1306,998,19,619,946
707: 556,738,138,1872,236,325,912,31,917
708: 1558,1844,1028,281,1158,1599,1943
709: 1888,119,2017,1416,389,108,253,625,733
710: 1732,964,1328,1273,1185,767,1312
711: 848,1247,1699,1721,91,832
712: 338,1089,1897,615,244,1310
713: 218,1153,1031,688,1569,38,523,1076,1460
714: 1068,1072,837,87,1235,1944,1365
715: 222,1904,1802,1152,704,911,1276,1490
716: 1026,1212,1810,1790,1261,64,1609,800,1284
717: 1887,1535,121,975,923,1826,1041
718: 143,644,39,1600,984
719: 23,1940,1271,876,1930,186,1820,141
720: 1602,783,1203,1048,116,1457,517,424,1422,1610
721: 511,820,1948,546,57,913,1165,76
722: 1690,172,751,940,628,956
723: 35,1574,1297,151,97,1030
724: 801,885,1959,1822,1657,379,1668,816,1065
725: 1884,1092,1485,1892,1832,1217,84,1439,1630
726: 288,305,2012,1197,1182,885,1668,932,406
727: 784,27,935,1027,1378,348,455
728: 1621,804,81,1611,881,425,1768
729: 929,1659,1907,145,1382,1750,1921,374
730: 657,1291,909,1532,1458,1433
731: 166,773,269,1321,1916,579,636
732: 359,1316,526,1295
733: 1954,410,253,625,466,101,768,1776,272,389,119,2017,709,1416
734: 936,993,1117,1135,1555,1615,1627,826,1674,1166,1575
735: 971,340,1230,428,1594,667,483
736: 1519,1750,677,701,895,1921,374,1493,90
737: 48,1426,2009,875,363,416,674
738: 646,556,707,1332,1772,236,325,1566
739: 805,1050,1228,74,1174,691,1700
740: 1929,1861,974,1247,91,1296,1205,976
741: 802,1250,705,291,1962,450,1886,1359
742: 1384,347,766,154,1486,942,635,7
743: 798,1136,1169,868,1226,1334
744: 1394,870,566,1102,412,907,1523
745: 1550,1628,675,269,700,530,636,386,267,844,899
746: 140,1713,1557,601,602
747: 1377,499,790,48,1426,2009,1035,260,1354,16,1016
748: 126,494,564,1509,817,1440,14,111,1232,458,966
749: 623,1906,752,951,1386,476,823,1596,1777,1510
750: 320,561,578,1968,686,614,1226
751: 1690,722,1918,956,1558,1098,281
752: 749,623,1780,1906,1596,184,763,1777
753: 1507,1625,256,1528,337,1896,819,1770
754: 170,1127,1218,1824,796,1341,1722,352
755: 1814,869,1244,1193,1922,617,1525,207,949
756: 1584,1688,406,1071,954,1696,228,947,1240
757: 1643,1665,959,1348,439,1880
758: 333,1258,1554,1201,407,1242,612,845,1495
759: 792,902,1111,67,1402,995,169
760: 318,510,1965,851,1386,476,1149
761: 1775,900,1480,905,217,1467,668,220
762: 337,1286,819,514
763: 184,138,1777,1872,1780,752,1737
764: 1039,1462,969,1991,502,1087
765: 250,1502,853,479,604,1500,1818,702,1757
766: 1384,347,485,154,742,1486,635,1142,7
767: 417,1771,906,1312,710,1273,209
768: 101,621,1995,1776,1008,355,389,1954,733
769: 185,1753,404,1147,549,153,1679,1496,1964,524,946,810,998
770: 1875,879,952,110,497,547,682
771: 1161,822,887,1014,1037,1296,1292,974,268,1205,1319,877,78
772: 263,864,1571,1185,125,1979,254,685
773: 166,269,700,731,1321,1916,636
774: 338,1089,317,1417,816,177,188,1547
775: 1806,370,63,43
776: 205,1706,894
777: 315,531,1490,1912,1904,1152,447,199
778: 566,1102,326,1859,1840,922,908
779: 1006,1680,104,2021,1046,585,1322
780: 131,1472,1399,1340,380,1646,1799,473
781: 1893,1363,200,1831,618,68,673,1119,920
782: 278,815,2005,1798,1719,1911,1830,906
783: 2006,1602,720,1203,1048,517,136,1422
784: 727,27,1442,1378,348
785: 321,1910,684,1859,1477,922
786: 88,1694,79,542,1707,2016,795,1012
787: 72,1428,1128,1237
788: 1367,1477,1754,1923,962,807
789: 1146,120,1739,903,1257,1639
790: 1377,499,747,1339,264,48,2009,260,1901
791: 1678,356,1540,1685,1944,235,1697,1365,1543,1022
792: 256,1483,902,1385,759,1111,995
793: 57,414,1224,1206,49,1462
794: 812,1970,1511,1132,1241,1927,30
795: 408,1073,2016,1012,259,1894,786
796: 1341,1920,1722,1225,170,754,1127
797: 236,912,167,917,1413,621,1008,1298
798: 1501,743,808,1136,1169,1405,613
799: 1190,1255,1245,1974,968,666,246,1054
800: 165,1021,1293,1609,716,1810,1561,1476,1284
801: 724,885,1043,1959,1654,1641,1822,1182
802: 1250,834,741,1886,1359,152,175,332
803: 1783,884,1551,579,1819,1572,1811
804: 1621,728,1083,699,1611,425,420
805: 216,739,1050,1228,74,1368,1038
806: 147,1449,1134,1474,1672,1534,958
807: 313,1175,698,1981,610,962,788,1754,1568
808: 1501,798,1405,56,437,695
809: 145,1985,1157,1288,1382,910,1017
810: 626,706,85,1306,998,404,1147,769,946
811: 182,639,262,1494,1632,1013,889,388,1246
812: 794,1879,1970,1511,213,324,1927,30,1423
813: 1733,1352,1114,452,273,1560,1883
814: 1108,1327,1194
815: 278,782,1911,279,545,1963,343,1366
816: 379,1668,1417,1065,284,724,774,1724,1547
817: 748,494,564,1509,111,1410,1232,966
818: 1515,1468,33,1747,633,626,1517,1219
819: 337,1896,753,762
820: 13,721,511,1948,855,973,913
821: 1751,1415,1474,1745,18,1988,896,1881,453,1134,835
822: 1161,771,887,1014,1037,1292,648,1205,877
823: 476,1149,1648,1330,249,1596,749,1906,1510
824: 353,471,538,551,979,1154,652,921,1106,1652
825: 1716,1223,1448,676,1324,1736,1766,1345,100,1548
826: 1516,548,1674,1166,734,130,1116,211,1575,128
827: 80,534,1792,961,1735,1427,371
828: 1640,1018,1846,692,943,1562,1068,837,1235
829: 1211,303,1953,231,1005,581,1160,535
830: 430,1398,1581,1113,427,299,1814,586
831: 277,916,1442,1378,348,927
832: 91,1292,1721,711,1504,1989
833: 1618,1729,620,1373,1974,1655,968,265,1264,1255
834: 802,1250,1972,1595,1408,332
835: 2000,104,649,1749,1387,821,896,453,1134
836: 109,316,583,705,291,306,89,115
837: 1068,1072,714,692,828,1846,87,1937,1235
838: 53,641,1090,1020,960,1281,1459
839: 54,176,1763,257,1591,171,1942,1653
840: 217,1467,488,668,223,1779,1233,318,451,1965,150
841: 1918,480,1999,214,1698,438,1028
842: 376,107,1234,1361,1027,86,1280,372,1607
843: 24,111,1878,1410,212,977,1876,564
844: 267,492,1577,1430,899,1130,522,745,675,1842,386
845: 553,1396,1001,612,1010,1049,758,1554
846: 1317,1592,1930,1256,131,1660,380
847: 630,1406,1499,545,102,343,1222,1366,1858,1891
848: 1178,1699,711,633,1697,308,1721,852
849: 1839,1858,462,945,1785,124
850: 595,418,537,1649,1383,257,1704,1214,330
851: 59,576,951,1386,510,760,1965,1906
852: 308,1721,1517,1219,633,848
853: 250,765,98,1888,479,1374,137,528
854: 214,1791,1847,1952,1958,1851,430,1546,1581
855: 973,1200,1425,820,1948,275,2004
856: 327,1565,1977,1951,996,173,874,1356,1124
857: 17,1831,196,618,1695,68,1191,122,103
858: 608,1108,1529,498
859: 239,1471,1262,882,1933,570,1838
860: 915,1002,1460,1183,1521,1257,17,292
861: 298,891,311,1407,2007,1841,554
862: 567,1942,1337,1849,1143,336,1251,1522
863: 395,1309,640,1823,976,1936,210,493,592,1419
864: 263,772,1273,1571,1185,685,1941
865: 594,597,1492,1642,1286,1949,514,1487
866: 236,460,167,1063,1928,1088,355,621,1995,1008
867: 79,378,1093,1342,1938,1012,259
868: 1458,1226,1334,743,1136
869: 1966,396,1814,755,1244,427,90,1368,586,1193,1922,1525,207
870: 1394,226,744,1523,262,1494,139,1326
871: 272,1298,108,1307,1976,1413,519,1034,1195
872: 553,1396,1010,242,276,52,280,1104,1371
873: 255,351,1631,1446,931,112,1188,1924,385
874: 173,240,433,1565,856,1977,996,1857,1124,1587,245
875: 2009,737,505,363,1587,589
876: 23,1940,1701,1271,1033,1118,719,1820,141,562,195
877: 1638,464,543,1586,1161,771,822,887,1319,1541,78
878: 927,938,937,1991,598,277,1039
879: 770,1875,1208,1215,110,497,1586,358,1579,680
880: 243,1744,122,1883,103,1056,1227,1827
881: 1611,310,458,1523,96,81,728
882: 32,1432,1933,570,859,629,671
883: 1011,1209,1445,468,1100,1483,1385,158
884: 1842,803,1783,1577,92,1044,1572,1811
885: 724,801,1959,726,1182,1668,1065,932
886: 1045,1204,1874,1277
887: 1161,771,822,1014,1323,648,464,543,877
888: 1541,1898,1638,1586,358,402,1579,1062,643,1120
889: 1585,1900,341,182,639,262,811,1013
890: 697,339,1984
891: 298,861,950,311,1265,1407,1687,558,554,603,472
892: 445,1807,1395,1957,1342,2015,1637,1573,1007,1938
893: 1570,1867,1978,1576,1808,1531,21
894: 293,1931,776,1706,442
895: 1519,677,701,736,1921,374,1231,61,229,1756
896: 1881,1895,286,1588,453,821,1420,104,1749,835,1387
897: 307,607,507,1437,1408,1773
898: 24,1410,992,1249,1885,59,510,1965
899: 267,492,1430,844,1130,522,745,1441,675,386
900: 206,1775,1480,761,1961,905
901: 1262,590,1126,1300,1058,1236,239,1943
902: 256,792,759,995,1438,521,1507
903: 168,1580,533,1739,397,1901,499,789,120
904: 173,433,505,364,449,19,282,619,1248,996
905: 405,1537,206,900,761,668,28,220
906: 417,1771,767,1312,1903,443,782,1719,1911
907: 1523,96,412,1728,1464,744
908: 1347,1367,922,1859,778,566,1102,326,226
909: 651,1532,730,1458
910: 145,809,1997,1157,1288,1382,73,1252,1331,1360,1411,1009,1907
911: 422,463,1276,440,704,1300,715
912: 797,236,325,167,707,31,917,1413
913: 57,1784,1165,721,820,1948,2004
914: 1803,248,678,988
915: 860,1002,1460,1183,1521,17,618,1191,673,292
916: 277,831,632,1973,598
917: 31,1307,1976,582,1413,707,797,236,912,1298
918: 1335,1391,1702,988
919: 382,204,346,375,1456,36,1549
920: 11,527,1657,1831,1524,1119,1893,200,781
921: 470,652,1099,1717,551,824,1154,93,1652
922: 1347,1367,1477,908,785,1859,778
923: 444,975,1481,181,1675,84,121,717
924: 986,1239,1202,683,1320,1159,1591
925: 689,387,1908,189,973,13
926: 159,1996,127,1040
927: 878,348,455,938,277,831,1378
928: 1381,1249,1583,365,1939,1133
929: 729,1659,1907,1021,1009,1576,1476,1570
930: 323,427,299,66,1616,1726,216,396
931: 309,1623,593,112,873,557,385
932: 1584,1688,406,885,726,1197,1668,1065,284
933: 1531,989,1473,1026,1212,1284,1808,34
934: 1019,978,20,572,660,241,1375,166,1321
935: 727,27,1027,348,455,1280,107,1234
936: 734,993,1117,1135,1555,1762,1086,1615,1627,1166,1575
937: 878,348,455,938,1991,502,1452,1280,683
938: 878,348,455,927,937,1991,277,1280
939: 1620,1438,1128,47,1402,1862,995,72
940: 172,722,967,667,51,1608,628
941: 1520,1689,1725,1407,1397,1841
942: 1486,1177,146,350,1061,1909,7,742
943: 233,692,1285,1562,298,1333,950,603,472,1928,1640,1018,828
944: 1204,1351,199,447,627,1787
945: 630,1499,560,1852,1839,849,462
946: 19,282,619,482,153,524,769,706,810,1248,998
947: 599,228,284,1584,1688,756,1724,413
948: 215,357,617,207,351,309,112
949: 207,1661,360,755,1145,586,1193,653
950: 298,1333,891,1687,603,472,1889,1928,943
951: 59,576,133,851,1386,749,420,623,1906,476
952: 1121,1854,1461,110,543,547,682,575,770,1875
953: 1183,1455,1639,1325,1761,575
954: 756,406,288,1197,1187,1676,1696
955: 611,1636,141,562,501,1890,506,441
956: 1918,628,1251,480,751,722,1558
957: 1096,520,1975,1486,347,154,270,314,415,1238
958: 1534,1187,550,662,1449,806
959: 654,1348,439,1643,1665,757,346,1899
960: 641,838,1090,143,644,529,1281
961: 80,827,1735,1032,703,157,1427,371
962: 1923,610,788,1754,698,807
963: 465,1705,1210,77,587
964: 1732,710,1669,95,1328,1095,2001,1312
965: 1327,642,329,1990,1222
966: 1782,310,458,748,1509,817,1232,117
967: 172,940,1608,1491,1956,1691
968: 1974,1655,285,620,1373,833,265,1255,799
969: 764,1462,49,1427,80,1087,574
970: 274,1420,1982,1025,1723,1318,456
971: 587,340,1607,1230,1508,735,1361
972: 1817,136,1863,1196,2006,1996,127
973: 855,1425,189,925,13,820
974: 1861,740,1296,771,1037,268,1205,976
975: 164,444,923,1826,121,717,1041
976: 268,496,1205,1319,1936,640,1823,1861,740,974,863
977: 62,1880,1876,212,1348,439,843
978: 205,1019,1706,934,241,432,1375
979: 353,471,538,551,824,1154,1530,1274,559
980: 569,1729,1173,481,1917
981: 1893,1363,200,345,645,1192,527,1488,1310,1897
982: 40,605,32,1432,531,1052,335,1131
983: 1140,1484,1787,489,627,1131,459
984: 1364,1103,1444,638,644,718,1600
985: 192,1104,1371,655,152,994,399,1964
986: 924,1239,574,491,534,1159
987: 1774,319,1992,515,1308,1969,2,1597
988: 1702,232,248,914,918
989: 1723,342,1531,933,1473,1284,1808,403
990: 434,473,1243,1167,1472,1301,1047
991: 1655,285,1733,1369,1741,1545
992: 24,1410,898,1232,59,117,576,510
993: 734,936,1117,1135,1835,224,1674,1166,1619
994: 175,693,985,152,399,1679,1964,185,549
995: 67,1402,792,902,759,939,1438,521
996: 327,1565,856,1977,1951,449,173,240,904,433,874,1124,245
997: 1176,129,300,400,541
998: 706,810,153,1679,524,1753,404,769,946
999: 1932,501,506,187,1023,1601,1829
1000: 283,1980,1530,1274,344
1001: 553,1396,845,1053,1189,1049
1002: 860,915,1076,1827,1460,1521,17,1191
1003: 1850,1497,1506,1174,490,1614,1220
1004: 105,25,1533,440,536,477
1005: 532,1873,303,829,1160,661
1006: 779,1680,106,1982,1434,1947,1322,1589
1007: 1573,1190,1245,892,1395,1957
1008: 101,621,1995,768,1776,797,236,167,866,1088,355,1298
1009: 165,1021,73,1331,1382,910,929,1907
1010: 553,872,612,845,242,1104,655,1201
1011: 1209,1445,883,504,1603,468,1100
1012: 2016,795,259,79,542,867,786
1013: 262,811,1632,889,341,1689,1246,1407
1014: 771,822,887,1037,1989,1296,1292,426,648
1015: 1658,679,1171,1162,1299,484,322
1016: 580,1354,16,48,1035,1377,747
1017: 1493,1380,145,809,1985,1382,1750
1018: 1640,1088,828,355,1846,1928,943,1562,1995
1019: 1706,442,978,934,20,1101,660,241
1020: 53,641,838,1281,1459,1980,1029
1021: 165,1009,800,1293,929,1907,1576,1561,1476
1022: 1178,1247,1699,1697,1543,791,1685,1304
1023: 1220,1601,423,999,1710,1829,1726
1024: 1362,261,555,1821,1983,1752
1025: 970,1723,342,135,403,1318,456
1026: 716,1212,1810,1790,1261,377,592,1284,34,1703,647,933
1027: 727,27,935,624,183,107,1234,842
1028: 1558,708,438,1844,1918,841,1681,281
1029: 60,283,1980,1852,1020,1459
1030: 391,1617,35,723,151,1141,97,1553,1764,409
1031: 713,218,1153,1662,540,1794,688,1569,38,1076
1032: 186,1047,1816,703,371,1820,961
1033: 23,1940,1701,1271,2019,876,1118,141,562,195,1431,1526,50
1034: 97,1195,1764,1307,35,519,871
1035: 609,48,1426,747,16,1016
1036: 10,271,486,1743,1314
1037: 1161,771,822,1014,91,1296,1292,974,1205
1038: 1493,198,1368,1380,805,216,74,66,1985
1039: 764,1462,1224,598,878,1991
1040: 1151,1279,1813,1196,926,1996
1041: 1559,975,1826,1887,717,1805,1077
1042: 559,1671,353,471,1106
1043: 801,1959,1654,1455,1761,1085
1044: 92,1902,1811,1842,884,1577,1144,1463
1045: 886,1204,1351
1046: 649,2021,1749,779,1390,585
1047: 1301,186,1032,1816,380,434,990,1167,1930,1256,1539
1048: 1602,720,783,116,1457,517,1857,1552,75,424
1049: 1189,1001,612,845,1670,1554
1050: 805,216,739,1228,423,66,1616,1726
1051: 436,1734,1109,18,647,687,1988,1120,1415,1745
1052: 531,1838,1912,32,1933,982
1053: 201,1805,1077,1559,1189,1396,1001
1054: 666,246,1974,285,1545,1255,799,1245
1055: 1884,1092,1800,1175,665,1110,306,115,1630,316
1056: 218,1153,1227,1662,1070,118,880,1744
1057: 1544,1821,1269,518,1163,1835,1762
1058: 1542,1236,25,440,1126,1300,901,463
1059: 92,686,1572,1811,657,1819,1291,1968
1060: 529,1170,2014,1527,1712,1179,190,1748
1061: 350,456,942,1434,635,7
1062: 402,1871,1275,643,888,1751,1120,1474,1672,1534
1063: 603,1889,606,1593,1928,460,866,1088
1064: 1887,1535,45,1684,294,1962,1789
1065: 379,1668,1417,816,284,1822,724,885,1657,932
1066: 681,1683,1778,1067,1172,475,1389,637,70
1067: 681,1066,1683,164,132,475,1077,1389
1068: 1514,1072,714,837,1393,692,1097,828,1069
1069: 1512,1294,1155,1582,1097,15,1068,1514,1393
1070: 349,118,1056,452,273,1744
1071: 1688,756,1634,1696,1720,228,1718,1240
1072: 15,1068,1514,714,837,1393,1944
1073: 408,2016,795,88,1237,9,1428
1074: 638,1390,161,585,539,1600
1075: 1628,1441,163,1429,1905,333,1199,1836
1076: 1002,1827,1460,523,713,1153,1227,1031
1077: 132,201,475,1805,1389,1053,1826,1067,1041
1078: 279,1454,1963,525,1527,1213,1605
1079: 1848,1707,319,1308,1694,478
1080: 163,448,1905,1714,509,572,530
1081: 252,179,1388,1330,194,1755,178,368
1082: 155,209,443,1198,1941,1273,328,1302
1083: 1621,804,699,1780,1647,1737
1084: 1796,1624,184,1777,1872,1976,582,650,1479,1574
1085: 292,1524,1119,1822,1455,1043,1959
1086: 2002,1615,1627,459,1450,1613,1727,1412,936,1555
1087: 502,1239,574,764,969,1991,80,683
1088: 1640,1018,355,603,1889,1063,1928,460,866,1995,1008
1089: 774,712,338,1897,317,527,1417
1090: 641,838,960,1364,644,1713,601
1091: 1847,1952,430,1398,394,1122
1092: 1693,1884,725,1485,1800,1892,1055,213,324,1630
1093: 79,1788,542,378,867,615,244,1482
1094: 358,1871,1215,174,680,1534,550
1095: 1633,1283,2001,431,964,1328,2020,600,1312
1096: 957,1752,1809,520,1975,1362,270,1238
1097: 233,692,1285,507,1155,1069,1068,1393
1098: 1542,281,1236,1690,751,1558
1099: 322,1738,470,652,921,1717,679,1967,484,1154
1100: 156,468,1011,883,1483,1111,158
1101: 20,1714,1400,293,495,1019,442
1102: 1394,778,566,744,412,1840,908
1103: 1364,1444,1225,984,1769,638,161,1376,1722,1600
1104: 192,1371,655,985,152,872,1010,242,399
1105: 1450,474,518,663,1692,69,629,148,1412,1711
1106: 1652,471,551,824,1042
1107: 1211,231,685,230,1516,548,1571
1108: 608,858,498,1418,1194,814
1109: 436,1734,1051,296,18,1898,643,1120
1110: 1175,665,698,1879,610,1693,1800,1055
1111: 1483,792,759,1815,156,1100,169
1112: 1986,1874,222,1802
1113: 1546,1581,830,366,552,331,1958,1164,99,323,299
1114: 813,1352,452,2008,191,1498,1560
1115: 1801,1207,361,1909,1177,146
1116: 130,1567,211,128,826,1664,1828,656
1117: 734,936,993,1135,1835,1555,1762,1450,518,1163,1627,1166
1118: 23,1940,1701,1271,2019,876,1033,1139,1317,225,1767,1435,1141,1431,50
1119: 292,1524,1085,1831,618,673,781,920
1120: 1751,1415,1672,1898,888,1051,1109,18,402,1062,643
1121: 952,1854,1461,1812,1323,110,543
1122: 653,1935,1681,1436,1847,1952,1698,1091,394
1123: 661,1865,581,1971,1160
1124: 1356,1857,1552,1130,1565,856,1951,996,874,1289
1125: 1709,1537,516,28,1686,1401,362
1126: 590,704,1300,901,1058,1236,463
1127: 754,1218,1833,1824,796,1341,352,1379,1445,367
1128: 88,1237,1278,47,1862,787,72,939
1129: 1746,194,1755,1357,131,1660,1340,1388,1592
1130: 492,1430,844,899,327,1951,1730,1289,1356,1124
1131: 627,335,1613,605,982,459,983,489
1132: 1241,312,30,794
1133: 1925,1939,1876,24,1878,928,1249
1134: 147,1449,806,821,1474,453,2000,835
1135: 734,936,993,1117,1835,1555,1762,1627,1674,1166
1136: 1501,743,798,868,613
1137: 29,495,637,1853,509,1400
1138: 1882,295,1809,224,1362,1544,270
1139: 2003,252,179,1987,1388,1317,1592,398,225,1767,1435,1701,1118
1140: 1715,983,1484,1742,1787,489,627
1141: 1767,1297,151,1435,2019,1118,1617,1030,1431,50
1142: 1434,635,1947,1384,766,1,1629,1589,1353
1143: 421,1263,171,862,1337,1653,1849,336
1144: 144,1463,1730,1994,92,1902,1044,41
1145: 394,586,1193,1398,653,949,360
1146: 789,1325,1489,120,1854,1461,1812,1639
1147: 1753,404,769,549,1512,1919,287,810,85,1468
1148: 61,229,1370,255,1631,1446,1801,573,197,1188
1149: 150,476,1648,823,1386,318,760,194
1150: 137,1731,253,1888,1416,1766,1424,694
1151: 1279,1040,1813,320,561,1196,1169,1996
1152: 1874,222,1904,1802,1277,715,777,1490,199
1153: 713,218,1056,1227,1031,1662,1076,1827
1154: 471,538,551,824,979,470,652,921,1099,93,1652
1155: 307,607,507,1582,1097,1285,1069,1393
1156: 302,696,1667,161,1376,1478,1769
1157: 809,1985,1997,1288,910,1502,691,1915,74
1158: 239,1599,1471,1834,1943,708,1844
1159: 257,1591,1214,986,924,491
1160: 581,1971,535,829,1005,661,1123
1161: 771,822,887,1037,1205,1319,1638,464,877,78
1162: 1299,1503,1336,1015,484,1492,1372
1163: 518,663,1692,1821,1269,148,1057,1117,1762
1164: 331,1355,1958,99,552,1546,1113
1165: 57,913,721,546,76,1206
1166: 826,548,1674,734,936,993,1117,1135,1575
1167: 275,473,1243,990,2004,1784,1301,1047,1539
1168: 390,599,1603,1720,228,468,512
1169: 743,798,1405,1226,561,1151,1279
1170: 529,1060,1712,1644,190,143,39
1171: 1658,1015,602,1833,140,1299,1503
1172: 1066,1683,1778,475,1389,29,637,70,1853
1173: 980,1729,1311,481,1917,1498,1560
1174: 1003,1497,1506,702,1220,423,1700,739,1228
1175: 313,665,698,1110,807,1946,1981,306,1055
1176: 1758,997,129,1564
1177: 1975,1486,1612,146,942,1207,1115
1178: 848,1699,1022,633,1266,1697
1179: 1060,2014,1527,1712,190,431,304,1213,1536
1180: 347,485,154,314,415,1283,2001,1669,95
1181: 293,1931,1598,1778,29,495
1182: 726,305,2012,1641,801,885,1654
1183: 953,1521,1455,1257,1639,860,915
1184: 298,1333,2007,1437,554,507,233,1285
1185: 772,864,1273,254,1732,710
1186: 513,1466,503,1961,1403,162,206,405
1187: 550,662,958,288,954,22,1676,1696
1188: 1344,457,1924,1148,873,255,1446,573,197,1207
1189: 70,1853,1049,201,475,1053,1001
1190: 265,1264,1255,799,1245,1974,1007
1191: 17,618,857,673,915,1002,1827,103
1192: 1893,1363,200,345,645,981,196,68,114,2018,149
1193: 1145,586,1814,755,869,207,949
1194: 1327,642,1837,1418,1108,814
1195: 97,1034,1764,871,108,1656
1196: 320,561,972,1863,1151,1040,1996
1197: 174,288,726,2012,1584,932,406,954
1198: 155,209,443,1082,1998,2005,301,1447
1199: 487,544,1836,1429,522,1628,1441,1075
1200: 855,362,1425,1686,1399,275,473,1243
1201: 758,407,1242,612,1010,655,399,1495
1202: 86,1452,1280,372,683,1320,924
1203: 2006,1602,720,783,1610,12,1794,688,82,1856
1204: 886,1045,1351,199,944,1277
1205: 268,976,1319,1296,1861,740,974,1161,771,822,1037
1206: 76,1224,1590,57,793,1165
1207: 1801,573,197,1115,457,1188,1612,1177,146
1208: 1875,879,1215,1641,174,305,680
1209: 1011,1379,1445,883,1864,568,367,158
1210: 183,376,77,587,1607,963
1211: 303,1953,829,231,685,1107,263
1212: 716,1026,1810,1790,1609,1561,1284,34,933
1213: 304,1536,1527,1179,1605,1078,525
1214: 257,1704,1159,491,537,1649,850,1383,330
1215: 1875,879,1208,358,402,1579,1871,1094,174,305,680
1216: 77,624,183
1217: 1832,1343,1675,84,725,1485,1439
1218: 754,1127,1833,1824,1379,367,1503
1219: 308,1517,852,818,1747,469,416
1220: 1023,1614,1601,423,1003,1174,1228
1221: 695,1453,401,1606,669,55,393
1222: 102,329,343,1990,1366,1798,847,965,1891
1223: 1716,1448,825,676,1673,1324,1548,1877,1313,1513
1224: 1590,598,1206,793,1039,1462
1225: 1103,1444,1769,796,1920,1376,1722
1226: 614,868,1334,561,750,743,1169
1227: 218,1153,1056,1076,1827,880,1744,103
1228: 805,739,1050,1174,1220,423,1700
1229: 1541,1898,78,268,496,1319,1638,296
1230: 971,1508,735,123,176,428,1942
1231: 215,357,1525,1519,677,701,895,229,1756,351,1631,1446
1232: 111,1410,992,748,1509,817,966,117
1233: 1583,1885,1775,451,510,1965,217,840
1234: 183,376,107,842,935,1027,624
1235: 87,1315,1937,1870,828,1846,714,837
1236: 1098,1542,281,1058,1943,1126,901
1237: 88,1128,1278,1073,2016,787,1428
1238: 270,314,415,957,1096,1809,154
1239: 502,986,924,1087,574,683
1240: 354,1358,1718,1797,756,1071,58,1634,1696
1241: 251,1927,1132,794
1242: 758,1258,1201,407,289,1495,524,487,369,419,482
1243: 275,473,990,1167,2004,1200,1948,1399,1784,1301
1244: 1966,396,1814,755,869,90,1368,677,1922,357,617,1525
1245: 1190,1255,799,666,1637,1054,1007,1957
1246: 311,1265,1407,1843,811,1632,1013,1689
1247: 1699,711,1022,1304,91,1929,740
1248: 706,1306,619,946,904,364,1759,469
1249: 928,1583,1885,1133,24,1878,898
1250: 802,1972,834,741,705,291
1251: 628,956,1522,480,567,862,51
1252: 1666,46,73,1331,1360,1411,1502,98,1997,1288,1382,910
1253: 64,1293,1609,1272,1260,1313,1309
1254: 1350,1795,2013,1945,1868,1935,1681,1599,1834
1255: 265,1190,1264,799,1245,1974,968,1618,833,1054
1256: 846,1930,380,434,1301,186,1047
1257: 1183,1521,1639,523,1739,789,860,1460
1258: 333,758,1554,407,1242,1429,487,369,1836
1259: 422,105,440,1845
1260: 208,1877,46,1331,1253,1293,1272,165
1261: 716,1026,1790,1309,64,1609,210,592
1262: 590,901,239,859,1471,1933,315,1838
1263: 584,421,1143,1851,1849,336,1791
1264: 265,1190,1255,1618,833
1265: 1246,311,1843,1687,1632,1392,558,891
1266: 1944,235,1338,1697,1543,33,633,1178
1267: 461,591,658,1955,321,1923
1268: 481,669,113,571,393
1269: 1821,1983,557,148,474,518,1163,1692,1057
1270: 1350,2013,1945,1661,1860,1443,234,290,1708
1271: 23,1940,2019,876,1033,1118,719,141,562,195,1431,1526
1272: 1253,1293,676,208,1260,1877,1313,1513
1273: 864,1185,710,767,209,1082,1941
1274: 353,538,979,1530,565,1000
1275: 402,1871,1062,643
1276: 422,911,704,1986,1845,1802,715
1277: 1874,222,1904,1152,886,1204,199
1278: 88,1128,1237,1694,478,47,1862
1279: 56,1151,1040,1813,561,1169,1405
1280: 86,1452,1202,455,938,937,935,107,842
1281: 1459,1748,529,838,1020,960
1282: 75,424,1339,1587,245,589,264
1283: 1633,1095,2001,1353,485,1180,95,1328
1284: 1576,1561,1476,1808,800,716,1026,1212,1810,989,933
1285: 233,692,1097,943,1437,1333,1184,507,1155
1286: 42,337,594,865,1492,1409,762,514
1287: 159,540,118,218,1662
1288: 809,1985,1997,1157,1382,910,1915,73,1252,1360
1289: 144,1730,1994,392,1130,1356,517,1124,1552
1290: 14,1728,1626,1549,204,203,412
1291: 657,730,1819,1563,1551,1532,1059,1433
1292: 91,1296,832,1989,426,648,771,822,1014,1037
1293: 64,1253,1609,1272,1260,165,1021,800
1294: 1512,1069,1919,1582,15,1514,1393,1515
1295: 387,13,511,359,732
1296: 91,1292,740,974,771,1014,1037,1205
1297: 398,225,1767,151,1435,1141,180,179,1987,35,1574,723
1298: 272,871,389,797,1307,917,1413,101,621,1008
1299: 1162,1503,1833,1658,1015,1171,484
1300: 590,704,1126,901,1058,422,911,463
1301: 1047,1816,434,1243,990,1167,1256,1539
1302: 581,535,328,263,1953,155,1082,1941
1303: 1651,373,1866,1556,1404,483,340,465,1705
1304: 1993,1663,1697,1685,1247,1699,1022,1929
1305: 1528,1864,568,367,1336,42,1896,1770,1409,1372
1306: 626,706,810,1248,1747,1759,469
1307: 1976,917,1413,650,519,871,1298,1034
1308: 1774,987,319,1992,2,1597,1079,1848
1309: 395,1313,863,1513,64,1253,210,1261
1310: 1488,244,1475,345,981,712,1897
1311: 1729,1173,1373,1498,1560,1655
1312: 417,1771,767,906,1095,2001,1732,710,964,1328,600,1903
1313: 395,1309,1513,1223,676,64,1253,1272
1314: 513,1743,503,1961,10,365,1036
1315: 87,1937,1235,1870,410,466,1650,356,1540
1316: 359,732,526,546,429,76
1317: 846,1592,1930,2003,1139,1435,23,1701,1118
1318: 350,456,1909,135,403,970,1025
1319: 268,496,1205,976,1161,771,877,1229,78
1320: 1202,372,683,924,1591,54,123
1321: 166,773,700,731,934,660,241,1375,1916
1322: 585,539,622,1006,779,1680,1947,1589
1323: 580,1354,648,887,1121,1461,1812,110,543
1324: 1736,1766,694,1731,1682,1223,825,100,1548
1325: 1146,1854,1461,953,1639,575
1326: 139,388,508,870,1523,182,262,1494
1327: 965,642,1194,814
1328: 710,964,1095,1283,2001,2020,600,1771,1312
1329: 94,312,1793,1740,181,1832,1343
1330: 1648,823,249,1746,194,1755,178,1510,368,1081,1388
1331: 46,73,1252,1411,1260,910,165,1009
1332: 1772,1392,83,646,738,606,1593,1566
1333: 298,950,1184,1437,554,603,233,943,1285
1334: 614,1458,868,1226,1433,743
1335: 918,1391,1702,1664,65,656
1336: 1162,1503,1864,1305,367,42,1372
1337: 428,567,862,1942,1653,1849,1763,1143
1338: 1944,235,1266,15,1515,33,633
1339: 75,424,1282,589,264,116,260,1926,790
1340: 131,780,1660,1799,1746,1357,1129
1341: 796,1950,1797,352,754,1127
1342: 445,892,1395,2015,378,867,1938
1343: 1832,1217,1675,84,1329,181
1344: 261,555,457,1188,1924,255,573,385
1345: 193,1736,1766,1650,1678,356,1540,1685,1448,825
1346: 1467,488,668,1779,28,160,220,1646,1799
1347: 1367,922,1754,908,566,326,226,1900,639
1348: 654,212,959,439,1440,757,1880,977
1349: 1772,1392,83,558,1632,1677,388,1768,508,1843
1350: 1254,2013,1945,1270,653,1935,1661,1860,360
1351: 1045,1204,944,1787,37
1352: 1733,813,1114,452,273,243,1744,1883,1369
1353: 1633,1283,1142,1384,485,1629
1354: 1323,580,16,1016,1377,747,1489,1812
1355: 330,331,1958,1164,99,595,418,297,584
1356: 1124,1552,1430,1130,856,1951,1730,1289
1357: 1746,194,690,1755,1129,1779,1799,1340
1358: 354,1950,1718,1240,1797,58,1634
1359: 52,1886,802,741,192,152,175
1360: 1666,1252,1411,250,1502,98,1915,1997,1288,910
1361: 376,842,86,372,123,971,1607,1508
1362: 1544,1024,1096,1752,1809,1138
1363: 1893,200,345,645,981,1192,781,68,2018,1488
1364: 1103,1444,984,644,1713,1557,1090
1365: 1944,235,1543,714,87,791,1540
1366: 102,343,1990,1222,545,278,815,1798,847
1367: 1347,788,1477,922,1754,908,326
1368: 198,90,1380,1038,805,216,427,66,1966,396,869,1244
1369: 243,122,1883,1733,1352,991,1741,149
1370: 61,1148,1756,446,1978,1801,197
1371: 192,1104,655,985,276,52,280,1886,872,242
1372: 594,1492,1409,1305,1162,1336,42
1373: 1729,620,1311,1655,968,833
1374: 479,604,1500,1656,202,108,1888,119,853
1375: 241,400,432,1916,978,934,300,1321
1376: 1920,1478,1156,302,1103,1225,1769
1377: 499,747,790,1354,1016,1489,120
1378: 1442,277,831,348,455,927,727,784
1379: 352,1209,1445,1127,1218,1864,367
1380: 1493,198,90,1368,1038,1017,74,1985
1381: 928,1583,365,503,1961,1775,1480
1382: 145,809,1288,910,73,1252,1017,1009,729,1907
1383: 595,588,537,1649,850,441,1792,1735,491,142,1214
1384: 347,485,766,742,635,1142,7,1353
1385: 256,1483,792,883,1528,568,158,1770
1386: 576,951,851,510,760,749,1906,476,1149
1387: 2000,104,2021,1749,835,896,1895,286,453,1680,106
1388: 2003,252,179,1081,1987,1139,1330,1746,1755,1129,1660,368,1592
1389: 132,201,475,1077,1066,1067,1172,70
1390: 638,1667,161,1074,649,1046,1749,585
1391: 918,1335,65,1451
1392: 1332,1772,1349,83,558,1265,1843,1687
1393: 1068,1514,1072,1155,1582,692,1097,1294,1069
1394: 870,566,1102,326,226,744,1494
1395: 445,892,1807,1957,1342,2015,1573,1007
1396: 553,1001,872,845,242,1053,1559,276
1397: 2007,1595,1841,109,1520,941,1972
1398: 430,1581,830,1952,1091,1145,394,586
1399: 780,1472,1686,1646,1200,275,473,1243
1400: 20,1714,509,1101,495,1137
1401: 28,160,220,1686,1646,1125,362
1402: 47,67,1862,995,759,939,1438
1403: 697,162,513,1186
1404: 1651,370,1866,1556,1303,63
1405: 798,808,1169,56,1279,1813
1406: 630,847,1499,1765,545,1963,102,343
1407: 1246,311,1013,1689,941,1725,1841,861,891
1408: 2007,1595,1437,834,1773,332,897
1409: 594,1492,1372,1305,42,337,1896,1286
1410: 24,111,843,1878,898,992,1232,817,117
1411: 1666,46,73,1252,1331,1360,1682,1502,98,208,1997,910
1412: 40,1613,1727,1711,1450,663,1105,1086
1413: 31,1307,1976,917,797,912,519,621,871,1298
1414: 203,1840,659,435,1910,1859
1415: 1751,1120,821,1474,1745,1051,18,1988,1881
1416: 1888,119,2017,709,253,733,137,1150
1417: 379,816,1065,11,317,670,1657,774,1089,1547
1418: 301,1447,1837,1108,498,1194
1419: 1913,493,592,863,268,496,1936,436,296
1420: 274,970,1760,1723,1473,896,1881,1895,286,1588,106
1421: 1781,302,26,58,22,1634,1478
1422: 1817,136,1994,392,517,2006,720,783
1423: 610,658,1955,812,1879,1970
1424: 193,1736,1766,694,253,625,466,1650,1150
1425: 855,362,973,1200,189,1686,275
1426: 48,2009,737,609,674,1504,1035,747
1427: 49,703,157,969,80,827,961
1428: 787,1073,1237,9
1429: 163,1670,1905,333,1258,1628,1075,1199,1836
1430: 492,1577,844,899,1130,386,1463,1730,1356
1431: 195,490,1526,50,1141,1940,1271,2019,1033,1118,562
1432: 32,882,1933,629,40,1711,982
1433: 614,1458,1334,657,730,1291,1968
1434: 635,1142,1947,1982,1061,456,1006
1435: 225,1767,1297,1141,1987,1139,1317,1940,1701,2019,1118
1436: 653,1935,1681,1122,1847,1698,438,1795
1437: 2007,1595,1408,554,298,1333,1184,607,897,507,1285
1438: 381,1620,939,1402,995,902,521
1439: 1535,1217,84,1884,725,45,1630
1440: 654,212,1348,439,1635,748,494,564,111
1441: 522,1550,1628,675,1075,544,1199,1836,899
1442: 1378,831,784
1443: 221,309,1623,593,1860,1270,234,290
1444: 1364,1103,1225,984,1722,170,1557
1445: 1011,352,1209,1379,883,504,1950,1127
1446: 873,255,1631,1231,61,229,1148,1756,1188
1447: 301,1418,155,1198,328,1998,608,498
1448: 1716,1223,825,1678,1685,1736,1345,1663
1449: 147,1134,806,1534,662,958,1781,26
1450: 518,663,1692,1105,1727,1412,1117,1555,1086,1627
1451: 65,1873,1391,661,1865
1452: 86,1202,1280,683,455,937,502
1453: 437,571,695,1221,401,669,393
1454: 1078,1963,1605,60,1765
1455: 953,1183,1521,1761,292,1085,1043
1456: 36,1855,1549,435,919
1457: 517,1857,1552,75,424,720,1048,116
1458: 868,1334,1433,909,730
1459: 1281,1748,1605,838,1020,1029
1460: 860,915,1002,1076,1827,523,713,1257
1461: 952,1121,1854,1812,1323,1146,1325,1489,575
1462: 764,1039,969,793,1224,49
1463: 144,1144,1730,1842,1577,1430,1044
1464: 14,1728,126,907,96,458
1465: 1786,266,461,563,591
1466: 513,503,1186,1961
1467: 217,840,488,668,223,1346,1775,761,451
1468: 1515,818,33,1747,1147,1919,626,85
1469: 666,1869,1622,246,114,2018,345,645,1488,1475
1470: 109,583,1946,1981,306,134,1520,1725
1471: 239,1158,859,1834,1868,1262,570
1472: 131,780,1399,380,434,473,990
1473: 1723,342,989,933,34,1760,1420
1474: 1751,821,1415,1672,1062,453,1134,806
1475: 1488,244,1482,1310,345,1869,1622,1469
1476: 1576,1561,1284,1021,800,929,1570
1477: 788,1367,922,321,785,1923
1478: 1920,1376,58,1156,1421,302,1797
1479: 650,1574,519,184,1796,1624,180,1084,1976,582
1480: 1775,900,761,365,503,1961,1381
1481: 181,1675,454,444,923
1482: 1488,615,244,1475,1869,378,1093
1483: 792,1385,1111,156,1100,883,158
1484: 1715,983,1140,1742,1825,489,678,227
1485: 1884,725,1092,1892,213,324,1832,1217
1486: 1975,1612,1177,146,942,957,7,766,154,742
1487: 1949,597,865,1717
1488: 244,1482,1475,1310,1363,345,645,981,1469
1489: 1146,120,1377,499,1354,1461,1812
1490: 315,777,1912,704,1904,1152,715
1491: 1651,373,1556,483,63,1594,1608,967,1956,1691
1492: 484,594,865,1642,1409,1372,1162,1286
1493: 198,90,1380,1038,1017,1519,1750,677,736,1525
1494: 182,639,262,811,1394,870,226,139,1326
1495: 153,289,399,1679,1496,1964,655,758,1201,407,1242
1496: 153,289,399,1679,1495,1964,524,655,407,769
1497: 1850,1818,1003,1506,1174,702,1700
1498: 55,1917,191,1560,1114,1311,1173
1499: 630,847,945,1406,1765,102,1839,1858
1500: 479,604,1374,202,409,1818,1506,702,765
1501: 798,808,1136,613,596,437
1502: 250,765,98,1915,1757,1252,1360,1411,1997,1157
1503: 1162,1299,1336,1218,1833,367,1171
1504: 609,674,1989,308,1721,1426,832
1505: 1658,679,1967,602,565,258
1506: 1850,409,1818,1003,1497,1174,702,391,1500,202
1507: 521,1625,664,753,256,902,1528
1508: 971,1607,1230,372,1361,123,176
1509: 126,748,494,817,1232,1782,310,458,966
1510: 178,1796,1624,749,823,1330,249,1596,184,1777
1511: 794,812,1879,213,324,94,30,1892
1512: 1294,1069,1919,287,307,1582,1147,1515
1513: 395,1313,1309,1716,1223,676,1673,1823,1272
1514: 15,1068,1072,1393,1294,1069,1944
1515: 818,1468,33,1512,1294,1919,15,85,1944,1338
1516: 826,548,1674,1619,230,231,685,1107
1517: 308,852,1219,818,33,1747,633
1518: 71,1,1629,1633,431,2014,190
1519: 1750,677,701,736,895,1921,374,1493,1231,229,1756
1520: 941,1725,134,109,583,1470,1972,1397
1521: 1183,1455,1257,860,915,1002,17,673,292
1522: 628,1251,480,1999,862,1849,336
1523: 907,96,81,870,744,881,139,1326
1524: 292,1085,1119,1822,1959,11,1657,920
1525: 1922,357,617,1231,1493,90,1966,755,869,1244,677,701
1526: 195,187,1431,490,50,1271,2019,1033,562,506
1527: 529,1060,1712,1179,1213,1748,1605,1078
1528: 568,1305,256,1385,1507,1625,753,1896,1770
1529: 608,858,1971,616,1998
1530: 353,979,1274,283,1000,559,344
1531: 342,989,933,1576,1808,893,361,21,403
1532: 651,909,1564,730,1291,1563
1533: 105,1004,467,477,219
1534: 550,958,1871,1062,1094,1672,1449,806
1535: 1887,121,717,1439,1064,84,45
1536: 2020,304,600,1213,1903,1179,525
1537: 1709,905,405,1125,206,28,220
1538: 43,467,1956,477,1691,577,63
1539: 703,157,1167,1784,414,1301,1047,1816
1540: 791,1678,356,1685,87,1315,1937,1650,1365,1345
1541: 1229,1898,888,78,1638,1586,877,1579,643
1542: 1098,281,1058,1236,1690,25,536
1543: 235,1266,1697,1365,791,1678,1685,1022
1544: 224,1362,1057,1835,1882,1138
1545: 114,1741,1974,991,285,246,1054
1546: 430,1581,1113,1958,1164,1851,1791,1952,854
1547: 177,188,1724,317,1417,816,774
1548: 100,208,1877,1324,1223,825,676
1549: 1456,435,204,919,203,1290,1626
1550: 745,1628,1441,675,1905,269,700,530,267
1551: 1934,579,1564,803,1819,1291,1563,1572
1552: 1356,1457,517,1857,1124,392,1289,1048
1553: 97,1764,391,1030,1656,202,409
1554: 333,758,1258,1049,612,845,163,1670
1555: 734,936,1117,1135,1762,1450,518,663,1727,1086,1627
1556: 1651,370,373,1866,1303,1404,483,63,1491
1557: 140,746,1713,1722,1364,1444,170
1558: 708,1844,1028,1918,956,751,1098,281
1559: 276,294,1041,1887,1805,1053,280,1396
1560: 1498,813,1114,1311,1173,1655
1561: 1576,1476,1284,1609,1021,800,1212,1810
1562: 233,692,943,603,1928,1640,1018,828
1563: 1819,1291,1564,1551,1934,651,1532
1564: 1758,1176,129,1551,1934,651,1532,1563
1565: 856,1951,996,240,874,1857,1124,75,245
1566: 236,325,460,1332,738,1593
1567: 130,1116,44,1825,232,672,1664
1568: 1585,1900,134,1754,698,807,1981
1569: 12,540,1794,688,38,713,218,1031,1662
1570: 893,1867,929,1659,1576,1476,1808
1571: 263,772,864,125,230,1979,685,1107
1572: 92,1059,1811,1551,803,884,1819
1573: 1007,892,1807,1395
1574: 35,650,1479,519,723,1796,180,1084,398,1297
1575: 130,44,734,936,1615,1627,826,1166
1576: 1561,1476,1284,1808,1021,929,893,1570,1531
1577: 267,1430,844,1842,1783,884,386,1044,1463,1730
1578: 631,383,1786,266,684
1579: 358,402,643,1638,1586,1541,888,879,1215
1580: 38,168,523,533,1739,903,1856,688
1581: 430,1546,1398,830,1113,299,854
1582: 307,607,507,1155,1512,1294,1069,287,1393
1583: 1381,928,1233,1249,1885,1775,217
1584: 1688,932,756,406,1197,1668,284,947
1585: 1568,1900,134,889,341,1981,1725
1586: 1638,464,497,877,1541,888,879,1579
1587: 75,1282,245,589,240,505,874,875
1588: 896,1881,1895,286,500,1760,647,1988,1420
1589: 71,1,1006,1142,1947,539,622,1322
1590: 76,1224,1973,598,1206,429
1591: 257,1159,924,1320,54,1763,839
1592: 1317,846,1129,1660,380,2003,1388,1139
1593: 1889,606,1063,1928,1332,83,236,460,1566
1594: 667,1608,340,735,373,483,1491
1595: 2007,1397,1841,1437,1408,1972,834
1596: 476,823,249,749,752,184,1777,1624,1510
1597: 2,177,188,413,390,987,1308,1969
1598: 1604,1683,1778,1181
1599: 1158,1834,1935,1681,708,1844,1254,1795
1600: 39,718,638,1074,539,1103,984
1601: 1023,1614,1220,423,187,999
1602: 2006,720,783,1203,1048,116,1610,12,1856
1603: 599,1168,1720,228,354,1950,1718,468,1011,504
1604: 1598,681,1683
1605: 1459,1748,1527,1213,1078,1454
1606: 401,334,1221,2008,55,191,393
1607: 587,971,1508,1210,376,1361,842
1608: 1594,667,51,373,1491,967,940
1609: 64,1253,1293,800,716,1212,1810,1790,1261,1561
1610: 1926,397,424,1602,720,1203,116,12,168,533,1856
1611: 1782,310,881,425,81,728,804
1612: 1975,1486,1177,573,1207,555,457,520
1613: 40,1727,605,1412,1131,1086,2002,459
1614: 1220,1601,187,490,1850,1003
1615: 1086,2002,1627,734,936,130,1575,44
1616: 930,323,427,66,1726,423,216,1050
1617: 391,1030,1767,151,1141,2019,490,50,1850
1618: 833,620,265,1264,1255
1619: 1516,1674,224,993,230,1882,1979
1620: 381,939,1438,72
1621: 728,804,1083,81,1677,1768,1647
1622: 666,1869,1637,246,1469,1475
1623: 221,593,931,1443,290,1645,557,148
1624: 178,1796,1510,1084,1596,184,1777,1479
1625: 1507,753,256,1528
1626: 14,1728,1290,1549,204,346,1635,494
1627: 1086,2002,1615,1450,734,936,1117,1135,1555,1575
1628: 745,1550,1441,675,1075,1429,1905,530,1199
1629: 71,1,1518,1142,1633,1353
1630: 45,115,1684,1884,725,1092,1055,1439
1631: 873,255,351,1446,215,1231,229,1148
1632: 262,811,1013,388,1246,1265,1843,1349
1633: 1095,1283,2001,1353,431,1518,1629,2014,2020
1634: 58,22,1676,1696,1071,1421,1358,1240
1635: 654,439,1440,204,346,14,1626,494,564
1636: 371,1820,611,141,562,955,1735,1890
1637: 666,1869,1622,246,1245,892,1957,2015
1638: 464,497,1586,877,1161,1229,1541,888,78,1579
1639: 953,1183,1257,1739,789,1146,1325
1640: 1018,1088,828,603,1928,233,692,943,1562
1641: 682,1875,1208,801,1654,305,1182
1642: 484,594,597,865,1492,322,1738,1717
1643: 1665,757,959
1644: 1170,1712,190,622,71,143,39
1645: 69,234,247,290,629,221,1623,148,474
1646: 160,1686,1401,1799,1346,780,1399
1647: 646,1737,556,1677,1621,1083,1772
1648: 150,476,1149,823,1330,249,194,690
1649: 595,418,588,537,850,441,1383,142,1214,330
1650: 410,625,466,1315,1937,1870,1678,356,1540,193,1424,1345
1651: 370,373,1556,1303,1404,63,1491,1956
1652: 1106,921,471,551,824,1154,93
1653: 1942,1337,1849,171,176,1763,839,421,1143
1654: 801,1043,1959,1761,682,1641,1182
1655: 1974,991,968,285,1560,1311,1373,833
1656: 604,1374,202,108,1195,1553,1764,119
1657: 11,317,527,670,920,1524,1822,724,1959,379,1417,1065
1658: 679,1015,1967,1505,1171,602,1299
1659: 729,929,1907,1921,374,1570,1867,1756,446
1660: 131,1340,380,1129,1388,846,1592
1661: 207,1860,949,360,1350,1270,309
1662: 218,1153,1056,1031,1287,540,1794,1569,118
1663: 1304,1993,1685,1716,1448
1664: 1702,232,672,1116,1567,656,1335
1665: 1643,757,1899,959
1666: 46,1252,1360,1411,528,1682,250,98,208
1667: 1390,161,649,1156,302,696,1769
1668: 816,1065,284,724,885,726,1584,932
1669: 254,1732,964,95,1180,314,411,2001
1670: 163,448,1429,1049,333,1554
1671: 1042,1785,559,124,353,1804
1672: 1751,1120,1474,1871,1062,643,1534,806
1673: 1716,1223,1993,1823,395,1513
1674: 826,1516,548,1166,1619,734,993,1135
1675: 1217,1343,84,1481,181,923,121
1676: 22,1634,1696,1187,662,954,1781
1677: 1768,508,1621,1772,1349,1647
1678: 791,356,1540,1685,1650,1543,193,1736,1345,1448
1679: 153,399,1496,1495,1964,994,185,1753,769,998
1680: 1006,779,106,1895,1982,104,2021,1749,1387,1322
1681: 1935,1436,1122,1698,438,1844,1028,1254,1795,1945,1599
1682: 137,528,1731,1324,250,98,100,208,1877,1666,1411
1683: 681,1066,1778,1067,1172,1604,1598
1684: 45,89,115,1630,1064,1962,450,1789
1685: 791,1678,1540,1697,1543,1345,1022,1304,1663,1448
1686: 160,1401,1646,1125,362,1200,1425,1399
1687: 311,1265,1392,83,558,891,950,472,1889,606
1688: 1584,932,756,406,1071,284,599,228,947
1689: 941,1725,341,1013,1246,311,1407
1690: 172,751,722,577,1098,1542,536
1691: 1538,1956,477,577,1491,172,967
1692: 1450,474,518,663,1163,1105,1269,148
1693: 1092,1800,1892,1879,213,610,665,1110
1694: 88,1278,786,478,542,1079,1707,2016
1695: 1831,196,618,68,857
1696: 22,1676,1634,1187,756,406,1071,954,1240
1697: 235,1266,1543,633,791,1685,848,1178,1699,1022,1304
1698: 214,1847,841,1999,1681,1436,1122,438
1699: 848,1178,1247,711,1022,1697,1304
1700: 691,1915,1757,1497,1174,702,739,1228
1701: 23,1940,2019,876,1033,1118,1139,1317,1930,1435
1702: 232,248,672,678,1664,918,1335,988
1703: 34,647,687,1988,377,592,1026,1790,1734
1704: 257,171,1214,418,850,330,584,421
1705: 465,963,587,1866,1303,483
1706: 205,776,1019,442,978,894
1707: 1079,1848,1788,542,1694,786
1708: 234,247,290,671,1860,2013,1868,1270
1709: 405,1537,1125,339,516,1984
1710: 1829,366,552,1023,423,323,1726
1711: 40,1727,1412,69,629,1432,474,663,1105
1712: 529,1060,1170,2014,1527,1179,1644,190,304
1713: 746,1557,601,1364,644,641,1090
1714: 20,509,1101,1400,572,660,1080
1715: 1140,1484,1742,634,678,227,1803
1716: 1223,1448,825,1673,1993,1663,1513
1717: 1738,470,921,1099,597,1642,1487,93
1718: 354,1358,1240,1071,1603,1720,228
1719: 782,2005,1911,1830,417,906,443
1720: 390,599,1168,1603,228,1071,354,1718
1721: 308,852,848,711,674,1504,1989,91,832
1722: 796,1920,1103,1444,1225,170,754,1557
1723: 342,989,1473,1760,274,970,1420,1025
1724: 177,413,1547,816,284,947
1725: 1520,1689,941,1585,134,341,1470,1407
1726: 930,323,1616,1023,423,1710,1050
1727: 40,1613,605,1412,1711,1450,663,1555,1086,2002,459
1728: 14,1290,1626,1464,412,126,907
1729: 569,980,620,1311,1173,1373,833
1730: 144,1144,1463,1289,1577,1430,1130,1356
1731: 137,528,1150,1682,1324,694,100
1732: 254,710,964,1669,95,411,2001,1185,1312
1733: 813,1352,1883,1369,991,1741
1734: 436,1051,1109,296,18,1913,377,592,1703,687,1988
1735: 1792,827,961,371,611,1636,441,1383
1736: 193,1324,1766,1424,1345,694,1678,356,1448,825
1737: 646,1647,556,1083,1780,138,763
1738: 322,470,652,1099,1717,679,484,597,1642
1739: 523,1580,903,789,1257,1639
1740: 1793,1329,181
1741: 114,2018,1545,149,1733,1369,991,285
1742: 1715,1140,1484,1787,37,634
1743: 513,1314,10,1036
1744: 880,243,1883,1070,1056,1227,1352,273
1745: 1751,821,1415,1051,18,500,1988,1881
1746: 194,690,1755,1357,1129,1779,1330,1340,1388
1747: 818,1468,626,1306,469,1517,1219
1748: 1281,1459,1605,529,1060,1527
1749: 2000,104,649,2021,1046,835,1387,896,1895,453,1680,1390
1750: 1519,677,736,374,145,1493,1017,729
1751: 1120,821,1415,1474,1745,1672,18,1062,643
1752: 1096,1809,520,555,1362,1024
1753: 185,404,1147,769,549,1679,287,998
1754: 1347,788,1367,962,807,1981,1568,1900
1755: 1746,194,690,1357,1129,1330,252,1081,1388
1756: 61,229,1370,446,1659,1519,701,895,1921,374,1231,1446
1757: 691,1700,1915,702,765,1502,1997
1758: 1176,129,1564,651
1759: 363,469,619,1248,1306,505,364
1760: 34,500,647,1988,1723,1473,1881,286,1588,1420
1761: 547,682,575,1854,953,1455,1043,1654
1762: 936,1117,1135,1835,1555,518,1163,1057
1763: 54,123,176,839,1591,171,428,1942,1337,1653
1764: 97,1034,1195,1553,1030,1656,202,409
1765: 630,1406,1499,545,1454,1963,60,1852
1766: 193,1324,1736,1424,1345,694,466,1150,825
1767: 225,1297,151,1435,1141,1139,2019,1118,1617,50
1768: 1677,139,508,81,1621,728,1349
1769: 1103,1225,1156,638,1667,161,1376
1770: 42,337,1896,1385,1528,568,1305,753
1771: 417,767,906,1312,1328,600,1903
1772: 1332,1349,1392,83,558,1677,646,1647,738
1773: 332,693,1408,307,607,897
1774: 987,319,1992,515,1815,1308,67,238,169
1775: 900,1480,761,1381,1233,1583,451,217,1467
1776: 101,1995,768,1008,389,1954,625,733,2017
1777: 184,763,1872,749,752,1596,1624,1510,1084
1778: 1066,1683,1172,1598,1181,29,637
1779: 840,488,223,1346,1799,1746,194,690,1357
1780: 623,752,1083,699,1737,763
1781: 1421,302,26,662,1449,22,1676
1782: 1611,310,966,425,1509,117,133
1783: 1842,803,884,636,386,1577
1784: 57,913,414,1948,1243,1167,2004,1539
1785: 559,344,1671,124,560,849,462,1804
1786: 1465,266,1578
1787: 983,1140,1742,627,1351,944,37
1788: 79,542,1093,615,1707
1789: 52,280,1962,450,1887,1064,45,1684,276,294
1790: 716,1026,1212,1261,64,1609,210,1913,377,592,1703
1791: 214,336,1847,1952,854,1958,1263,1851,1849,1546,1999
1792: 534,827,1735,491,537,441,1383
1793: 1740,1329,94,312
1794: 12,540,688,1569,82,2006,1203,1031,1662
1795: 1254,2013,1945,653,1935,1681,1436,1844,1599,1834
1796: 178,1624,1510,368,180,1084,184,1479,1574
1797: 1358,1950,1240,58,1341,1920,1478
1798: 278,782,1830,1837,1990,1222,1366,642
1799: 160,1646,488,1346,1779,1357,780,1340
1800: 1693,1884,1092,1892,1055,665,1110
1801: 573,197,1207,1115,1978,1148,1370,361
1802: 1874,222,1904,1152,715,1276,1986,1112
1803: 914,1715,634,232,248,678,227
1804: 1785,1671,124
1805: 132,201,1077,1053,1826,1559,1041
1806: 775,43,467,219
1807: 445,892,1395,1573
1808: 1576,1284,893,1570,1531,989,933
1809: 1096,1752,1362,270,1238,295,1138
1810: 716,1026,1212,1609,800,1561,1284
1811: 92,686,1902,1044,1059,1572,1842,803,884,1819
1812: 1121,1461,1323,580,1354,1146,1489,543
1813: 56,1151,1279,1040,1405,1960
1814: 396,755,869,1244,427,830,586,1193
1815: 1774,1992,515,156,512,169,1111
1816: 1301,186,1032,1047,703,157,1539
1817: 41,972,136,1863,1422,1994
1818: 409,1497,1506,702,604,1500,202,765
1819: 657,1291,1563,1551,803,1059,1572,1811
1820: 371,1636,141,186,1032,876,719
1821: 1983,557,1269,1163,1057,1024
1822: 1524,1085,724,801,1959,11,1657,379,1065
1823: 640,1929,1861,1993,1673,395,863,1513,976
1824: 170,754,1127,1218,1833,140
1825: 1484,489,1567,44,672,227
1826: 164,444,975,717,132,1805,1077,1041
1827: 1002,1076,1460,1153,1227,880,103,17,1191
1828: 65,532,656,1116,128,303,231
1829: 1710,297,366,552,1932,999,1023
1830: 278,782,2005,1798,1719,301,1837,642
1831: 17,196,618,1695,68,857,673,292,1119,200,781,920
1832: 1217,1343,1329,94,324,725,1485
1833: 1127,1218,1824,140,1299,1503,1171
1834: 239,1158,1599,1471,1254,1795,1868,570
1835: 993,1117,1135,1762,224,1544,1057
1836: 487,369,1199,1429,333,1258,1441,1075
1837: 301,1418,2005,1798,1830,642,1194
1838: 315,1912,1052,859,1262,590,1933
1839: 849,1858,462,630,945,1499,124
1840: 203,412,1414,435,1910,1859,778,1102
1841: 2007,1397,1595,554,941,1407,861
1842: 1783,884,386,1577,844,1044,1811,1463
1843: 1246,1265,262,1632,388,508,1349,1392,558
1844: 1558,708,438,1028,1681,1795,1158,1599,1943
1845: 1986,422,1276,1259
1846: 1018,828,355,1995,837,1937,1235,1870,1954,410
1847: 214,1791,1952,1698,854,1091,1436,1122
1848: 1079,1707,338,2,1308
1849: 862,1337,1653,421,1143,1263,336,1791,1522
1850: 409,1003,1497,1506,391,1617,490,1614
1851: 584,421,1263,1958,1546,336,1791,854
1852: 60,283,560,1029,630,945,1765,462
1853: 70,1189,1172,475,1137,637
1854: 952,1121,1461,1146,1325,110,547,1761,575
1855: 1456,36,435,383,659
1856: 38,168,1580,533,1602,1203,116,397,1610,12,688
1857: 1457,517,1124,1552,1565,874,75,424,245,1048
1858: 1839,849,847,1499,102,1891
1859: 1910,785,1840,1414,922,908,778
1860: 1661,1350,1270,221,309,593,1443,234,1708
1861: 640,1929,1823,740,974,1205,976
1862: 47,67,1402,1128,1278,72,939
1863: 41,1817,972,320,578,1196,1996
1864: 568,1305,367,158,1209,1379,1336
1865: 661,1123,1873,1451
1866: 370,1556,1303,1404,483,465,1705
1867: 893,1570,1978,1659,1921,446
1868: 1254,2013,1471,1834,671,1708,570
1869: 1622,1637,1469,1482,1475,2015,378
1870: 1315,1937,1235,1846,1995,1954,410,1650
1871: 358,402,1062,1094,1275,643,1215,1672,1534,550
1872: 184,138,763,1777,707,1084,31,1976,582,650
1873: 65,532,1005,661,1865,1451
1874: 222,1802,1152,1277,1112,886
1875: 770,879,1208,1215,952,110,497,547,682,1641,305
1876: 62,977,1925,1133,843,1878
1877: 100,208,1260,1548,1682,1223,676,46,1272
1878: 24,111,843,1410,1876,1133,1249
1879: 812,1970,1511,213,1423,610,1693,1892,1110
1880: 62,977,757,1348
1881: 896,286,1588,453,500,1760,647,1988,821,1415,1745,1420
1882: 125,1979,295,1138,224,1544,270,1619
1883: 880,243,1744,1369,1733,813,1352,452,273
1884: 725,1092,1485,1800,1892,1055,1439,115,1630
1885: 1233,1249,1583,24,898,59,451,510,1965
1886: 52,280,1962,450,1359,802,741,192,1371
1887: 1535,717,1064,1559,294,1041,1789
1888: 119,709,1416,479,1374,137,528,1150,250,853
1889: 603,472,606,1063,1593,1928,1687,950,1088
1890: 142,1932,501,611,1636,955,588,441
1891: 847,102,329,1222,1858
1892: 1693,1884,725,1092,1485,1800,1879,1511,213,324
1893: 1363,200,345,981,1192,781,68,527,920,1897
1894: 408,795,259,1938
1895: 896,286,1588,274,1420,1982,104,2021,1749,1387,1680,106
1896: 42,337,819,1770,1528,1305,753,1409
1897: 712,1089,1893,981,317,527,244,1310
1898: 1229,1541,888,436,1109,296,643,1120
1899: 382,346,1665,654,959
1900: 1568,1585,889,1347,1754,326,639
1901: 260,1926,397,499,790,533,903,120
1902: 92,686,1044,1811,1144,578,41
1903: 2020,600,1536,1771,906,1312,525,1911
1904: 222,1802,1152,1277,715,704,777,1490,199
1905: 163,1429,1080,530,1550,1628,1075
1906: 749,420,623,752,951,851,1386,476,823
1907: 729,929,1659,73,145,1382,910,1021,1009
1908: 516,1984,189,689,925
1909: 350,1318,361,135,403,1115,146,942
1910: 684,785,1859,631,659,1840,1414
1911: 782,815,1719,1903,906,279,525
1912: 315,531,777,1490,1838,1052,1933
1913: 377,493,592,1419,496,1790,436,1734,296
1914: 1983,557,385,261
1915: 691,1700,1757,1502,1360,1997,1157,1288
1916: 241,400,1375,166,773,731,1321,541,579
1917: 55,191,393,1498,481,113,980,1173
1918: 841,956,480,751,1558,438,1028
1919: 1512,1294,287,1147,85,1515,1468
1920: 796,1376,1722,1478,1797,1225
1921: 1519,736,895,374,729,1659,1867,1756,446
1922: 357,617,1525,90,755,869,1244,207
1923: 962,1267,1955,321,788,1477
1924: 261,1344,1188,873,255,573,385
1925: 271,1939,384,1133,62,1876
1926: 260,397,1901,1610,424,1339,116,533
1927: 237,251,1241,658,794,812,1970
1928: 603,472,1889,1063,1593,950,866,943,1562,1640,1018,1088,355
1929: 1823,1861,740,1247,1304,1993
1930: 1317,846,1256,380,186,1047,23,1701,719
1931: 293,894,1181
1932: 142,501,1890,999,595,297,1829,366
1933: 32,882,1432,570,859,1262,1838,1912,1052
1934: 1551,541,579,129,1564,1563
1935: 653,1681,1436,1122,394,438,360,1254,1350,1795,1945,1599
1936: 268,496,976,640,863,493,1419
1937: 87,1315,1235,1870,1846,837,410,1650,1540
1938: 445,892,1342,867,259,1894
1939: 10,271,365,1925,1133,928
1940: 23,1701,1271,2019,876,1033,1118,719,1435,141,1431
1941: 155,1082,263,864,1273,1953,1302
1942: 428,567,862,1337,1653,176,1763,839,1230
1943: 239,1158,708,1844,281,1236,901
1944: 235,1338,1266,1365,15,1514,1072,714,1515,791
1945: 1254,1350,1795,2013,1270,653,1935,1681,360
1946: 1175,665,1981,306,134,109,583,1470
1947: 1434,635,1142,1006,1322,1,1589
1948: 721,820,855,275,1243,2004,1784,913
1949: 514,1487,594,597,865
1950: 354,1358,1797,1603,1341,352,1445,504
1951: 327,1565,856,1977,996,492,1130,1356,1124
1952: 214,1791,1847,854,1091,430,1546,1398,1122
1953: 1211,829,685,263,1941,535,1302
1954: 410,253,625,466,733,1846,101,1995,768,1776,1870
1955: 461,658,1267,1970,1923,1423
1956: 43,1538,1691,1651,373,63,1491,967
1957: 892,1395,2015,1245,666,1637,1007
1958: 1355,1164,584,1851,1546,1113,1791,854
1959: 724,801,885,1043,1654,1524,1085,1822,1657
1960: 401,334,56,1813,695
1961: 513,1466,1314,503,1186,1381,206,900,1480
1962: 52,280,450,1886,1789,1064,1684,294,741
1963: 279,545,1078,1454,815,1406,1765
1964: 399,1679,1496,1495,985,994,185,769,549
1965: 318,451,510,760,898,1233,1885,851,217,840
1966: 396,869,1244,66,198,90,1368,1525
1967: 1658,679,1505,565,322,652,1099,538
1968: 657,92,686,1059,614,1433,578,750
1969: 987,1992,515,177,1597,413,390,512
1970: 794,812,1879,237,1927,658,1955,1423
1971: 581,616,1160,328,1123,608,1529
1972: 1250,834,109,705,291,1520,1397,1595
1973: 76,1590,598,526,429,632,916
1974: 1655,968,285,1545,833,265,1190,1255,799,1054
1975: 1486,1612,1177,957,1096,520,154
1976: 31,1307,582,917,1413,1872,1084,650,1479,519,871
1977: 327,856,1951,996,544,449,173,874
1978: 893,1867,1370,446,361,21,1801
1979: 125,230,1882,295,224,1619,772,1571
1980: 283,1029,1000,1020
1981: 313,1175,665,698,807,1946,306,1754,1568,1585,134,1470
1982: 274,970,1895,456,1006,1680,106,1434
1983: 1821,1914,557,1269,385,261,555,1024
1984: 516,1908,339,890,1709
1985: 809,1157,1288,691,74,1380,1038,1017
1986: 1845,1276,1802,1112
1987: 2003,252,179,1388,1139,368,398,225,1297,1435
1988: 500,1703,1760,647,687,1734,1051,18,821,1415,1745,1881,1588
1989: 609,1504,1721,91,832,1292,426,16,1014
1990: 102,329,343,1222,1366,278,1798,965,642
1991: 878,938,937,764,1039,502,1087
1992: 1774,987,319,515,1815,1308,1969,512,238,169
1993: 1304,1663,1716,1673,1929,1823
1994: 144,1144,392,1289,41,1817,1422
1995: 768,1776,1008,866,1018,1088,355,1846,1870,1954,410
1996: 159,926,127,1196,972,1863,1151,1040
1997: 1157,1288,910,1502,98,1915,1757,1252,1360,1411
1998: 581,616,328,155,1198,1447,608,1529,498
1999: 841,1522,480,214,336,1791,1698
2000: 649,1749,835,1387,453,147,1134,696
2001: 1633,1095,1283,1180,1732,964,1669,95,1328,1312
2002: 1086,1615,1627,459,1613,1727,489
2003: 252,179,1987,1388,1139,1317,1592
2004: 275,1243,1167,855,1948,1784,913
2005: 278,782,1719,1830,417,443,1198,301,1837
2006: 1602,783,1203,972,136,1422,127,1794,82
2007: 1397,1595,1841,1437,1408,554,861,1184
2008: 349,334,1606,191,1114,452
2009: 48,1426,737,875,589,264,747,790
2012: 174,288,726,305,1197,1182,680
2013: 1254,1350,1795,1945,1868,1270,234,1708
2014: 1060,1712,1179,190,71,1518,1633,431,2020,304
2015: 892,1395,1957,1342,1869,1637,378
2016: 408,1073,795,1012,88,1237,1694,786
2017: 119,709,1416,101,1776,272,389,108,733
2018: 114,1741,149,196,68,1363,345,645,1192,1469
2019: 1940,1701,1271,1033,1118,1767,1435,1141,1617,1431,1526,50
2020: 304,600,1536,1903,1633,1095,431,1328,2014
2021: 104,1046,1749,1387,1895,779,1680,585
2022: 8