0: 
1: 71,1518,1629,1589,1142,1947
2: 338,188,1597,1848,987,1308
3: 
4: 
5: 
6: 613,596
7: 766,742,1061,1486,942,635
8: 2022
9: 1428,408,1073
10: 271,365,1939,486,1036,1743,1314,503
11: 317,527,670,1657,920,379,1417,1822,1524
12: 1203,1794,688,1569,1610,1602,1856,38,168,533
13: 511,820,387,925,1295,973
14: 1728,1290,1464,1626,1635,126,748,494
15: 1294,1515,1514,1072,1944,1338
16: 426,580,648,1035,609,1989,747,1016,1354
17: 1831,1191,618,915,673,857,1827,860,1002,1521,292
18: 1751,1120,821,1415,1745,1051,1109,1988
19: 282,619,419,946,482,524,449,706,904
20: 1714,1101,1400,572,660,934,1019,442
21: 361,403,1531,1808,893,1978
22: 1187,1676,1634,1696,662,1421,1781,302,26,58
23: 1317,1930,1701,719,1118,1940,1271,876,1033,141
24: 992,1878,1410,898,843,1133,1885,1249
25: 440,1004,536,1542,1058,463
26: 1421,1781,302,696,147,1449,22,662
27: 727,1027,935,784,624,1234
28: 1709,1537,1125,905,160,220,1401
29: 495,1137,637,1778,1172,1181
30: 94,312,324,1132,794,812,1511
31: 1976,1413,917,707,138,1872,582,912,650
32: 1432,1933,1052,531,40,982,605
33: 633,818,1468,1515,1338,1266,1517
34: 1703,1760,647,1026,933,1473,989
35: 519,1574,1297,723,97,1034,1030
36: 375,1456,1855,919
37: 634,1742,1787,1351
38: 168,523,1580,12,688,1569,1031,713
39: 143,718,1600,539,622,1644
40: 1613,1727,1711,1412,32,1432,982,605
41: 578,1863,1902,1144,1994,1817
42: 337,1896,1286,1770,1305,1336,1372,1409
43: 1806,775,63,370,467,1538,1956
44: 130,1567,1575,2002,1615,489,1825,672
45: 89,115,1684,1630,1439,1535,1064,1789
46: 1666,1252,1331,1411,208,1260,1877,165
47: 67,1402,238,478,1278,1862,1128,939
48: 1426,2009,737,1035,264,609,747,790,1016
49: 157,1427,793,414,1462,969
50: 1526,490,1767,2019,1431,1617,1141
51: 667,1608,567,1251,628,940
52: 1371,1962,1886,1359,450,280,1789,872,192
53: 258,601,641,838,1020
54: 123,176,1763,839,1591,1320,372
55: 1917,191,1498,1221,1606,481,669,113,393
56: 401,1960,808,1405,1813,695
57: 793,1784,913,1165,414,1206
58: 1797,22,1634,1421,302,1478
59: 117,576,951,851,992,898,1885,510
60: 1852,1029,1459,1605,1454,630,1765
61: 895,446,1370,1756,1446,229,1148
62: 977,1876,1880,384,1925
63: 1651,1491,1556,1404,370,1538,1956,775,43
64: 1253,1293,1609,1313,1309,210,716,1261,1790
65: 532,1828,656,1335,1391,1873,1451
66: 930,427,1616,216,1050,1038,396,1368
67: 47,1402,169,238,759,1774,1862,995
68: 1363,200,1192,781,1831,618,673,857,2018,196
69: 247,290,1645,629,474,1692,1105,148,1711
70: 1189,1853,1066,1172,1053,201,475,1389,637
71: 1,1518,1629,1589,622,1644,2014,190
72: 787,1128,1862,1620,939
73: 1252,1331,1411,1382,910,1288,165,1009,1907
74: 805,739,691,1157,1038,1380,1985
75: 1282,1339,1587,245,1565,1457,1857,424,1048
76: 1206,1590,721,429,1316,546,1973,1165
77: 1216,183,1210,963
78: 1229,1541,1161,1319,1638,877
79: 1788,542,378,1093,867,1012,259,786
80: 1792,827,1427,961,969,1087,574,534
81: 139,1523,96,1611,881,728,1768,508,1621
82: 159,127,1287,2006,1203,1794,540
83: 1332,1772,558,1392,606,1349,1687,1593
84: 1217,1343,1675,1439,923,725,1535,121
85: 1753,404,1147,1919,1515,626,810,1468
86: 1452,1202,372,1280,1361,842,107
87: 1315,1937,1650,837,714,1365,791,1540
88: 1694,1278,1073,2016,786,1128,1237
89: 45,115,1684,1630,450,316,291,741
90: 1966,396,1368,869,1244,1493,198,677,736,1922,1525
91: 1296,740,1292,1721,1247,711,1989,832,1037
92: 686,1902,1044,1059,1811,1144,884,1572,578
93: 1717,921,470,1154,1652,551
94: 1329,312,30,324,1793,1511,1832
95: 2001,1732,964,1669,314,1180,1283,485
96: 1523,81,1464,907,126,458,310,881
97: 1034,1195,1553,1764,35,519,723,1030
98: 250,1502,853,1360,528,1682,208,1666,1252,1411
99: 297,331,1355,1113,1164,1710,366,552,323
100: 208,1548,1877,1324,1731,1682,825
101: 621,1995,768,1776,1008,272,1298,389,2017,1954,733
102: 343,1990,1222,1366,847,1406,1499,1858,1891,329
103: 880,243,122,1227,1827,1191,857
104: 1387,2021,1749,896,1895,779,1680,106
105: 1533,440,1004,219,422,1259
106: 1006,1680,1982,1895,286,274,970,1420,104,1387
107: 842,376,1234,455,1280,1027,935,86
108: 272,871,389,2017,1195,119,709,1374,1656
109: 836,583,291,705,1520,1470,941,1397,1972
110: 1121,543,1461,1323,952,464,497,547,1854,1875,770,879
111: 1410,1232,212,1440,843,977,748,564,817
112: 309,593,931,948,873,351,385
113: 1268,481,669,393,55,1917
114: 2018,1741,1545,149,645,345,1192,246,1469
115: 45,89,1630,1055,1884,306,316,291
116: 1610,1602,720,1048,1856,1457,517,424,1339,1926,397
117: 59,576,133,992,1410,1232,1782,966
118: 1070,1287,1662,218,1056
119: 1888,1416,709,389,108,2017,253,1374,1656
120: 789,1146,1489,1377,499,1354,903
121: 1535,717,923,1675,84,444,975
122: 880,243,1369,103,1883,857,149,196
123: 54,176,1763,1320,372,1361,1230,1508
124: 1839,849,462,1671,1785,1804
125: 1882,1979,295,270,411,772,254,1571
126: 748,494,1509,458,14,1728,1464,96
127: 159,926,1996,82,972,136,2006
128: 303,1828,548,130,1116,211,826,231
129: 1758,1176,1564,997,541,1934
130: 1116,1567,211,1575,826,44,1615,128
131: 780,1472,1660,380,1340,1129,434,846
132: 164,1826,1067,1077,1389
133: 117,576,951,420,1782,425,699
134: 1568,1585,341,1981,1946,1470,1520,1725
135: 350,1318,1909,361,403,1025
136: 1422,1817,972,2006,783,127
137: 528,1731,1150,1682,1888,1416,694,853
138: 763,1872,707,1737,556,31
139: 1523,81,1494,870,388,1768,1326,508
140: 746,1557,170,1824,1833,1171,602
141: 371,1820,955,1636,562,23,1032,719,1940,195,1271,876,1033
142: 595,588,1649,1383,441,1932,501,1890,297
143: 644,39,718,1644,1170,960,529
144: 1463,1730,1994,392,1289,1144
145: 729,1907,1382,809,910,1017,1750
146: 1486,1177,942,1115,1207,350,1909
147: 1449,1134,806,2000,302,26,696
148: 1269,474,1163,1692,1105,1623,69,1645,221
149: 114,2018,1741,196,243,1369,122,991,1192
150: 318,1149,840,223,1648,194,690
151: 225,1767,1297,1435,723,1617,1030,1141
152: 192,1104,985,1964,1359,802,175,994,693
153: 289,524,1679,1496,1495,399,769,946,482,998
154: 347,742,1975,1486,415,1238,957,1180
155: 1198,1082,1941,616,328,1302,1447,1998
156: 468,1100,512,515,1815,169,1483,1111
157: 49,703,1427,961,1539,414,1816
158: 1864,568,1209,1100,883,1385,1483
159: 926,1996,127,82,1287,540
160: 1799,220,1346,1401,1646,28,1686
161: 1074,1667,1390,1156,1103,1769,638
162: 697,1403,339,1186,206,405
163: 1905,1429,1080,1670,333,1554,1075
164: 454,444,975,132,1826
165: 1021,1009,800,1260,46,73,1331,1293
166: 773,269,700,934,572,660,241,1916,1321,731
167: 797,236,460,912,866,621,1008,1298
168: 38,523,1580,533,903,1610,1856,397,12,688
169: 67,238,759,1774,1815,156,1111
170: 754,1127,1824,796,1722,140,1557
171: 257,1704,1763,839,421,1143,1337,1653
172: 1690,722,940,577,1691,967
173: 856,1977,996,874,544,449,282,904,433
174: 288,305,2012,680,1215,1208,1094,550,1197
175: 994,693,1359,802,332,192,152
176: 54,123,1763,839,1230,1508,1942,1653,428
177: 1547,188,1597,1724,413
178: 1796,1624,368,1510,1330,249,1081
179: 2003,252,1081,1987,1388,1139,180,368,398,225,1297
180: 1796,1479,368,179,1574,398,1297
181: 1481,923,1740,1329,1343,1675
182: 262,811,889,226,639,326,1494,1326
183: 1216,77,1210,1027,624,376,1234
184: 763,1777,1872,582,752,1510,1796,1624,1084,1479
185: 1753,1147,769,1964,994,549,1679,399
186: 1816,1032,1047,719,1301,1930,1256,1820
187: 1526,490,506,501,999,1614,1601
188: 1547,177,1597,1724,413,774,338,2,987
189: 516,1908,925,362,973,1425
190: 1644,1060,1170,2014,1712,1179,622,71,1518,431
191: 55,1917,2008,1498,1114,1606,393
192: 1104,152,985,52,1371,1886,1359,242,175
193: 1736,1766,1424,1345,694,1650,410,466,1678,356
194: 1746,690,1755,1357,1149,150,223,1648,1330,249,1081
195: 1940,1271,2019,876,1033,1431,141,562,1526,506
196: 2018,149,122,618,857,200,68,1192
197: 1801,1207,1148,1370,573,1188
198: 1493,1038,1017,1380,1985,216,1966,396,90,1368
199: 886,1204,944,777,1904,1152,1277,447
200: 1893,1363,345,68,981,1192,781,1831,618,2018,645,196
201: 1053,475,1805,1077,1389,70,1189
202: 604,1374,1500,1656,1553,1764,409,1506,1818
203: 412,1840,1414,435,1549,1290
204: 1626,919,346,382,1549,1635,1290
205: 1706,978,776,300
206: 900,1961,1186,162,405,1537,905
207: 1661,949,617,869,1244,1193,755,1922
208: 100,1260,1548,1877,1682,98,1666,46,1411
209: 1198,1273,1082,443,417,767
210: 1913,1419,493,592,863,1313,1309,64,716,1261,1790
211: 130,1116,826,128
212: 1348,439,1440,843,977,564,111
213: 1693,812,1879,1511,324,1485,1092,1892,1800
214: 1791,1847,1952,1999,841,336,1698
215: 351,1631,229,1231,357,948
216: 805,1050,1616,66,198,1038,396,1368
217: 1775,761,1233,1583,451,1965,840,1467,668
218: 1662,1153,1056,1227,1031,713,1569,118,880
219: 467,1806,105,1533
220: 160,1346,1401,761,28,1537,905,488,668
221: 234,247,290,1645,309,1623,593,1443,148
222: 1904,1802,1152,715,1277,1112,1874
223: 1779,840,1467,488,318,451,150,194,690
224: 1138,1882,1979,1362,1544,1835,1619,993
225: 398,1767,1297,151,1435,179,1987,1139,1118
226: 1394,566,639,326,1494,870,908,182,262
227: 1825,232,672,678,1484,1567,1803,248,1715
228: 947,599,1718,1071,1720,1688,756,1603,1168
229: 351,1631,215,1446,1519,677,701,1231,357,61,895,1756,1148
230: 1619,1516,1979,772,1571,1107,685
231: 1211,1107,685,1516,548,826,303,1828,128
232: 227,672,678,1664,1567,1803,248,1702,988
233: 692,1097,1285,1562,1333,603,943,1640
234: 247,290,1645,1708,221,1860,2013,1270,309,593,1443
235: 1944,1338,1266,1697,1365,1543,791
236: 797,325,460,912,167,1566,866,707,738,917,621
237: 251,1927,563,461,658,1970
238: 47,67,169,1774,319,1992,1815,478
239: 1158,1834,1471,1262,590,901,1943,859
240: 904,433,505,1565,996,874,1587,245
241: 432,1375,1916,1321,934,1019,978,660,166
242: 553,1396,1010,872,1371,192,1104,655
243: 880,1369,122,103,273,1352,1744,1883,149
244: 1488,1310,1482,1475,712,1093,615
245: 75,1282,1587,1565,856,996,874,240,1457,1857
246: 666,1622,1469,114,1545,1054,799
247: 69,234,290,1645,1708,221,629,671
248: 914,1803,232,227,678,1702,988
249: 1596,1510,1648,823,1330,194,178,1081
250: 765,1502,98,853,1360,1888,479,528,1682,1666
251: 237,1241,1927,563
252: 2003,179,1081,1987,1388,1139,1755,368,398
253: 1954,410,625,466,733,2017,119,1416,709,1424,1150
254: 1185,772,411,125,295,1732,1669
255: 873,1631,1446,1148,1924,1344,1188
256: 521,1507,1625,753,902,1528,1385,792
257: 1704,1159,1214,171,850,839,1591
258: 565,53,601,641,602,1505
259: 795,1012,79,867,1938,1894
260: 1926,397,1901,424,264,1339,499,747,790,903
261: 1924,1344,1188,1914,1983,557,385,555,1024
262: 182,1632,811,1013,889,226,639,1494,870,1349,388,1326,508
263: 1211,1953,685,772,864,1571,1941,1302
264: 1282,1339,589,48,2009,260,747,790
265: 1618,833,620,968,1190,1264,1255,1974
266: 1786,1465,1578,631,591,684
267: 1430,844,899,269,745,1550,675,386,636
268: 496,1205,1936,1319,976,771,1419,1229
269: 166,773,700,530,745,1550,636,267
270: 314,411,415,1238,1809,957,1096,125,1138,1882,295
271: 10,1925,1939,486,384,1036
272: 871,1298,389,108,2017,101
273: 813,1352,1744,452,1883,349,1070,1114,243
274: 970,1420,1723,1895,286,1588,1982,106
275: 855,1200,1425,1399,1948,473,1243,1167,2004
276: 1559,294,280,872,1371,553,1396
277: 916,831,598,1378,878,927,938
278: 782,815,1837,1830,2005,545,343,1990,1366,1798
279: 525,1078,1963,815,1911,545
280: 1559,276,294,1789,872,52,1371,1962,1886
281: 1098,1542,1236,751,1558,708,1943
282: 19,619,419,946,449,173,364,904,433
283: 560,1980,1852,1029,1000,1530,344
284: 1668,816,1065,932,1584,1688,1724,947
285: 1655,991,968,1733,1741,1545,1054,1974
286: 896,1881,1895,1588,1760,274,1420,1387,106
287: 1753,1147,549,307,1582,1512,1919
288: 174,726,2012,550,1197,406,954,1187
289: 153,524,1496,1495,399,1201,407,1242,369,482
290: 69,234,247,1645,1708,221,1270,1443,629
291: 109,836,316,705,89,115,1684,450,741,1250
292: 1524,1085,1119,860,1521,1183,1455,17,1831,915,673
293: 1931,894,1181,495,442,1101
294: 1559,276,280,1789,1887,1064,1041,1962
295: 125,1138,1882,1979,270,411,1809,254
296: 436,1734,1109,496,1913,1419,1229,1898
297: 331,1355,99,1932,595,418,1383,142,1829,366,552
298: 1333,603,950,891,861,554,1184
299: 830,1581,552,1113,930,323,427,1616
300: 205,978,400,432,1375
301: 1447,1837,1418,1830,2005,1198,443
302: 1156,1421,1781,26,696,147,22,1667,58,1478,1376
303: 532,1828,128,1211,829,231,1005
304: 2020,431,1536,1633,2014,1179,1213
305: 174,726,2012,680,1875,1215,1208,1641,1182
306: 1175,665,1946,1470,1055,115,836,316,583
307: 1773,693,549,1582,607,897,1155,287,1512
308: 1219,1517,852,1721,469,416,674,1504
309: 112,593,931,1443,1860,948,351,234,221
310: 1782,1611,425,966,881,1509,458,96
311: 1246,1265,891,861,1407,1689
312: 1329,94,30,1132,1793
313: 1175,1981,698,807
314: 270,411,415,1238,1180,1669,95
315: 1912,777,1838,1262,590,704,1490
316: 836,583,291,1055,306,89,115
317: 11,527,1657,379,1417,774,1089,1897
318: 451,760,1965,1149,150,840,223
319: 1774,987,1992,1308,1079,478,238
320: 561,578,750,1196,1863,1151
321: 591,1267,1923,684,785,1477
322: 1738,470,679,1099,1967,1015,484,1642
323: 930,1616,1710,366,552,1726,1113,99,299
324: 94,30,812,1511,213,1832,1485,1092,1892
325: 236,912,1566,707,556,738
326: 1394,226,566,639,1494,778,1347,908,1900,182
327: 856,1977,1951,996,522,544,492,1130
328: 581,1971,616,535,1302,155,1082,608,1998
329: 1891,102,1990,1222,965
330: 584,421,1958,418,1649,1704,1214,850,1355
331: 297,1355,1113,1164,99,595,418,366
332: 802,1250,834,1408,1773,175,693
333: 758,1258,1554,163,1429,1670,1075,1836
334: 401,1960,1606,349,2008
335: 447,627,1131,982,605,531,944
336: 1999,1522,1143,1263,1851,1849,862,214,1791
337: 42,1896,1286,819,1770,594,1409,762
338: 774,712,1089,2,188,1848
339: 697,162,890,1709,405,1984
340: 735,971,465,587,1594,483,1303
341: 1585,134,1013,889,1689,1725
342: 1473,989,403,1531,1025,1723
343: 102,545,1990,1222,1366,1963,278,815,847,1406
344: 1785,559,283,560,1000,1530,353,462
345: 1893,1363,200,981,1192,114,2018,645,1469,1488,1310,1475
346: 1626,204,919,1899,382,654,1635
347: 1384,766,742,154,1486,415,1180,485
348: 878,455,927,938,937,831,1378,784,727,935
349: 1070,334,2008,1114,273,452
350: 135,1318,456,1909,1061,146,942
351: 873,1631,215,229,357,948,112,309
352: 1445,504,1379,1950,754,1127,1341
353: 1530,471,1274,824,979,1671,559,344,1042
354: 1358,1950,1240,1718,1720,1603,504
355: 1018,1088,1846,866,1995,1008
356: 791,1678,1540,1315,1650,410,466,193,1736,1766,1345
357: 1922,1231,1525,1244,677,948,617,351,215,229
358: 402,1871,1062,643,888,1215,1579,879,1094
359: 1316,546,1295,732,511
360: 1350,1945,1145,653,1935,1661,949
361: 21,403,1531,1978,1801,1115,135,1909
362: 1200,1425,1686,1125,516,189,1401
363: 1759,469,416,505,737,875
364: 904,433,505,282,619,1248,1759
365: 10,1939,928,1314,503,1381,1480
366: 1710,1829,552,297,331,1113,99,323
367: 1864,1305,1209,1336,1379,1127,1503,1218
368: 178,1796,180,252,179,1081,1987,398
369: 487,1199,1836,449,1258,407,1242,289,524,419,482
370: 1404,1866,1651,1556,63,775,43
371: 1820,1636,141,1032,703,961,1735,827,611
372: 86,1202,1320,1361,842,54,123,1508
373: 1651,483,1491,1556,1303,1594,1608,1956
374: 1519,1750,701,736,729,1659,1756,1921
375: 382,36,919
376: 1361,842,107,1234,1607,183,1210
377: 436,1734,1051,1913,592,1026,1790,1703,647,687
378: 79,1093,867,1869,1482,1342,2015
379: 11,317,670,1657,1417,1822,724,1668,816,1065
380: 131,780,1472,1660,434,846,1930,1256,1047
381: 1620,1438,521,664
382: 375,1899,204,919,346
383: 1578,631,659,1855
384: 486,62,271,1925
385: 1914,1983,557,873,112,931,261,1924,1344
386: 1842,1783,636,745,267,1577,1430,844,899
387: 689,925,1295,13
388: 1349,1326,508,1494,139,1632,262,811,1843
389: 272,108,2017,101,768,1776,1954,733,119,709
390: 1597,413,599,515,1969,512,1168
391: 1617,1030,1141,1850,409,1553,490,1506
392: 144,1994,1289,1552,517,1422,1817
393: 1268,669,113,1453,1221,401,1606,55,1917,191
394: 1145,586,1398,1091,653,1122
395: 1313,1309,1513,1673,640,1823,863
396: 1966,90,1368,869,1244,216,930,427,66,198,1814
397: 260,1926,1901,1610,116,1856,168,533,903
398: 225,1297,180,368,252,179,1987,1139,1574
399: 153,289,1679,1496,1495,655,985,1964,994,1201,185
400: 1375,1916,300,997,541
401: 1960,334,1606,56,695,1453,1221,393
402: 358,1275,1871,1062,643,888,1215,1579
403: 361,21,1531,342,989,1025,135,1318,1909
404: 1753,1147,769,85,626,810,998
405: 1709,1537,905,1186,162,339,206
406: 1584,1688,1197,756,954,288,932,1696
407: 758,1258,1201,1242,612,655,289,1496,1495,369
408: 1073,2016,795,1894,9
409: 391,1617,1030,1850,1553,1500,202,1506,1818
410: 1954,253,625,466,733,1846,1995,1315,1870,1650,356,193
411: 270,314,1238,125,295,1732,1669,254
412: 203,1840,1102,1728,1290,907,744
413: 1547,177,188,1597,1724,390,947,599,1969
414: 57,793,1784,1167,49,157,1539
415: 270,314,1238,957,1180,347,742,154,485
416: 363,469,308,1219,737,674
417: 1771,767,906,1312,209,443,1719,2005
418: 595,537,1649,1383,1214,850,297,331,1355,330
419: 19,282,946,482,524,487,369,449
420: 576,133,951,425,699,749,623,1780,1906
421: 584,1143,1263,1851,330,1704,171,1849,1653
422: 911,463,1276,1300,105,440,1845,1259
423: 1220,1601,1174,1710,1023,1726,1050,1228
424: 1457,517,1857,75,1282,1339,1610,720,1048,116,260,1926
425: 1782,1611,310,728,133,420,699,804
426: 16,580,648,609,1989,1292,1014
427: 930,66,830,299,396,869,586,1814
428: 667,176,1763,735,1230,567,1942,1337
429: 1316,526,546,1973,76,1590
430: 1546,830,1581,1398,1091,1952,854
431: 2020,304,1518,1633,1095,2014,190,1179
432: 241,1375,978,300
433: 364,240,904,505,282,1977,996,874,173
434: 1301,473,990,131,1472,380,1256,1047
435: 1456,1855,1549,659,203,1840,1414
436: 1734,1109,377,296,496,1913,1419,493,592
437: 571,695,1453,1501,808,596
438: 1844,1028,1681,1918,841,1436,1698
439: 654,212,1635,1348,1440,757,959,977,564
440: 105,25,1004,1058,422,463,1259
441: 1735,1792,827,611,491,534,1890,588,537,1649,1383,142,1214
442: 1019,1706,978,293,894,776,20,1101
443: 209,1198,1082,417,906,1719,301,2005
444: 454,164,975,1826,1481,923,121
445: 892,1342,1395,1807,1938
446: 61,1370,1756,1921,1867,1978,1801
447: 627,335,982,777,531,1204,199,944
448: 1853,1049,1137,509,1670
449: 487,369,544,19,282,419,1977,996,173,904
450: 89,1684,291,1789,52,1962,741,1886
451: 318,1965,1233,1775,217,840,1467,223
452: 273,813,1352,1744,1883,349,1070,2008,1114
453: 2000,1387,1749,835,821,1415,1474,896,1881,1134
454: 164,444,1481
455: 348,927,938,937,1280,1378,727,935,1452,107
456: 350,1318,1061,970,1025,1982,1434
457: 555,520,1207,1344,573,1188,1612
458: 126,748,1509,1464,96,1782,310,966,881
459: 1086,2002,1613,1727,1131,605,489,983
460: 236,167,1566,866,1593,1063,1088
461: 591,658,1267,1955,1465,237,563
462: 1839,849,124,560,945,1785,344
463: 422,911,1300,1058,25,440,1126
464: 1638,877,497,1586,1161,887,110,543
465: 963,1705,1866,587,340,483,1303
466: 1954,410,253,625,1315,1650,356,193,1766,1424,1345
467: 1538,477,1806,43,1533,219
468: 156,1100,512,1011,1603,883,1168
469: 363,1759,416,1747,1248,1306,308,1219
470: 322,1738,652,1099,1154,93,1717,921
471: 824,979,1154,353,1106,551,1042
472: 603,950,891,1687,606,1928,1889
473: 434,1243,990,1167,1200,275,1399,780,1472
474: 1692,1105,148,69
475: 201,1077,1389,1066,1067,1172,637,70,1189,1853
476: 1596,1648,823,951,760,1386,1149,749,1906
477: 577,467,1538,1691,1533,1004,536
478: 1694,1278,1079,319,47,238
479: 604,1374,1500,1888,250,765,853
480: 1918,1999,841,956,1522,862,1251,628
481: 1268,113,55,1917,980
482: 19,419,946,1242,153,289,524,487,369
483: 373,1491,1556,1303,735,340,465,1705,1866,1594
484: 1492,1642,1162,1299,1015,322,1738,679,1099
485: 1283,1353,1384,347,766,415,1180,2001,95
486: 384,1036,10,271
487: 369,544,1199,1836,449,419,482
488: 1779,840,1467,668,223,1799,220,1346,690
489: 983,1140,1484,1131,2002,459,44,1825
490: 50,187,1526,1431,391,1617,1850,1614,1601
491: 574,986,534,1792,441,537,1159,1214
492: 1430,844,899,1130,675,522,327,1951
493: 210,1913,1419,592,863,496,1936,436
494: 126,748,564,1509,817,1626,1635,1440,14
495: 29,1137,293,1181,1101,1400
496: 268,1936,1319,1913,1419,493,1229,436,296
497: 1638,877,464,1586,110,543,547,770,1579,879
498: 608,858,1998,616,1447,1418,1108
499: 1377,747,790,1354,260,1901,903,120,1489
500: 1881,1588,1988,1760,647,687,821,1745
501: 506,1932,1890,999,955,562,187,588,142
502: 937,1991,764,1087,1239,1452,683
503: 513,1466,1961,1314,1186,10,365,1381,1480
504: 1445,352,354,1950,1011,1603
505: 364,240,904,433,363,1759,1587,875
506: 501,999,195,955,562,187,1526
507: 1582,607,897,1155,1437,1184,1333,1097,1285
508: 1677,1349,388,1768,1326,139,81,1632,262,1772
509: 1714,1400,1137,448,1080,1670
510: 760,1965,1386,898,1885,1233,59,576,851
511: 13,721,820,1295,359,546
512: 156,468,1168,390,1992,515,1815,1969
513: 1466,1961,1314,503,1186,1743,1403
514: 1949,865,1286,594,762
515: 1774,987,1992,1815,1969,390,156,512
516: 1984,1908,189,1709,1125,362
517: 1552,1457,1857,424,392,1289,1422,720,783,1048,116
518: 1269,663,1163,1692,1105,1057,1762,1555,1450
519: 35,650,1574,582,1479,1307,1976,1413,871,97,1034
520: 457,1096,1752,555,573,1975,1612,957
521: 1507,664,902,256,381,1438,995
522: 1441,675,544,1199,492,899,327,1951
523: 38,168,1580,1739,713,1076,1460,1257
524: 153,289,1496,1242,769,369,19,419,946,482,998
525: 279,1078,1213,1536,1903,1911
526: 429,1316,1973,632
527: 11,317,1657,920,1893,981,781,1089,1897
528: 137,1731,1682,1888,250,98,853,1666
529: 1281,1748,1527,143,1060,1170,1712,960
530: 269,700,1714,572,1905,1080,1550,1628
531: 1912,777,1052,32,447,335,982
532: 65,303,1828,656,661,1873,1005
533: 168,1580,903,1610,1856,397,1901,12
534: 574,986,491,80,1792,827,441
535: 581,616,1160,328,1302,1953,829
536: 25,1004,1690,577,477,1542
537: 418,588,1649,1383,1792,441,491,1214,850
538: 1274,824,979,1154,565,652,1967
539: 585,622,1322,1074,1589,39,1600
540: 1794,688,1569,159,82,1287,1662,1031
541: 1934,579,997,400,1916,129
542: 79,1788,1093,1707,1012,786,1694
543: 110,1121,1323,952,648,887,877,464,497
544: 487,1199,449,1441,522,327,1977,996,173
545: 343,1366,279,1963,278,815,847,1406,1765
546: 359,429,1316,721,511,1165,76
547: 682,1854,1875,770,110,1121,952,497,575
548: 1516,1674,1166,826,1107,231,128
549: 994,693,307,1964,1679,185,1753,1147,769,287
550: 1534,1094,958,1871,174,288,1187,662
551: 1106,1652,471,824,979,1154,93,921
552: 1710,1829,366,297,1113,1164,99,323,299
553: 242,1396,845,612,1010,276,872,1001,655
554: 2007,1437,1184,1841,861,298,1333
555: 457,1752,520,261,1344,573,1983,1024
556: 646,707,1737,738,1647,1332,138,325
557: 1821,1914,1983,385,1623,931,261,1269
558: 1772,1392,83,606,1349,1265,1843,891,1687
559: 1671,1785,344,560,1530,979,353,1042
560: 283,1852,630,945,1785,559,344,1839,462
561: 320,750,1196,614,1226,1169,1151,1279
562: 955,1636,141,195,1271,876,1033,1431,1526,506,501,1890
563: 237,251,1465,461
564: 748,494,1509,817,212,1635,439,1440,111
565: 258,1505,1967,538,1274
566: 1394,226,744,639,326,778,1102,1347,908
567: 862,1942,1337,1251,667,51,428
568: 158,1864,1305,1209,1336,1385,1528,1770
569: 980,1729,620
570: 882,1432,1933,629,671,859,1834,1471,1868
571: 437,1453,1268,669
572: 20,1714,660,934,166,700,530,1550
573: 1344,1188,197,1207,1148,1612,457,555,520
574: 986,491,1239,534,969,1087,80
575: 953,1455,1639,1325,1461,952,547,1761,682,1854
576: 59,117,133,951,851,420,992,510,1386
577: 1538,477,1691,1690,172,536
578: 320,750,1863,41,1968,92,686,1902
579: 1551,541,1934,731,803
580: 16,426,648,1035,1016,1354,1812,1323
581: 1971,616,1160,535,328,1302,829,1123
582: 184,1872,1084,1479,31,1976,917,650,519
583: 109,836,316,1520,1981,306,1946,1470
584: 421,1143,1263,1851,330,1958,1704,1355
585: 539,1322,2021,779,1074,1390,1046,1600
586: 1145,394,1193,1814,427,830,1398,869
587: 465,963,1705,1607,1210,971,340
588: 595,537,1649,1383,142,441,611,1932,501,1890
589: 264,1282,1339,1587,2009,875
590: 1262,901,1126,239,1300,704,315
591: 461,321,1267,1465,266,684
592: 210,1913,1419,493,716,1026,1261,1790,436,1734,377,1703
593: 112,309,1623,931,1443,234,221
594: 1372,1409,1492,1642,337,1286,1949,514,597,865
595: 418,588,1649,1383,142,1932,850,297,331,1355
596: 613,6,1501,437
597: 1949,1487,865,594,1642,1738,1717
598: 1224,1590,1973,277,916,1039,878
599: 947,1720,228,413,390,1603,1168
600: 2020,1536,1095,1771,1312,1903,1328
601: 746,1713,641,1090,602,258,53
602: 1658,1171,1505,140,746,601,258
603: 298,1333,950,943,472,891,1928,1889,1063,233,1562,1640,1088
604: 479,1374,1500,1656,202,1818,765
605: 335,1131,982,32,40,1613,459
606: 1332,558,83,1687,472,1593,1889,1063
607: 1582,897,507,1155,1437,1773,307
608: 858,1998,1529,498,1971,616,328,1447
609: 674,1504,1989,48,1426,1035,16,426
610: 698,1423,962,807,1693,1879,1175,1110
611: 1735,1792,441,371,955,1636,1890,588,1383
612: 553,845,1010,1049,655,758,1554,1201,407
613: 6,1501,1136,596
614: 1226,1334,1433,1968,561,750
615: 1788,1093,244,1482,712
616: 581,1971,535,328,155,608,1998,1529,498
617: 207,948,1244,755,1922,357,1525
618: 17,1831,1191,915,673,857,1119,196,200,68,781
619: 19,282,946,706,1248,364,904
620: 1618,833,265,569,1729,1373,968
621: 101,1008,797,236,167,866,1413,1298
622: 539,1322,71,1589,39,1644,190
623: 749,752,1780,1906,951,420,699,1596
624: 1027,27,1234,1216,183
625: 1954,410,253,466,733,1650,709,1424
626: 810,1747,1306,404,85,818,1468
627: 447,335,1131,944,983,1140,1787
628: 751,722,940,1251,51,956,480,1522
629: 882,1432,671,570,69,247,290,1645,1708,1105,1711
630: 945,1406,1499,1765,60,560,1852,1839
631: 1578,383,659,266,1910,684
632: 526,1973,916
633: 818,33,1338,1266,1697,1517,852,848,1178
634: 37,1742,678,1803,1715
635: 1434,1142,1947,1061,1384,7,766
636: 1783,386,731,773,269,700,745,267
637: 29,1137,1778,1172,475,70,1853
638: 1103,1769,984,1074,1390,161,1600
639: 226,566,326,1494,1347,1900,182,262,889
640: 1823,1861,395,1936,976,863
641: 838,1090,1020,1713,601,258,53
642: 1327,965,1194,1837,1830,1990,1798
643: 358,402,1275,1871,1062,888,1672,1541,1898,1109,1579,1751,1120
644: 143,718,1364,984,1713,960,838,1090
645: 114,2018,1363,200,345,981,1192,1469,1488
646: 556,738,1677,1647,1332,1772
647: 34,1988,1703,1760,687,1026,1051,377,1881,1588,500
648: 16,426,580,822,1014,887,543,1323
649: 2000,2021,1749,835,696,1667,1390,1046
650: 519,1574,1872,582,1084,1479,31,1307,1976,1413
651: 1532,1758,1564,1563
652: 1738,470,679,1099,1967,538,824,1154,921
653: 1935,1122,1436,1145,394,1681,1945,360
654: 1635,439,1440,1899,959,346
655: 1104,985,553,242,612,1010,1201,407,1496,1495,399
656: 65,532,1828,1116,1664,1335
657: 730,1819,1291,1968,686,1059,1433
658: 461,1267,1955,237,1927,1970,1423
659: 631,383,435,1855,1910,1414
660: 20,1714,572,934,1019,241,1321,166,700
661: 1865,1123,1873,1005,532,1160
662: 1187,22,1676,550,958,1449,1781,26
663: 518,1163,1692,1105,1727,1711,1412,1555,1086,1450
664: 521,1507,381
665: 1175,1981,1110,306,1946,1693,698,1055,1800
666: 1622,1637,246,1469,1054,799,1245,1957
667: 1594,51,1608,428,735,567,940
668: 840,1467,488,761,217,905,220,1346
669: 1268,113,393,571,1453,1221,55
670: 11,379,1417
671: 882,1432,629,570,1471,1868,247,1708
672: 1825,232,227,678,1664,1567,44,1702
673: 17,1831,1191,618,915,1521,292,1119,68,781
674: 609,1504,416,308,1721,1426,737
675: 745,1550,1628,1441,522,267,492,899
676: 1223,825,1260,1548,1877,1313,1513,1673,1272
677: 1519,1750,701,736,1493,90,1244,1231,357,1525,895,229
678: 232,227,672,1484,634,914,1803,248,1715,1702
679: 322,1738,652,1099,1967,1658,1015,1505,484
680: 174,305,2012,1215,879,1208,1094
681: 1066,1683,1067,1604
682: 547,1761,1854,1875,770,952,575,1654
683: 1452,1202,1320,1087,937,502,924,1239
684: 1910,785,266,1578,631,321,591
685: 1211,1107,1953,231,263,1979,1516,230,864,1571
686: 92,1902,1059,1811,657,1968,578,750
687: 1988,1703,647,1734,1051,377,500
688: 12,1203,1794,1569,540,1856,38,168,1580,1031,713
689: 387,925,1908
690: 1746,194,1357,150,1779,488,223,1648
691: 1700,1915,1757,739,74,1157,1985
692: 233,1097,1393,1285,1562,943,1640,828,837,1068
693: 1773,175,994,549,307,332,152
694: 193,1324,1736,1766,1424,137,1731,1150
695: 437,1453,1221,808,401,1960,56
696: 1156,302,26,147,2000,649,1667
697: 1403,162,339,890
698: 610,962,807,313,1175,665,1981,1110,1568
699: 804,1083,425,133,420,623,1780
700: 166,773,269,530,572,660,1321,745,1550,636
701: 1519,677,736,374,1231,1525,895,1756,229
702: 1506,1818,1497,1500,1174,765,1700,1757
703: 157,1427,961,1539,1816,1032,371
704: 911,1300,590,1126,315,1490,715
705: 109,836,291,741,1250,1972
706: 810,1248,1306,998,19,619,946
707: 556,738,138,236,325,912,31
708: 1558,1844,1028,281,1158,1943
709: 119,1416,389,108,2017,253,625,733
710: 1732,964,1185,767,1312,1273
711: 848,1247,1699,1721,832,91
712: 338,1089,1897,1310,244,615
713: 218,1153,1031,1076,688,1569,38,523,1460
714: 837,1068,1514,1072,87,1937,1944,1365
715: 1490,222,1904,1802,1152,911,1276,704
716: 1026,1212,1261,1790,64,1609,800,210,592,1561,1810
717: 1887,1535,121,923,975,1826,1041
718: 143,644,39,1600,1364,984
719: 186,1032,1930,1701,23,1940,1271,876,1820,141
720: 1610,1602,783,1048,116,1457,517,424,1422,1203
721: 511,820,1948,546,913,1165,76
722: 1690,172,751,628,940,956
723: 1297,151,35,97,1030,1141
724: 1668,816,1065,932,1959,801,885,1657,379,1822
725: 1884,1092,1892,1832,1217,84,1439,1485,1630
726: 288,305,2012,885,1182,1668,932,1584,1197
727: 27,935,1378,784,348,455
728: 1611,425,881,81,1768,1621,804
729: 929,145,1907,1382,1750,374,1659
730: 657,1291,909,1532,1458,1433
731: 1916,1321,166,773,579,636
732: 1295,359,1316
733: 1954,410,253,625,101,768,1776,389,2017,1416,709
734: 1615,1627,936,1555,1117,1135,1674,1166,1575,826
735: 971,1230,340,1594,667,428,483
736: 1519,1750,677,701,374,1493,90,1231,1921
737: 48,1426,2009,875,363,416,674
738: 646,707,556,1332,1772,236,325,912,1566
739: 805,1050,1228,74,1174,691,1700
740: 91,1296,1247,1929,1861,974,1205,976
741: 1886,1359,89,450,291,705,802,1250
742: 1384,347,7,766,154,1486,942,415
743: 798,1136,1169,868,1226,1334
744: 1394,566,870,412,1102,907,1523
745: 1550,1628,1441,675,269,700,386,636,267,899
746: 140,1713,1557,601,602
747: 1377,499,790,1016,1354,264,48,1426,2009,1035,260,16
748: 126,494,564,1509,817,458,1440,14,111,1232,966
749: 752,623,1906,951,420,1386,1596,476,1510,823,1777
750: 320,561,578,1968,686,614,1226
751: 1690,722,628,1918,956,1558,1098,281
752: 749,623,1780,1596,184,763,1777
753: 1507,1625,256,1528,1896,819,1770
754: 170,1127,1824,1341,796,1722,352,1218
755: 1193,1814,869,1244,1922,1525,207,949,617
756: 1584,1688,1197,406,954,1696,947,1718,1071,228,1240
757: 1643,1665,959,1880,1348,439
758: 333,1258,1554,1201,407,1242,845,612,1010
759: 67,1402,169,792,1111,995,902
760: 318,510,1965,1386,1149,851,476
761: 1775,900,1480,217,905,1467,668,220
762: 337,1286,819,514
763: 184,138,1777,1872,752,1780,1737
764: 1039,1462,969,1087,878,1991,502
765: 250,1502,853,479,604,1500,702,1818,1757
766: 1384,347,7,742,1486,635,1142,485
767: 417,1771,906,1312,710,209,1273
768: 101,1995,1776,1008,389,1954,733
769: 185,1753,404,1147,1964,549,153,524,1679,1496,946,810,998
770: 547,682,1875,110,952,497,879,1208
771: 1161,822,1037,1014,887,1296,1292,974,268,1205,1319,877
772: 1185,864,254,1571,125,1979,230,263
773: 166,269,700,1916,1321,731,636
774: 338,1089,317,1417,816,1547,188
775: 1806,43,63,370
776: 894,205,1706,442
777: 315,1912,531,1490,1904,1152,447,199
778: 1840,1102,922,1859,908,1394,566,326
779: 1006,1680,104,2021,1749,1046,585,1322
780: 131,1472,380,1340,1799,1646,1399,473
781: 1893,1363,200,68,1831,618,673,1119,527,920
782: 278,815,1719,1911,906,1830,2005,1798
783: 1602,720,517,1422,136,2006,1203
784: 1442,1378,348,727,27,935
785: 922,1910,684,1859,1477,321,1367
786: 2016,795,1012,79,542,1707,88,1694
787: 72,1128,1237,1428
788: 1367,1754,1923,1477,962,807
789: 1146,120,1739,903,1257,1639
790: 1377,499,747,264,1339,48,2009,260
791: 1678,356,1540,1685,87,235,1697,1365,1543,1022
792: 1385,1483,1111,759,995,902,256,1528
793: 57,414,1224,1206,49,1462
794: 1241,1927,1132,30,812,1970,1511
795: 408,1073,2016,1012,259,786,1894
796: 1920,1722,1225,170,754,1127,1341
797: 236,912,167,1413,917,621,1008,1298
798: 1501,743,808,1136,1169,1405
799: 1054,1190,1255,1245,1974,968,666,246
800: 165,1021,1293,1609,716,1212,1561,1476,1810
801: 1641,885,1182,1654,1959,1043,1822,724
802: 1250,834,332,741,1886,1359,152,175
803: 1783,884,1551,579,1819,1572,1811
804: 1621,699,1083,1611,425,728
805: 216,739,1050,1228,74,1038
806: 147,1449,1134,1672,1474,1534,958
807: 698,610,962,788,1754,313,1175,1981,1568
808: 1501,798,1405,437,695,56
809: 1382,910,1157,1288,1017,1985,145,1907
810: 626,706,1248,1306,998,404,769,85,946
811: 182,1632,262,1013,889,388,1246,1843
812: 1879,1970,1511,213,1927,794,30,324,1423
813: 273,1352,452,1883,1560,1114,1733
814: 1108,1327,1194
815: 278,782,1911,279,1963,545,343,1366
816: 724,1668,284,1065,379,1417,774,1547,1724
817: 748,494,564,1509,843,111,1410,1232,966
818: 633,1468,33,1515,626,1747,1219,1517
819: 337,1896,753,762
820: 13,721,511,1948,855,973,913
821: 1751,1415,1474,18,1745,1988,896,1881,500,1134,453,835
822: 1161,771,1037,1014,887,648,1205,877
823: 1596,476,1510,1648,1330,249,1149,749
824: 471,538,979,1154,353,652,921,1106,1652,551
825: 1716,1223,1448,676,1324,1736,1766,1345,100,1548
826: 130,1116,211,1575,734,1516,548,1674,1166,231,1828,128
827: 1735,80,1792,441,1427,961,371,534
828: 1640,1018,1846,943,692,1562,837,1068,1937,1235
829: 1211,1953,303,581,1160,535,1005
830: 430,1581,1398,299,1113,427,586
831: 277,916,1442,1378,348,927
832: 1504,1989,1721,848,711,91,1292
833: 1618,620,265,1729,1373,1655,968,1255,1974
834: 802,1250,1972,332,1595,1408,1773
835: 2000,1387,453,1749,649,821,896,1134
836: 109,316,583,291,705,1520,306
837: 1068,1072,714,692,828,1846,87,1937,1235
838: 960,641,1090,1020,644,1281,1459,53
839: 54,176,1763,1591,257,171,1942,1653
840: 1467,488,668,223,1233,217,318,451,1965,150
841: 1918,1999,956,480,214,1698,438,1028
842: 1361,376,107,1234,1607,1280,1027,86,372
843: 977,1876,212,817,24,111,1878,1410
844: 267,492,1577,1430,899,386
845: 553,1396,612,1010,1049,1001,758,1554
846: 1317,1592,1930,1256,131,1660,380
847: 1406,1499,102,545,343,1222,1366,1858,1891
848: 1178,1247,1699,711,633,1697,852,1721,832
849: 1839,1858,462,124
850: 257,1704,1214,595,418,537,1649,1383,330
851: 59,576,951,510,760,1965,1386,1906
852: 308,1219,1517,1721,633,848
853: 250,765,98,1888,479,1374,137,528
854: 1091,1791,1847,1952,1851,1958,430,1546,1581
855: 973,1200,1425,275,820,1948,2004
856: 327,1565,1977,1951,996,874,173,1130,1356,1857,1124,245
857: 17,1831,1191,618,122,103,196,68
858: 608,1529,498,1108
859: 1933,570,239,1471,1262,1838
860: 1460,1002,1257,1521,1183,17,915,292
861: 311,891,1407,1841,2007,554,298
862: 1849,567,1337,1251,1143,480,1522,336
863: 210,1419,493,640,1823,395,1309,1936,976
864: 1185,772,1571,685,263,1273,1941
865: 1949,514,1487,597,1286,594,1492,1642
866: 236,460,167,1928,1063,1088,355,621,1995,1008
867: 79,378,1093,1342,1938,1012,259
868: 1458,1226,1334,743,1136
869: 1966,396,90,1368,1244,427,586,1193,1814,755,1922,1525,207
870: 1394,226,744,1494,139,1523,262,1326
871: 272,1298,108,1307,1976,1413,519,1034,1195
872: 276,280,52,1371,553,242,1396,1010,1104
873: 255,351,1631,112,931,1924,1188,385
874: 1565,856,1977,996,173,240,433,1857,1587,245
875: 2009,737,505,363,1587,589
876: 1118,1940,195,1271,1033,1701,23,719,1820,141,562
877: 1638,464,497,1586,1161,771,822,887,1319,543,1541,78
878: 348,927,938,937,1991,598,277,764,1039
879: 1215,1579,1208,110,497,1586,1875,770,358,680
880: 243,122,103,218,1153,1056,1227,1827,1744,1883
881: 1611,310,728,458,1523,96,81
882: 1432,1933,629,671,570
883: 468,1100,1011,1445,1385,1483,158,1209
884: 1842,803,1783,1572,92,1044,1811
885: 801,1182,726,724,1668,1065,932
886: 1045,1204,1351,199,1277,1874
887: 1161,771,822,1014,648,543,1323,877,464
888: 358,402,1062,643,1638,1586,1541,1898,1579,1120
889: 182,262,811,1013,639,1585,1900,341
890: 697,339,1984
891: 311,1265,861,1687,558,298,603,950,472
892: 445,1342,2015,1957,1573,1007,1395,1807
893: 1570,1867,1978,1576,1808,21,1531
894: 293,1931,776,1706,442
895: 61,1756,1921,1519,677,701,1231,1446,229
896: 1881,1895,286,1588,821,1745,1420,104,1387,453,1749,835
897: 1582,607,507,1155,1595,1408,1437,1184,1773,307
898: 24,992,1878,1410,1885,1249,59,510
899: 267,492,1577,1430,844,1130,745,1441,675,522,386
900: 206,1775,1480,761,1961,905
901: 1262,590,1126,1943,1236,239,1158
902: 521,1507,256,759,792,1438,995
903: 168,1580,533,1739,260,397,1901,499,789,120
904: 364,240,433,505,449,19,282,619,996,173
905: 28,405,1537,206,900,761,668,220
906: 417,1771,767,1312,1903,443,782,1719,1911
907: 1728,1464,412,744,1523,96
908: 1347,1367,922,1859,778,1102,226,566,326
909: 1532,730,1458
910: 1382,809,1997,1157,1288,73,1252,1331,1411,1009,145,1907
911: 422,463,1276,1300,704,715
912: 797,236,325,167,707,738,31,1413,917
913: 57,1784,1165,2004,721,820,1948
914: 1803,248,678,988
915: 17,1191,618,673,860,1002,1521,1183,292
916: 277,831,1973,632,1590,598
917: 31,1307,1976,1413,582,797,236,912,1298
918: 1335,1391,1702,988
919: 204,346,36,375,382,1456,1549
920: 11,527,1657,1831,1524,1119,1893,781
921: 93,1717,470,652,1099,824,1154,1652,551
922: 785,1859,1477,778,1347,1367,908
923: 1481,181,1675,84,444,975,121,717
924: 986,1239,1202,1320,683,1159,1591
925: 689,387,1908,189,973,13
926: 159,1996,127,1813,1040
927: 878,348,455,938,277,831,1378
928: 365,1133,1939,1878,1381,1249,1583
929: 729,1907,1021,1009,1576,1476,1570,1659
930: 323,427,1616,66,299,396
931: 112,309,1623,593,873,557,385
932: 724,1668,284,885,726,1584,1688,1197,406
933: 1473,989,1026,1212,1284,1808,34
934: 1019,978,20,572,660,241,1375,1321,166
935: 727,1027,27,784,348,455,1280,107,1234
936: 1762,1555,1117,1135,1615,1627,734,1450,1166,993,1575
937: 878,348,455,938,1991,1280,502,1452,683
938: 878,348,455,927,937,1991,1280,277
939: 1620,1438,995,1862,47,1402,72,1128
940: 172,722,628,667,51,1608,967
941: 1407,1689,1725,1397,1841,109,1520
942: 1486,1177,146,350,1909,1061,7,742
943: 1333,603,950,1928,233,692,1285,1562,1640,1018,828
944: 1204,1351,199,447,627,335,1787
945: 630,1499,560,1852,1839,462
946: 19,282,619,419,482,153,524,769,706,810,1248,998
947: 599,228,284,1584,1688,756,1724,413
948: 617,357,351,215,112,309
949: 207,1661,1145,1193,755,360
950: 298,1333,603,943,472,891,1687,1928,1889
951: 59,576,133,851,420,1386,749,623,1906,476
952: 110,1121,543,1461,575,547,682,1854,770
953: 1183,575,1455,1639,1325,1257,1761
954: 1197,756,406,288,1187,1676,1696
955: 1636,141,562,611,506,501,1890
956: 1918,841,480,1522,1251,751,722,628,1558
957: 270,415,1238,1975,1486,1096,520,154
958: 1534,550,1449,806,1187,662,1781
959: 1643,1665,757,1899,654,1348,439
960: 838,1090,143,644,1170,1281,529
961: 703,157,1427,371,1735,80,827
962: 698,1423,610,807,1955,1923,788
963: 465,1705,587,77,1210
964: 2001,1732,710,1669,95,1095,1283,1312,1328
965: 1327,642,1990,1222,329
966: 1782,310,748,1509,817,458,1232,117
967: 1956,1691,1608,1491,172,940
968: 285,1655,1373,833,620,265,1255,799,1974
969: 764,1462,1087,49,1427,80,574
970: 274,1420,1025,1723,1318,456,1982,106
971: 735,1230,1508,340,1607,587
972: 1817,136,2006,1196,1863,1996,127
973: 855,1425,189,925,13,820
974: 1861,1296,740,771,1037,1205,976
975: 164,444,1826,923,121,717,1041
976: 268,1205,1936,1319,1296,740,640,1823,1861,974,863
977: 62,843,1876,1880,212,1348,439,111
978: 205,934,1019,1706,442,300,241,432,1375
979: 1530,471,538,1274,824,1154,353,559,551,1042
980: 569,1729,1173,481,1917
981: 1893,1363,200,345,1192,645,527,1488,1310,1897
982: 447,335,1131,605,32,1052,531,40
983: 489,1140,1484,627,1131,459,1787
984: 1364,1103,638,1074,644,718,1600
985: 192,1104,152,655,1964,994,399
986: 574,924,491,1239,534,1159,1214
987: 319,1992,515,1308,1969,2,188,1597,1848
988: 232,914,248,918,1702
989: 933,342,1473,1284,1808,34,403,1531,1723
990: 1301,434,473,1243,1167,1472,1047
991: 285,1655,1733,1369,1741,1545,149
992: 24,1410,898,1232,59,117,576
993: 1619,1674,1166,936,1117,1135,1835,224
994: 175,693,549,152,985,1964,1679,399,185
995: 939,1438,67,1402,759,792,521,902
996: 327,1565,856,1977,1951,874,173,544,449,240,904,433,1124,245
997: 400,1176,129,541
998: 706,810,153,524,1753,404,769,946
999: 506,1932,501,187,1601,1023,1829
1000: 283,1980,1530,1274,344
1001: 1189,1049,1053,553,1396,845
1002: 860,1460,1257,1521,1076,1827,17,1191,915
1003: 1614,1220,1174,1850,1506,1497
1004: 105,25,1533,440,536,477
1005: 661,1873,829,532,303,1160
1006: 779,1680,1982,106,1434,1947,1322,1589
1007: 1573,1395,1190,1245,892,1957
1008: 101,621,1995,768,797,167,866,1088,355,1298
1009: 165,1021,73,1331,1382,910,929,1907
1010: 553,242,845,612,872,1104,655,758,1201
1011: 468,1100,1603,883,1445,504,1209
1012: 2016,795,259,786,79,542,867
1013: 1632,262,811,889,341,1407,1689,1246
1014: 1161,771,822,1037,887,1989,1296,1292,426,648
1015: 1658,1171,1162,1299,484,322,679
1016: 1377,747,1354,48,1035,16,580
1017: 1493,198,1380,1985,809,145,1750
1018: 1640,1088,828,355,1846,943,1928,1562
1019: 934,1706,442,978,20,1101,660,241
1020: 641,838,1281,1459,53,1980,1029
1021: 165,1009,800,1293,929,1907,1576,1561,1476
1022: 1178,1699,1697,1543,791,1685,1304
1023: 1710,1829,1726,999,423,1220,1601
1024: 1362,1544,261,1821,1983,1752,555
1025: 970,1420,1723,342,403,1531,135,1318,456
1026: 716,1212,1261,1790,592,1284,1810,377,34,1703,647,933
1027: 27,935,624,842,107,1234,183
1028: 1558,708,438,1844,1681,1918,841
1029: 60,283,1980,1852,1020,1459,1605
1030: 391,1617,1141,409,35,151,723,97,1553,1764
1031: 1662,218,1153,713,1076,1794,688,1569,540,38
1032: 1816,186,1047,719,703,371,1820,141
1033: 1118,1940,195,1271,2019,876,1431,1701,23,141,562,1526
1034: 97,1195,1764,1307,35,519,871
1035: 48,1426,609,1989,747,1016,16,580
1036: 486,1743,10,271,1314
1037: 1161,771,822,1014,91,1296,1292,974,1205
1038: 1493,198,1380,1985,805,216,74,66,1368
1039: 764,1462,1224,598,878,1991
1040: 1813,1151,1279,1196,926,1996
1041: 1805,1077,975,1826,1887,717,1559,294
1042: 471,979,353,1671,559,1106
1043: 1085,1959,1455,1761,801,1654
1044: 92,1902,1811,1144,1842,884,1577,1572,1463
1045: 886,1204,1351
1046: 1390,2021,1749,649,779,585
1047: 1816,186,1032,1472,380,1301,434,990,1167,1930,1256,1539
1048: 720,116,1552,1457,517,1857,424,75
1049: 1189,1853,448,1001,845,612,1670,1554
1050: 805,216,739,1228,423,1726,1616,66
1051: 1734,1109,377,1988,647,687,1120,1415,18,1745
1052: 1912,1838,531,32,1432,1933,982
1053: 201,1805,1077,1559,70,1189,1001,1396
1054: 1255,799,1245,1974,285,1545,666,246
1055: 1884,1092,1800,665,1110,306,115,1630,316
1056: 1662,218,1153,1227,118,1070,1744,880
1057: 1544,1821,1269,518,1163,1762,1835
1058: 1542,1236,25,440,1126,463,1300
1059: 92,686,1811,657,1819,1291,1968,1572
1060: 1170,190,1712,1179,1748,1527,529,1213
1061: 350,456,942,1434,635,7
1062: 358,402,1275,1871,643,888,1672,1751,1120,1415,1474,1534
1063: 1928,1593,1889,606,603,460,866,1088
1064: 1887,1535,45,1684,294,1789,1962
1065: 724,1668,284,816,885,379,1417,1822
1066: 681,1683,1778,1067,1172,475,1389,70
1067: 681,1066,1683,132,475,1077,1389
1068: 837,1514,1072,714,692,1097,1393,828,1069
1069: 1512,1294,1582,1155,1393,1068,1514
1070: 349,118,1056,273,1744,452
1071: 1718,1720,228,1688,756,1634,1696,1240
1072: 837,1068,1514,714,1393,15,1944
1073: 408,2016,795,88,9,1428,1237
1074: 1390,161,585,539,984,638,1600
1075: 1628,1441,163,1905,1429,333,1199,1836
1076: 1153,1227,1031,713,1827,523,1460,1002,1191
1077: 1053,201,475,1805,1389,1041,132,1826,1067
1078: 279,525,1454,1963,1213,1605,1527,1765
1079: 1848,1707,319,1308,478,1694
1080: 163,1905,1429,1670,1714,509,530
1081: 252,179,1388,1330,249,194,1755,178,368
1082: 155,209,1198,1273,1941,443,328,1302
1083: 1621,699,804,1647,1780,1737
1084: 1796,1624,1479,184,1777,1872,582,1976,650,1574
1085: 292,1524,1119,1959,1043,1455,1822
1086: 2002,1615,1627,459,1450,663,1613,1727,1555
1087: 764,969,1991,502,80,574,1239,683
1088: 1640,1018,355,1846,603,1928,1889,1063,460,866,1995,1008
1089: 774,712,338,1897,317,527,1417
1090: 960,641,838,1364,644,1713,601
1091: 1847,1952,854,430,1398,394,1122
1092: 1055,1884,725,1892,1800,324,1693,213,1485
1093: 79,1788,542,378,867,615,244,1482
1094: 1534,550,1215,358,1871,174,680
1095: 1633,1283,1353,2001,964,2020,600,431,1312,1328
1096: 1752,520,1975,1362,270,1238,1809,957
1097: 233,692,1393,1285,1333,507,1155,1068
1098: 1542,281,1236,1690,751,1558
1099: 322,1738,470,652,679,1967,484,1154,1717,921
1100: 156,468,1011,883,1483,1111,158
1101: 20,1714,1400,293,495,1019,442
1102: 412,1840,778,908,1394,744,566
1103: 1364,1444,1769,984,638,1225,161,1376,1722
1104: 192,152,655,985,872,1371,242,1010
1105: 474,518,663,1692,148,69,629,1727,1711,1412
1106: 1652,551,471,824,1042
1107: 1211,231,685,1516,548,230,1571
1108: 814,1418,858,498,1194
1109: 436,1734,1051,296,1898,643,1120,18
1110: 1175,665,1693,1879,698,610,1055,1800
1111: 1483,792,1815,156,1100,169,759
1112: 1874,1986,222,1802
1113: 331,1355,1164,99,366,552,1958,323,1546,830,1581,299
1114: 191,2008,1498,1560,349,273,813,1352,452
1115: 1801,1207,361,1909,146
1116: 130,1567,211,826,1664,1828,656,128
1117: 1762,936,1555,1135,1835,1627,734,993
1118: 1940,1271,2019,876,1033,1431,1139,1317,1701,23,225,1767,1435
1119: 292,1524,1085,1831,618,673,781,920
1120: 1751,1415,18,1898,1051,1109,1062,643,888
1121: 110,543,1461,1812,1323,952,547,1854
1122: 653,1935,1436,1698,1091,1847,1952,394
1123: 661,1865,581,1971,1160
1124: 1552,1857,1130,1565,856,1951,996,1356,1289
1125: 1709,28,1537,516,1401,362,1686
1126: 590,901,1058,1236,463,1300,704
1127: 170,754,1824,1341,796,1445,352,1379,367,1833,1218
1128: 787,72,1237,88,1278,1862,47,939
1129: 1746,1755,1357,131,1660,1340,1388,1592
1130: 492,1577,1430,899,327,856,1951,1356,1730,1289,1124
1131: 627,335,982,605,1613,459,489,983
1132: 1241,794,312,30
1133: 1925,1939,928,1876,24,1878,1249
1134: 147,1449,806,821,1474,2000,453,835
1135: 936,1555,1117,1835,1627,734,1674,1166,993,1575
1136: 1501,743,798,868,613
1137: 29,495,637,1853,448,509,1400
1138: 1882,1979,295,224,1362,1544,270,1809
1139: 2003,252,179,1987,1317,1592,1701,398,225,1435,1118,2019
1140: 489,983,1484,627,1742,1787,1715
1141: 391,1617,1030,1767,151,723,50
1142: 635,1947,1384,766,1,1629,1589,1353
1143: 584,421,1263,171,1849,862,1337,1653,336
1144: 92,1902,1044,144,1463,1730,1994,41
1145: 394,586,1193,1398,653,1935,949,360
1146: 789,120,1489,1354,1461,1812,1639,1325
1147: 185,1753,404,769,85,287,549,1512,1919,1468
1148: 1801,197,61,1370,255,1631,1446,229,573,1188
1149: 318,760,1386,150,476,1648,823,194
1150: 137,1731,253,1888,1416,1766,1424,694
1151: 1813,1279,1040,320,561,1196,1169,1996
1152: 1490,222,1904,1802,715,1277,777,1874,199
1153: 1662,218,1056,1227,1031,713,1076,1827,880
1154: 471,538,824,979,470,652,1099,1967,93,921,1652,551
1155: 1582,607,897,507,307,1097,1393,1285,1069
1156: 302,696,1667,161,1478,1376,1769
1157: 809,910,1997,1288,691,1915,1757,74,1985
1158: 239,1834,1599,1471,708,1844,901,1943
1159: 257,1704,1214,986,924,491,1591
1160: 581,1971,535,829,661,1123,1005
1161: 771,822,1037,1014,887,1205,1319,1638,877,464,78
1162: 1299,1503,1336,1015,484,1372,1492
1163: 1269,518,663,1692,148,1821,1057,1762,1555
1164: 331,1355,1113,99,552,1958,1546,1581
1165: 57,1784,913,721,1948,546,76,1206
1166: 1516,548,1674,993,936,1135,734,1575,826
1167: 1301,473,1243,990,275,1784,414,2004,1047,1539
1168: 468,512,1603,390,599,1720,228
1169: 743,798,1405,1226,561,1151,1279
1170: 1644,1060,190,1712,143,960,529
1171: 1658,1015,602,140,1299,1833
1172: 1066,1683,1778,475,1389,29,637,70,1853
1173: 980,1729,1311,1917,1498,1560
1174: 423,1220,1003,702,1506,1497,1700,739,1228
1175: 313,665,1981,1110,306,1946,698,610,807,1800
1176: 1758,1564,129,997
1177: 1975,1486,1612,146,942,1207
1178: 848,1699,1022,633,1266,1697
1179: 1060,2014,190,1712,304,431,1536,1527,1213
1180: 314,415,1384,347,154,1283,485,1669,95
1181: 293,1931,1598,1778,29,495
1182: 1641,801,885,1654,726,305,2012
1183: 953,1455,1639,860,1257,1521,915,292
1184: 2007,554,1437,298,1333,897,507,1285
1185: 772,864,254,1732,710,1273
1186: 513,1466,1961,503,1403,162,206,405
1187: 22,1676,1696,662,288,550,958,954
1188: 261,1924,1344,573,873,255,1446,197,1207,1148,457
1189: 70,1853,1049,1001,1053,201,475
1190: 1264,1255,799,1245,1974,265,1007
1191: 17,618,915,673,857,1076,1827,1002,103
1192: 1893,1363,200,345,68,981,114,2018,149,645,196
1193: 1145,586,1814,755,869,207,949
1194: 1327,642,1837,1418,814,1108
1195: 97,1034,1764,871,108,1656
1196: 320,561,1863,972,1151,1040,1996
1197: 1584,756,406,954,174,288,726,2012,932
1198: 155,209,1082,443,301,1447,2005,1998
1199: 487,369,544,1836,1429,1075,1628,1441,522
1200: 855,362,1425,275,1399,1686,473,1243
1201: 758,407,1242,612,1010,655,289,1495,399
1202: 86,1452,1320,372,683,1280,924
1203: 12,1794,688,2006,1610,1602,720,783,1856,82
1204: 886,1045,1351,199,944,1277,447
1205: 268,1319,976,1296,740,974,1161,771,822,1037
1206: 76,1224,1590,57,793,1165
1207: 1801,1115,197,573,1188,1612,1177,146,457
1208: 1215,879,1875,770,1641,174,305,680
1209: 158,1864,568,367,1011,883,1445,1379
1210: 77,183,376,1607,963,587
1211: 1107,1953,829,231,685,263,303
1212: 716,1026,1790,1609,800,1576,1561,1284,1810,933
1213: 525,1078,1060,1179,304,1536,1527
1214: 257,1704,1159,850,441,986,491,418,537,1649,1383,330
1215: 1579,879,1208,358,402,1871,174,305,680,1094
1216: 77,183,624
1217: 1832,1343,1675,84,1439,1485,725
1218: 1503,1833,1379,754,1127,1824,367
1219: 308,1517,852,1747,818,469,416
1220: 423,1614,1601,1174,1003,1023,1228
1221: 695,1453,401,1606,669,393,55
1222: 102,343,1990,1366,1798,847,965,1891,329
1223: 1716,1448,825,676,1324,1548,1877,1313,1513,1673
1224: 1206,1590,598,793,1039,1462
1225: 1103,1444,1769,796,1920,1376,1722
1226: 614,868,1334,561,750,743,1169
1227: 218,1153,1056,1076,1827,880,103
1228: 805,739,1050,423,1220,1174,1726,1700
1229: 1541,1898,78,268,496,1319,1638,296
1230: 735,971,1508,123,176,1942,428
1231: 357,1525,1519,677,701,736,895,1631,215,229
1232: 111,992,1410,748,1509,817,966,117
1233: 1885,1583,1775,217,451,510,1965,840
1234: 842,376,107,1027,27,935,624,183
1235: 1315,1937,1870,828,1846,837
1236: 1098,1542,281,1058,901,1126,1943
1237: 787,1128,1073,2016,88,1278,1428
1238: 270,314,411,415,1809,957,1096,154
1239: 574,986,924,1087,502,683
1240: 354,1358,756,1634,1696,1718,1071
1241: 251,1927,794,1132
1242: 758,1258,1201,407,289,524,1495,369,482
1243: 1301,473,990,1167,1200,275,1948,1784,2004
1244: 1966,396,90,1368,869,1814,755,677,1922,357,1525,207,617
1245: 1054,1190,1255,799,666,1637,1007,1957
1246: 311,1265,1843,1632,811,1013,1407,1689
1247: 848,1699,711,1304,91,740,1929
1248: 706,810,1306,619,946,364,1759,469
1249: 1885,1583,1133,928,24,1878,898
1250: 802,1972,834,332,291,705,741
1251: 567,862,1337,51,956,480,1522,628
1252: 1666,46,73,1331,1411,1502,98,1360,1382,910,1997,1288
1253: 64,1293,1609,1272,1260,1313,1309
1254: 1350,1795,2013,1945,1935,1681,1834,1599,1868
1255: 1054,1190,1264,799,1245,1974,968,1618,833,265
1256: 846,1930,380,434,186,1047
1257: 860,1460,1002,1521,523,1739,789,953,1183,1639
1258: 333,758,1554,407,1242,1429,369,1836
1259: 1845,105,440,422
1260: 208,1877,676,46,1331,1253,1293,1272,165
1261: 716,1026,1790,1309,64,1609,210,592
1262: 590,901,239,859,315,1838
1263: 584,421,1143,1851,1849,1791,336
1264: 1190,1255,1618,265
1265: 1246,311,1843,891,1687,1632,558,1392
1266: 1944,235,1338,1697,1543,633,33,1178
1267: 461,321,591,658,1955,1923
1268: 481,669,113,393,571
1269: 518,1163,1692,148,1623,1821,557,1057
1270: 1350,2013,1661,1860,1443,234,290,1708
1271: 1118,1940,195,2019,876,1033,1431,23,719,141,562,1526
1272: 1253,1293,676,1260,1877,1313,1513
1273: 209,1082,1941,710,1185,864,767
1274: 1530,538,979,353,565,1000
1275: 402,1871,1062,643
1276: 422,911,1986,1845,1802,715
1277: 222,1904,1152,1874,886,1204,199
1278: 88,478,1694,1862,47,1128,1237
1279: 1813,1151,1040,561,1169,1405
1280: 455,938,937,935,86,1452,1202,842,107
1281: 1459,1748,529,960,838,1020
1282: 75,264,1339,1587,245,589,424
1283: 1633,1095,1353,485,1180,2001,964,95,1328
1284: 1576,1561,1476,1808,1810,1026,1212,933,989,1531
1285: 233,692,1097,1437,1184,1333,943,507,1155
1286: 42,337,594,1409,1492,762,514,865
1287: 159,82,540,118,1662
1288: 1382,809,910,1997,1157,1502,1915,73,1252,1985
1289: 144,1356,1730,1994,392,1130,1552,517,1124
1290: 14,1728,1549,1626,204,203,412
1291: 657,730,1819,1563,1551,1532,1059,1433
1292: 91,1296,1989,832,426,771,1037,1014
1293: 64,1253,1609,1272,1260,165,1021,800
1294: 1512,1069,1919,1515,15,1582,1514
1295: 387,732,13,511,359
1296: 91,740,1292,974,771,1037,1014,1205,976
1297: 398,225,151,1435,723,180,179,1987,35,1574
1298: 272,871,797,167,1307,1413,917,101,621,1008
1299: 1162,1503,1833,1658,1171,1015,484
1300: 422,911,463,704,1058,590,1126
1301: 434,1243,990,1167,1816,186,1047,1539
1302: 581,535,328,1953,263,155,1082,1941
1303: 1651,483,373,1556,340,465,1705,1866,1404
1304: 1993,1663,1697,1685,1247,1699,1022,1929
1305: 1864,568,367,1336,1528,42,1896,1770,1372,1409
1306: 626,706,810,1747,1248,1759,469
1307: 1976,1413,917,650,519,871,1298,1034
1308: 1774,987,319,1992,2,1079,1848
1309: 395,1313,1513,64,1253,210,863,1261
1310: 1488,244,1475,345,981,712,1897
1311: 1729,1373,1173,1498,1560,1655
1312: 417,1771,767,906,1903,1328,1095,2001,1732,710,964,600
1313: 395,1309,1513,1673,1223,676,64,1253,1272,210
1314: 513,1961,503,1036,1743,10,365
1315: 87,1937,1235,1870,1650,410,466,356,1540
1316: 359,429,526,546,732,76
1317: 846,1592,1930,1701,23,2003,1987,1139,1118
1318: 350,135,456,1909,403,970,1025
1319: 268,496,1205,976,1161,771,877,1229,78
1320: 1202,372,683,924,54,123,1591
1321: 241,1375,1916,731,934,660,166,773,700
1322: 585,539,622,1006,779,1680,1589
1323: 110,1121,543,1461,1812,1354,580,648,887
1324: 1736,1766,694,1731,1682,1223,825,100,1548
1325: 953,575,1639,1146,1461,1854
1326: 388,508,1494,870,139,1523,182,262
1327: 965,642,1194,814
1328: 1771,1312,1095,1283,2001,964,2020,600
1329: 94,312,1793,1740,181,1832,1343
1330: 1510,1648,823,249,1746,194,1755,178,1081,1388
1331: 46,73,1252,1411,1260,910,165,1009
1332: 1772,83,606,646,556,738,1593,1566
1333: 298,603,950,943,554,1437,1184,507,233,1097,1285,1562
1334: 614,1458,868,1226,1433,743
1335: 918,1391,1702,1664,65,656
1336: 1864,568,1305,367,1162,1503,42,1372
1337: 1849,567,862,1942,1653,1251,171,1763,1143,428
1338: 1944,235,1266,1515,15,633,1468,33
1339: 75,264,1282,589,424,116,260,1926,790
1340: 131,780,1660,1779,1799,1746,1357,1129
1341: 754,1127,1950,1797,796,352
1342: 445,892,2015,378,867,1938
1343: 1832,1217,1675,84,1329,181
1344: 261,1924,573,1188,255,385,457,555
1345: 193,1736,1766,1650,466,1678,356,1540,1685,1448,825
1346: 1799,160,220,1646,1779,1467,488,668
1347: 1367,1754,908,922,566,639,326,1900
1348: 212,439,1440,757,959,1880,977
1349: 1677,388,508,1632,262,1843,1772,558,1392,83
1350: 1254,2013,1945,360,1270,1935,1661,1860
1351: 886,1045,1204,944,37,1787
1352: 273,813,1744,452,1883,1114,243,1369,1733
1353: 1633,1095,1283,485,1142,1384,1629
1354: 1377,499,747,1016,16,580,1146,120,1489,1812,1323
1355: 297,331,1113,1164,99,595,418,584,330,1958
1356: 1730,1289,1430,1130,856,1951,1552,1124
1357: 1746,194,690,1755,1129,1779,1799,1340
1358: 354,1950,1797,1240,1634,1718
1359: 52,1371,741,1886,802,192,152,175
1360: 250,1502,98,1666,1252,1411,1997
1361: 842,376,1607,86,372,123,1508
1362: 1024,1544,1096,1752,1809,1138,224
1363: 1893,200,345,68,981,1192,781,2018,645,1488
1364: 1103,1444,984,644,718,1713,1090
1365: 1944,235,1543,714,87,791,1540
1366: 102,545,343,1990,1222,1798,278,815,847
1367: 1347,788,1754,908,922,785,1477
1368: 1966,396,90,869,1244,216,66,198,1038,1380
1369: 243,122,1352,1883,991,1733,1741,149
1370: 61,446,1756,1978,1446,1801,197,1148
1371: 52,1359,276,280,872,242,192,1104
1372: 594,1409,1492,1305,1336,1162,42
1373: 1729,1311,1655,968,833,620
1374: 479,604,1500,1656,202,108,1888,119,1416,853
1375: 241,400,432,1916,1321,934,978,300
1376: 1478,1920,1156,302,1103,1769,1225
1377: 499,747,790,1016,1354,120,1489
1378: 1442,784,277,831,348,455,927,727
1379: 1445,352,1127,1864,367,1209,1218
1380: 1493,198,1038,1017,1985,74,1368
1381: 1583,365,928,1961,503,1775,1480
1382: 809,910,1288,73,1252,1009,729,145,1907
1383: 595,418,588,537,1649,142,441,611,1890,1214,850,297
1384: 347,766,742,635,1142,1180,1353,485
1385: 1483,792,883,158,568,256,1528,1770
1386: 510,760,1149,576,951,851,749,1906,476
1387: 2000,104,2021,453,1749,835,896,1895,286,1680,106
1388: 2003,252,179,1081,1987,1330,1746,1755,1129,1660,1592
1389: 201,475,1077,132,1066,1067,1172,70
1390: 1074,1667,161,1046,2021,1749,649,585,638
1391: 918,1335,65,1451
1392: 1772,558,83,1632,1349,1265,1843,1687
1393: 692,1097,1582,1155,1069,1068,1514,1072
1394: 226,744,566,326,1494,870,778,1102
1395: 1573,1007,445,892,2015,1957,1807
1396: 553,242,845,1053,1559,276,872,1001
1397: 941,1841,109,1520,1972,2007,1595
1398: 430,830,1581,1091,1952,1145,394,586
1399: 1200,275,1686,1646,780,1472,473
1400: 20,1714,509,1101,495,1137
1401: 160,220,1646,28,1125,362,1686
1402: 47,67,759,1862,939,1438,995
1403: 697,162,513,1186
1404: 370,1866,1651,1556,1303,63
1405: 798,808,1169,1813,1279,56
1406: 630,847,1499,1765,1963,102,545,343
1407: 1689,941,1725,1841,1013,1246,311,861
1408: 2007,1595,1437,834,332,1773,897
1409: 594,1372,1492,1305,42,337,1896,1286
1410: 24,111,992,1878,898,1232,843,817,117
1411: 1666,46,73,1252,1331,1682,1502,98,1360,208,910,1997
1412: 40,1613,1727,1711,663,1105,1450
1413: 31,1307,1976,917,797,912,650,519,621,871,1298
1414: 203,1840,659,435,1910,1859
1415: 1751,1120,821,1474,18,1745,1051,1988,1062,1881,453
1416: 1888,119,709,2017,253,733,1374,137,1150
1417: 11,317,670,1657,379,816,1065,774,1089,1547
1418: 301,1447,1837,498,1194,1108
1419: 210,1913,493,592,863,268,496,1936,436,296
1420: 274,970,1025,1723,1760,1473,896,1881,1895,286,1588,106
1421: 1781,302,26,22,1676,1634,58,1478
1422: 1817,136,2006,1994,392,517,720,783
1423: 610,962,658,1955,812,1879,1970
1424: 193,1736,1766,694,1650,253,625,466,1150
1425: 855,362,973,1200,275,1686,189
1426: 48,2009,737,1035,609,674,1504,747
1427: 49,703,157,961,969,80,827
1428: 9,1073,787,1237
1429: 163,1905,1080,1670,333,1258,1075,1628,1199,1836
1430: 267,492,1577,844,899,1130,386,1356,1463,1730
1431: 1118,1940,195,1271,2019,1033,1767,562,1617,50,1526,490
1432: 32,882,1933,629,671,570,1052,40,1711
1433: 614,1458,1334,657,730,1291,1968
1434: 635,1947,456,1061,1006,1982
1435: 225,1767,1297,151,1987,1139,1118,2019
1436: 653,1935,1122,1698,1847,438,1681,1795
1437: 2007,554,1595,1408,1184,1333,607,897,507,1285
1438: 381,1620,939,995,1402,521,902
1439: 1217,84,1884,725,1535,45,1630
1440: 654,212,1635,1348,439,748,494,564,111
1441: 1075,745,1628,675,522,544,1199,1836,899
1442: 1378,784,831
1443: 309,1623,593,1860,1270,234,290,1645,221
1444: 1364,1103,1225,1722,1713,1557
1445: 352,504,1379,1950,1011,883,1127,1209
1446: 255,1631,229,61,895,1370,1148,1188
1447: 301,1418,155,1198,608,1998,498
1448: 1716,1223,825,1678,1685,1736,1345,1663
1449: 147,1134,806,1534,958,662,1781,26
1450: 1086,1627,518,663,1727,1412,1762,936,1555
1451: 65,1391,1865,1873
1452: 86,1202,683,455,937,1280,502
1453: 437,571,695,1221,401,669,393
1454: 1078,1963,1605,1527,60,1765
1455: 953,1183,575,1521,1761,292,1085,1043
1456: 435,1855,1549,36,919
1457: 1552,517,1857,424,75,245,720,1048,116
1458: 868,1334,1433,909,730
1459: 1281,1748,1605,838,1020,60,1029
1460: 860,1002,1257,523,713,1076,1827
1461: 110,1121,1812,1323,952,1146,1489,575,1325,1854
1462: 764,1039,969,793,1224,49
1463: 144,1730,1842,1577,1430,1044,1144
1464: 14,1728,907,126,458,1523,96
1465: 1786,266,563,461,591
1466: 513,1961,503,1186
1467: 840,488,668,223,1775,761,217,451,1346
1468: 818,33,1147,85,1919,1515,626,1747,1338
1469: 666,1869,1622,246,114,2018,645,345,1488,1475
1470: 1981,306,1946,134,109,583,1520,1725
1471: 239,1158,1834,1868,671,859,570
1472: 131,780,380,1399,434,473,990,1047
1473: 933,342,989,34,1760,1420,1723
1474: 1751,821,1415,1062,1672,1134,806,453
1475: 1488,1310,244,1482,345,1869,1622,1469
1476: 1576,1561,1284,1021,800,929,1570
1477: 922,785,321,1923,788,1367
1478: 1920,1376,1156,1421,302,1797,58
1479: 1796,1624,1084,180,184,582,1976,650,519,1574
1480: 1775,900,761,365,1961,503,1381
1481: 181,923,1675,454,444
1482: 1488,244,1475,1869,378,1093,615
1483: 1385,792,1111,156,1100,883,158
1484: 489,983,1140,1742,1825,227,678,1715
1485: 1832,1217,324,213,1884,725,1092,1892
1486: 1975,1612,1177,146,942,347,7,766,742,154,957
1487: 1949,597,865,1717
1488: 1310,244,1482,1475,645,1363,345,981,1469
1489: 1146,120,1377,499,1354,1461,1812
1490: 1904,1152,715,704,315,1912,777
1491: 1651,483,373,1556,63,1594,1608,1956,1691,967
1492: 484,594,1372,1409,1642,1162,1286,865
1493: 198,1038,1017,1380,90,1519,1750,677,736
1494: 1394,226,639,326,870,139,182,262,388,1326
1495: 153,289,1679,1496,399,655,1201,407,1242
1496: 153,289,524,1679,1495,399,655,1964,407,769
1497: 702,1506,1818,1850,1174,1003,1700
1498: 55,1917,191,1560,1114,1311,1173
1499: 630,847,945,1406,1765,102,1839,1858
1500: 479,604,1374,202,409,702,1506,1818,765
1501: 798,808,1136,613,596,437
1502: 250,765,98,1360,1915,1757,1252,1411,1997,1288
1503: 1162,1299,1833,1218,367,1336
1504: 609,674,1989,832,308,1721,1426
1505: 1658,602,565,258,679,1967
1506: 702,1818,1497,391,1850,409,1500,202,1174,1003
1507: 521,1625,664,753,902,256,1528
1508: 971,1230,372,1361,1607,123,176
1509: 126,748,494,564,817,458,1232,310,966
1510: 1596,823,1330,249,749,184,1777,178,1796,1624
1511: 812,1879,213,794,94,30,324,1892
1512: 1294,1069,1919,1515,307,1582,1147,287,1514
1513: 395,1313,1309,1673,1716,1223,676,1823,1272
1514: 1068,1072,714,1582,1393,1512,1294,1069,1515,15,1944
1515: 1512,1294,1919,15,85,1514,818,1468,33,1944,1338
1516: 1619,548,1674,230,1166,1979,826,1107,231,685
1517: 308,1219,852,1747,633,818,33
1518: 71,1,1629,1633,2014,190,431
1519: 1750,677,701,736,374,1493,1231,1659,895,1756,1921,229
1520: 109,836,583,1470,134,941,1725,1397
1521: 860,1002,1257,1183,1455,17,915,673,292
1522: 1999,956,480,336,1849,862,1251,628
1523: 139,96,81,1464,907,744,870,881,1326
1524: 292,1085,1119,1959,11,1657,920,1822
1525: 1922,1231,357,1966,90,869,1244,755,677,701,617
1526: 50,187,490,195,1271,2019,1033,1431,562,1617,506
1527: 1748,1605,529,1060,1179,1078,1454,1213
1528: 1507,1625,753,256,1385,792,568,1305,1896,1770
1529: 608,858,1971,616
1530: 1274,979,353,283,1000,559,344
1531: 361,21,403,1284,1808,893,342,989,1025
1532: 651,909,1564,730,1291,1563
1533: 105,1004,467,477,219
1534: 1094,550,958,1871,1062,1672,1449,806
1535: 1887,121,717,1064,84,1439,45
1536: 2020,304,600,1179,1903,525,1213
1537: 1709,28,405,1125,905,206,220
1538: 577,467,1956,477,1691,63,43
1539: 703,157,1301,1167,1784,414,1816,1047
1540: 791,1678,356,1685,87,1315,1937,1650,1365,1345
1541: 1229,1898,78,1638,877,1586,1579,643,888
1542: 1098,281,1058,1236,1690,25,536
1543: 235,1266,1697,1365,791,1685,1022
1544: 1024,1362,1057,1835,1138,224
1545: 114,1741,285,991,1054,1974,246
1546: 430,1581,1113,1164,1851,1958,1791,854
1547: 177,188,1597,1724,413,1417,816,774
1548: 100,208,1877,1324,1223,825,676
1549: 1456,435,1626,204,919,203,1290
1550: 745,1628,675,572,1905,269,700,530,267
1551: 1934,579,1564,803,1819,1291,1563,1572
1552: 1457,517,1857,1124,1356,392,1289,1048
1553: 97,1764,391,1030,409,1656,202
1554: 333,758,1258,1049,845,612,163,1670
1555: 1762,936,1117,1135,518,663,1163,1086,1627,734,1450
1556: 1651,483,373,1491,1303,63,1866,1404,370
1557: 140,746,1713,1722,1444,170
1558: 708,1028,1918,956,751,1098,281
1559: 276,294,280,1887,1053,1805,1041,1396
1560: 1498,1114,813,1311,1173,1655
1561: 1576,1476,1284,1810,1609,1021,800,716,1212
1562: 233,692,1333,603,943,1928,1640,1018,828
1563: 1819,1291,1564,1551,1934,651,1532
1564: 1758,1176,129,1551,1934,651,1532,1563
1565: 856,1951,996,874,240,1857,1124,75,245
1566: 236,325,460,1332,738,1593
1567: 130,1116,44,1825,232,227,672,1664
1568: 1585,1900,134,698,807,1754,1981
1569: 12,1794,688,540,38,1662,218,1031,713
1570: 893,1867,1659,929,1576,1476,1808
1571: 772,864,125,1979,230,1107,685,263
1572: 1819,1551,803,884,92,1044,1059,1811
1573: 1007,1395,892,1807
1574: 35,650,519,1796,1084,1479,180,398,1297
1575: 130,826,44,936,1135,1615,1627,734,1166
1576: 1561,1476,1284,1808,1021,929,1212,893,1570
1577: 1430,844,899,1130,1842,1783,386,1044,1463,1730
1578: 631,383,1786,266,684
1579: 1215,879,1638,497,1586,1541,358,402,643,888
1580: 38,168,523,533,1739,903,688
1581: 430,1546,830,1398,299,1113,1164,854
1582: 607,897,507,1155,307,1393,287,1512,1294,1069,1514
1583: 1381,1885,1233,1249,928,1775,217
1584: 1688,1197,756,406,726,1668,284,932,947
1585: 1568,1900,134,341,1981,889,1725
1586: 1638,877,464,497,1541,1579,879,888
1587: 75,1282,245,589,874,240,505,875
1588: 896,1881,1895,286,500,1988,1760,647,274,1420
1589: 71,1,1006,1142,1947,539,622,1322
1590: 76,1224,1206,598,429,1973,916
1591: 54,1763,839,924,1320,257,1159
1592: 1317,846,1129,1660,2003,1388,1139
1593: 1889,1063,1332,83,606,460,1566
1594: 667,1608,735,340,483,373,1491
1595: 2007,1408,1437,1397,1841,1972,834,897
1596: 476,1510,823,249,749,752,623,1906,1777,1624
1597: 1547,177,188,413,390,2,987,1992,1969
1598: 1604,1683,1778,1181
1599: 1158,1834,1935,1844,1681,1254,1795
1600: 39,718,1074,585,539,984,638
1601: 423,1614,1220,187,490,999,1023,1829
1602: 1610,720,783,116,1856,2006,12,1203
1603: 468,1011,1168,599,1718,1720,228,354,1950,504
1604: 1598,681,1683
1605: 1459,1748,1527,1078,1454,60,1029
1606: 401,334,1221,393,55,191,2008
1607: 1361,842,376,1210,971,1508,587
1608: 1594,667,51,373,1491,940,967
1609: 64,1253,1293,800,716,1212,1261,1790,1561,1810
1610: 1602,720,116,1856,424,1926,397,12,1203,168,533
1611: 1782,310,425,881,728,81,804
1612: 1975,1486,1177,1207,573,457,520
1613: 40,1727,1412,1131,605,1086,2002,459
1614: 1220,1601,1003,1850,187,490
1615: 1086,2002,1627,734,936,130,1575,44
1616: 930,323,66,1726,216,1050,299
1617: 391,1030,1141,1850,409,1767,151,1431,50,1526,490
1618: 833,620,265,1264,1255
1619: 1516,1674,230,993,1882,1979,224
1620: 381,939,1438,72
1621: 804,1083,1647,81,728,1677,1768
1622: 666,1869,1637,246,1469,1475
1623: 593,931,1443,1645,221,557,1269,148
1624: 178,1796,1084,1479,1596,1510,184,1777
1625: 1507,753,256,1528
1626: 204,346,1549,1635,14,1728,1290,494
1627: 1086,2002,1615,734,1450,1727,936,1555,1117,1135,1575
1628: 1075,745,1550,1441,675,1905,1429,530,1199
1629: 71,1,1518,1142,1633,1353
1630: 45,89,115,1684,1439,1055,1884,725
1631: 873,255,351,215,1446,229,1231,1148
1632: 262,811,1013,1349,388,508,1246,1265,1843,1392
1633: 1095,1283,1353,1518,1629,2014,2020,304,431
1634: 22,1676,1696,1421,1071,1358,1797,1240,58
1635: 654,439,1440,1626,204,346,14,494,564
1636: 371,1820,955,141,562,1735,611,1890
1637: 666,1869,1622,1245,2015,1957
1638: 877,464,497,1586,1161,1229,1541,78,1579,888
1639: 953,1183,575,1325,789,1146,1257
1640: 1018,1088,828,603,943,1928,233,692,1562
1641: 801,1182,1654,1875,1208,305
1642: 484,594,1492,322,1738,597,865,1717
1643: 1665,757,959
1644: 1170,190,1712,622,71,143,39
1645: 69,234,247,290,221,1623,1443,629,148
1646: 1799,160,1346,1401,1399,1686,780
1647: 1621,1083,1677,1772,646,1737,556
1648: 476,823,1330,249,1149,150,194,690
1649: 595,418,588,537,1383,142,441,1214,850,330
1650: 87,1315,1937,1870,410,625,466,1678,356,1540,193,1424,1345
1651: 373,1491,1556,1303,63,1404,370,1956
1652: 1106,551,824,1154,93,921
1653: 1849,1942,1337,171,176,1763,839,421,1143
1654: 1641,801,1182,1761,682,1875,1959,1043
1655: 285,991,968,1733,1560,1373,1311,833,1974
1656: 604,1374,202,108,1195,1553,1764,119
1657: 11,317,527,920,379,1417,1822,1524,724
1658: 1171,1015,602,1505,1299,679,1967
1659: 1570,1867,729,929,1907,1519,374,1756,1921
1660: 131,380,1340,1129,1388,846,1592
1661: 207,1860,949,1350,360,1270
1662: 218,1153,1056,1031,1287,1794,1569,540,118
1663: 1304,1993,1678,1685,1716,1448
1664: 232,672,1116,1567,656,1335,1702
1665: 1643,757,959,1899
1666: 46,1252,1411,528,1682,250,98,1360,208
1667: 1390,161,649,1156,302,696,1769
1668: 724,284,816,1065,932,885,726,379,1584
1669: 2001,1732,964,95,314,411,1180,254
1670: 163,1429,1080,1049,448,509,333,1554
1671: 1785,559,353,124,1804,1042
1672: 1871,1062,643,1751,1474,1534,806
1673: 395,1313,1513,1993,1716,1223,676,1823
1674: 1619,1516,548,1166,993,1135,734,826
1675: 1217,1343,84,1481,181,923,121
1676: 1187,22,1634,1696,662,954,1421,1781
1677: 1349,1768,508,1621,1647,1772,646
1678: 791,356,1540,1685,1650,193,1736,1345,1663,1448
1679: 153,1496,1495,399,1964,994,549,185,1753,769
1680: 1006,779,1982,106,1895,104,1387,2021,1749,1322
1681: 438,1844,1028,653,1935,1436,1698,1254,1795,1945,1599
1682: 137,528,1731,1324,250,98,100,208,1877,1666,1411
1683: 681,1066,1778,1067,1172,1604,1598
1684: 45,89,1630,450,1064,291,1789,1962
1685: 791,1678,1540,1697,1543,1345,1022,1304,1663,1448
1686: 362,1200,1425,1399,1125,160,1401,1646
1687: 1265,891,558,1392,83,606,950,472,1889
1688: 1584,756,406,284,932,947,1071,228
1689: 1407,941,1725,341,1013,1246,311
1690: 172,751,722,577,1098,1542,536
1691: 577,1538,1956,477,967,1491,172
1692: 1269,474,518,663,1163,1105,148,69
1693: 1879,213,610,1092,1892,1800,665,1110
1694: 88,478,1278,542,1079,1707,2016,786
2022: 8
1696: 1187,22,1676,1634,756,406,954,1071,1240
1697: 235,1266,1543,633,791,1685,848,1178,1699,1022,1304
1698: 1122,1436,214,1847,1999,841,438,1681
1699: 848,1178,1247,711,1022,1697,1304
1700: 691,1915,1757,702,1497,1174,739,1228
1701: 1317,1930,23,1139,719,1118,1940,2019,876,1033
1702: 918,1335,232,672,678,1664,248,988
1703: 34,1988,647,687,592,1026,1790,1734,377
1704: 257,1159,1214,171,850,584,421,330
1705: 465,963,1866,587,483,1303
1706: 205,1019,442,978,894,776
1707: 1079,1848,1788,542,786,1694
1708: 234,247,290,2013,1270,1868,629,671
1709: 28,405,1537,1125,339,516,1984
1710: 1023,1829,366,552,1726,423,99,323
1711: 40,1412,69,1432,629,663,1105
1712: 1644,1060,1170,2014,190,1179,529
1713: 746,1557,601,1364,1444,644,641,1090
1714: 20,509,1101,1400,572,660,1080,530
1715: 1803,1140,1484,634,1742,227,678
1716: 1223,1448,825,1993,1663,1513,1673
1717: 93,921,1642,1738,470,1099,1487,597
1718: 1071,1720,228,756,354,1358,1240,1603
1719: 782,1911,417,906,443,1830,2005
1720: 599,1718,1071,228,354,1603,1168
1721: 308,852,848,711,674,1504,1989,832,91
1722: 796,1920,1103,1444,1225,170,754,1557
1723: 274,970,1420,1025,1760,342,1473,989
1724: 1547,177,188,413,284,816,947
1725: 1407,1689,941,1470,1585,134,341,1520
1726: 1710,1023,423,1050,1228,323,1616
1727: 40,1613,1412,663,1105,1086,1627,459,1450
1728: 14,1290,1464,907,1626,412,126
1729: 569,980,1373,1311,1173,833,620
1730: 144,1356,1463,1289,1577,1430,1130,1144
1731: 137,528,1150,1682,1324,694,100
1732: 2001,710,964,1669,95,411,1185,254,1312
1733: 285,1655,991,813,1352,1883,1369
1734: 436,1051,1109,377,296,1913,592,1988,1703,687
1735: 1792,827,441,611,961,371,1636
1736: 193,1324,1766,1424,1345,694,1678,356,1448,825
1737: 556,1083,1647,1780,138,763
1738: 322,470,652,679,1099,484,1642,597,1717
1739: 523,1580,903,789,1257
1740: 1793,1329,181
1741: 114,2018,1545,149,1369,285,991
1742: 37,634,1787,1140,1484,1715
1743: 1036,10,513,1314
1744: 273,1352,452,1883,1070,1056,880,243
1745: 821,1415,18,1051,1988,896,1881,500
1746: 194,690,1755,1357,1129,1779,1330,1340,1388
1747: 626,1306,818,1468,469,1219,1517
1748: 1281,1459,1605,1527,529,1060
1749: 2000,104,1387,2021,453,835,649,896,1895,779,1680,1390,1046
1750: 1519,677,736,374,1493,1017,729,145
1751: 1120,821,1415,1474,18,1062,643,1672
1752: 1096,555,520,1024,1362,1809
1753: 185,404,1147,769,85,287,549,1679,998
1754: 1347,788,1367,807,1981,1568,1900
1755: 1746,194,1357,1129,1330,252,1081,1388
1756: 61,895,446,1370,1921,1519,701,374,1867,1659,229
1757: 691,1700,1915,702,765,1502,1997,1157
1758: 1176,1564,129,651
1759: 363,469,1248,1306,364,505
1760: 34,1988,647,1473,1881,286,1588,500,1420,1723
1761: 682,1854,953,575,1455,1043,1654
1762: 936,1555,1117,1835,518,1163,1057,1450
1763: 54,123,176,839,1591,171,1942,1337,1653,428
1764: 97,1034,1195,1553,1030,1656,202
1765: 630,1406,1499,1078,1454,1963,60,1852,545
1766: 193,1324,1736,1424,1345,694,466,356,1150,825
1767: 225,151,1435,1118,2019,1431,1617,1141,50
1768: 1677,508,139,81,728,1621
1769: 1103,638,1225,1156,1667,161,1376
1770: 42,337,1896,1385,568,1305,753,1528
1771: 417,767,906,1312,1903,1328,600
1772: 1332,558,1392,83,1677,1349,508,1647,646,738
1773: 693,307,834,332,1408,607,897
1774: 319,1992,515,1815,1308,67,169,238
1775: 900,1480,761,217,1381,1233,1583,451,1467
1776: 101,768,389,1954,733
1777: 184,763,1872,749,752,1596,1510,1624,1084
1778: 1066,1683,1172,1598,1181,29,637
1779: 488,223,1799,1346,1746,690,1357,1340
1780: 752,623,420,699,1083,1737,763
1781: 1421,302,26,958,1449,22,1676,662
1782: 1611,310,425,966,458,117,133
1783: 1842,803,884,386,636,1577
1784: 57,913,1165,414,2004,1948,1243,1167,1539
1785: 1671,559,344,560,462,124,1804
1786: 1465,266,1578
1787: 37,1742,627,1351,944,983,1140
1788: 79,542,1093,615,1707
1789: 294,280,1887,1064,45,1684,450,52,1962
1790: 716,1026,1212,1261,64,1609,210,1913,592,377,1703
1791: 214,1847,1952,854,1263,1851,1958,1849,1546,1999,336
1792: 1735,80,827,441,611,491,534,537
1793: 1740,1329,94,312
1794: 12,1203,688,1569,540,2006,82,1662,1031
1795: 1254,2013,1945,1935,1436,1844,1681,1834,1599
1796: 178,1624,1084,1479,180,368,1510,184,1574
1797: 1358,1950,58,1634,1478,1920,1341
1798: 1990,1222,1366,278,782,1837,1830,642
1799: 160,1346,1646,1779,488,1357,780,1340
1800: 1055,1884,1092,1892,1693,213,1175,665,1110
1801: 1115,197,1207,1148,1978,446,1370,361
1802: 222,1904,1152,715,1276,1986,1112,1874
1803: 914,248,1715,634,232,227,678
1804: 1671,1785,124
1805: 1053,201,1077,1041,1826,1559
1806: 775,43,467,219
1807: 1573,1395,445,892
1808: 1576,1284,893,1570,933,989,21,1531
1809: 270,1238,1096,1752,1362,1138,1882,295
1810: 1561,1284,1609,800,716,1026,1212
1811: 92,686,1902,1044,1059,803,884,1819,1572
1812: 1121,1461,1323,1354,580,1146,1489
1813: 1151,1279,1040,1405,926,1960,56
1814: 586,1193,755,427,396,869,1244
1815: 1774,1992,515,156,512,169,238,1111
1816: 186,1032,1047,1301,703,157,1539
1817: 1422,972,136,1994,392,1863,41
1818: 702,1506,1497,409,604,1500,202,765
1819: 657,1291,1563,1572,1551,803,1059,1811
1820: 371,1636,141,186,1032,719,876
1821: 1983,557,1269,1163,1024,1057
1822: 11,1657,379,1524,1085,1959,801,724,1065
1823: 640,1929,1861,1993,395,1513,1673,976,863
1824: 170,754,1127,140,1833,1218
1825: 227,672,489,1484,1567,44
1826: 164,444,975,132,717,1805,1077,1041
1827: 1153,1227,1076,1460,1002,880,103,17,1191
1828: 65,532,303,656,128,1116,826,231
1829: 1710,1023,366,552,1932,999,1601,297
1830: 301,1837,2005,278,782,1719,1798,642
1831: 17,618,673,857,292,1119,200,68,781,920
1832: 1217,1343,1485,1329,94,324,725,1892
1833: 1299,1503,1218,1127,1824,140,1171
1834: 239,1158,1599,1471,1868,1254,1795,570
1835: 1762,1117,1135,1544,1057,224,993
1836: 487,369,1199,1429,333,1258,1075,1441
1837: 301,1418,1830,2005,278,1798,642,1194
1838: 315,1912,1052,1262,1933,859
1839: 849,1858,462,124,560,630,945,1499
1840: 203,412,1414,778,1102,435,1910,1859
1841: 1407,941,1397,861,2007,554,1595
1842: 1783,884,386,1577,1044,1463
1843: 1246,1265,1632,811,1349,388,558,1392
1844: 708,438,1028,1681,1795,1158,1599,1943
1845: 1986,1259,422,1276
1846: 1018,1088,828,355,1995,837,1937,1235,1870,1954,410
1847: 214,1091,1791,1952,854,1999,1122,1436,1698
1848: 1079,1707,338,2,987,1308
1849: 862,1337,1653,421,1143,1263,1791,1522,336
1850: 391,1617,409,490,1506,1497,1614,1003
1851: 584,421,1263,1958,1546,1791,854,336
1852: 60,283,560,1029,630,945,1765
1853: 70,1189,1049,448,1172,475,1137,637
1854: 547,1761,682,110,1121,1461,952,575,1325
1855: 1456,435,36,383,659
1856: 1610,1602,116,397,12,1203,688,168,533
1857: 1552,1457,517,1124,424,1565,856,874,75,245,1048
1858: 1839,849,847,1499,102,1891
1859: 922,1910,785,1840,1414,778,908
1860: 1661,1350,1270,309,1443,234
1861: 640,1929,1823,974,740,976
1862: 1278,47,67,1402,72,1128,939
1863: 320,578,1196,41,1817,972,1996
1864: 158,568,1305,367,1209,1336,1379
1865: 661,1123,1873,1451
1866: 465,1705,483,1556,1303,1404,370
1867: 893,1570,1978,1659,446,1756,1921
1868: 1834,1471,1254,2013,1708,671,570
1869: 1622,1637,1469,1482,1475,2015,378
1870: 1315,1937,1235,1650,1846,1995,1954,410
1871: 358,402,1275,1062,643,1672,1215,1534,1094,550
1872: 184,138,763,1777,582,1084,31,1976,650
1873: 661,1865,1005,65,532,1451
1874: 1112,222,1802,1152,1277,886
1875: 547,682,770,110,879,1208,1641,1654,305
1876: 62,843,977,1925,1133,1878
1877: 100,208,1260,1548,1682,1223,676,46,1272
1878: 24,1410,898,843,1876,1133,928,1249
1879: 1693,812,1970,1511,213,1423,610,1892,1110
1880: 757,1348,62,977
1881: 896,1895,286,1588,500,1988,1760,647,821,1415,1745,1420,453
1882: 125,1138,1979,295,224,270,1809,1619
1883: 273,813,1352,1744,452,880,243,1369,122,1733
1884: 1055,725,1092,1892,1800,1439,1485,115,1630
1885: 1233,1249,1583,24,898,59,510,1965
1886: 52,1962,741,1359,450,280,802,192
1887: 1535,717,1064,1041,1559,294,1789
1888: 119,1416,479,1374,137,528,1150,250,853
1889: 1928,1593,1063,1687,606,603,950,472,1088
1890: 1932,501,955,1636,562,441,611,588,1383,142
1891: 329,847,102,1222,1858
1892: 1884,725,1092,1800,324,1693,1879,1511,213,1832,1485
1893: 1363,200,345,981,1192,781,527,920,1897
1894: 1938,408,795,259
1895: 896,1881,286,1588,274,1420,104,1387,2021,1749,1680,106
1896: 42,337,819,1770,1305,753,1528,1409
1897: 712,1089,1893,981,317,527,1310
1898: 1229,1541,1109,296,643,888,1120
1899: 382,1665,959,346,654
1900: 1568,1585,1347,1754,639,326,889
1901: 260,1926,397,499,533,903
1902: 92,686,1044,1811,1144,1994,578,41
1903: 1771,906,1312,2020,600,1536,525,1911
1904: 1490,222,1802,1152,715,1277,777,199
1905: 163,1429,1080,530,1075,1550,1628
1906: 749,623,951,851,420,1386,1596,476
1907: 729,929,145,73,1382,809,910,1021,1009,1659
1908: 516,1984,189,689,925
1909: 350,135,1318,361,403,1115,146,942
1910: 684,785,1859,631,659,1840,1414
1911: 782,815,1719,906,1903,279,525
1912: 315,777,1052,1838,531,1490
1913: 210,1419,493,592,496,1790,436,1734,377,296
1914: 1983,557,385,261
1915: 691,1700,1757,1502,1997,1157,1288
1916: 241,400,1375,1321,731,166,773,541
1917: 55,191,1498,481,113,393,980,1173
1918: 1999,841,956,480,751,1558,438,1028
1919: 1512,1294,1515,1147,85,287,1468
1920: 796,1478,1376,1722,1797,1225
1921: 895,446,1756,1519,736,374,1867,1659
1922: 357,1525,90,869,1244,755,207,617
1923: 321,1267,1955,1477,962,788
1924: 261,1344,1188,873,255,385
1925: 271,1133,1939,384,62,1876
1926: 260,397,1901,424,1339,1610,116
1927: 237,251,1241,794,658,812,1970
1928: 1889,1063,603,950,943,472,866,1562,1640,1018,1088
1929: 1823,1861,1247,1304,1993,740
1930: 1317,846,1701,1256,23,380,186,1047,719
1931: 293,894,1181
1932: 501,1890,999,595,588,142,1829,297
1933: 32,882,1432,859,570,1052,1838
1934: 1551,541,579,1564,129,1563
1935: 653,1122,1436,1145,1681,1254,1350,1795,1945,360,1599
1936: 268,496,976,640,1419,493,863
1937: 87,1315,1235,1870,1650,828,1846,837,714,1540
1938: 1894,445,1342,867,259
1939: 10,271,365,1925,1133,928
1940: 1118,195,1271,2019,876,1033,1431,1701,23,719,141
1941: 155,1273,1082,864,1953,263,1302
1942: 567,1337,1653,176,1763,839,1230,428
1943: 901,708,1844,281,1236,239,1158
1944: 235,1338,1266,1365,1515,15,1514,1072,714
1945: 1254,1350,1795,2013,360,653,1935,1681
1946: 1175,665,1981,306,1470,134,583
1947: 1434,635,1142,1006,1,1589
1948: 721,820,855,275,1243,1784,913,1165,2004
1949: 514,1487,597,865,594
1950: 354,1358,1797,1603,1445,352,504,1341
1951: 327,1565,856,1977,996,522,492,1130,1356,1124
1952: 214,1091,1791,1847,854,430,1398,1122
1953: 1211,829,685,263,1941,535,1302
1954: 410,253,625,466,733,1846,101,1995,768,1776,389,1870
1955: 461,658,1267,1923,1970,1423,962
1956: 1538,1691,967,1651,373,1491,63,43
1957: 892,2015,1245,666,1637,1007,1395
1958: 584,1851,330,1355,1113,1164,1546,1791,854
1959: 1524,1085,1043,801,1654,1822,724
1960: 401,334,56,1813,695
1961: 513,1466,1314,503,1186,1381,206,900,1480
1962: 52,1886,1064,1684,450,294,280,1789
1963: 279,1078,1454,815,1406,1765,545,343
1964: 152,985,994,549,1679,1496,399,185,769
1965: 318,451,510,760,1885,1233,217,851,840
1966: 396,90,1368,869,1244,198,1525
1967: 322,652,679,1099,1658,1505,565,538,1154
1968: 657,686,1059,614,1433,578,750
1969: 987,1992,515,1597,413,390,512
1970: 812,1879,237,1927,794,658,1955,1423
1971: 581,616,1160,328,1123,608,1529
1972: 1250,834,109,705,1397,1595
1973: 429,526,632,76,1590,598,916
1974: 1054,1190,1255,799,285,1655,968,1545,833,265
1975: 1486,1612,1177,1096,520,154,957
1976: 31,1307,1413,917,1872,582,1084,1479,650,519,871
1977: 327,856,1951,996,874,173,544,449,433
1978: 893,1867,446,1370,361,21,1801
1979: 125,1138,1882,295,224,1619,1516,230,772,1571,685
1980: 283,1029,1000,1020
1981: 313,1175,665,1946,1470,698,807,1754,1568,1585,134,583
1982: 1006,1680,106,274,970,456,1434
1983: 1821,1914,557,385,261,555,1024
1984: 516,1908,339,890,1709
1985: 198,1038,1017,1380,691,74,809,1157,1288
1986: 1845,1276,1802,1112
1987: 2003,252,179,1388,1139,368,1317,398,225,1297,1435
1988: 1703,1760,647,687,1734,1051,821,1415,18,1745,1881,1588,500
1989: 609,1504,832,1721,1035,91,1292,16,426,1014
1990: 102,343,1222,1366,1798,278,965,642,329
1991: 878,938,937,502,764,1039,1087
1992: 1774,987,319,515,1815,1308,1969,1597,512,238
1993: 1304,1663,1716,1929,1823,1673
1994: 144,392,1289,1902,1144,41,1422,1817
1995: 101,768,1008,866,1088,355,1846,1870,1954,410
1996: 159,926,127,1196,1863,972,1151,1040
1997: 910,1157,1288,1502,1360,1915,1757,1252,1411
1998: 608,498,155,1198,616,328,1447
1999: 1918,841,480,1522,336,214,1791,1847,1698
2000: 1387,453,1749,835,649,147,1134,696
2001: 1732,964,1669,95,1095,1283,485,1312,1328
2002: 1086,1615,1627,459,1613,489,44
2003: 252,179,1987,1388,1139,1317,1592
2004: 1784,913,855,275,1948,1243,1167
2005: 301,1837,1830,417,1198,443,278,782,1719
2006: 1422,972,136,1602,783,127,82,1203,1794
2007: 554,1595,1408,1437,1184,1397,1841,861
2008: 191,1114,334,1606,349,452
2009: 48,1426,737,875,264,589,747,790
2012: 174,288,726,305,680,1182,1197
2013: 1254,1350,1795,1945,1270,1868,234,1708
2014: 190,1712,1179,71,1518,1633,2020,304,431
2015: 892,1342,1957,1869,1637,1395,378
2016: 408,1073,795,1012,786,88,1694,1237
2017: 272,389,108,101,253,733,119,1416,709
2018: 114,1741,149,645,196,1363,200,345,68,1192,1469
2019: 1118,1940,195,1271,1033,1431,1139,1701,1767,1435,50,1526
2020: 304,600,431,1536,1633,1095,2014,1903,1328
2021: 104,1387,1749,649,1895,779,1680,1390,1046,585