0: 2023
1: 1589,1947,1142,1629,71,1518
2: 1308,1848,338,188,987,1597
3: 
4: 2024
5: 
6: 613,1136,596
7: 742,766,635,942,1061
8: 2022
9: 1428,1073,408
10: 486,1036,271,1743,1314,365,1939,503
11: 1524,379,1822,920,527,1417,317
12: 533,688,168,1856,1610,1602,1203,82,1569,1794
13: 387,925,1295,855,820,511
14: 1626,1635,1290,494,126,1728,1464
15: 1294,1514,1515,1919,1944,1072,1338
16: 580,1035,1016,609,1989,426,648,1354
17: 292,673,915,1191,1002,857,618,1831
18: 1751,1051,1415,1745,1109,1734,687,1120,1988,1474,821
19: 449,282,419,482,946,619
20: 660,934,1019,1101,442,1400,1714
21: 361,403,1531,893,1978
1994: 144,1902,1144,1289,392,1817,41,1422
1997: 1757,1915,1360,1502,1252,1288,910,1157
24: 1878,1410,1249,1133,992,1885,898
25: 1004,536,440,1058,1542,1126,463
26: 696,147,1449,1781,662,1676,302
27: 624,1027,935,1234
28: 905,220,1537,1401,1709,1125,160
29: 293,1181,495,1778,637,1172,1137
30: 1132,794,312,812,94,324,213
1989: 1292,832,1504,1721,609,91,16,1014,426
32: 605,982,1432,1933,1052,1711,40
33: 1338,633,1266,1515,818,1468
34: 1026,1703,933,989,1760,647,1723,1473
35: 1034,519,97,1574,723
36: 375,919,1855,1456
37: 1787,1742,1351,634
38: 533,688,1580,168,1569,713,523,1739
39: 539,1600,1644,622,718,143
40: 1711,1412,1613,1432,32,605,982
41: 1817,578,1863,686,1902,1994,320
42: 337,1896,1336,1305,1770,1409,1372,1286
43: 1806,775,467,63,1538,1956
44: 1825,1567,1615,489,130,1575
45: 1439,1535,1630,115,1684,1064,89
46: 1411,1331,1666,1877,208,1260,165
47: 1128,1862,1278,478,67,238,1402,939
48: 1426,737,264,2009,790,747,1035,1016
49: 157,1427,414,793,1462,969
50: 1431,2019,1141,1767,151,1617,490,1526
51: 567,667,1251,940,862,1608,628
52: 276,1371,280,1962,1886,1359,192
53: 258,601,838,641,602,1020
54: 1763,839,1591,1320,372,123,176
55: 1606,113,393,1221,191,1498,481,1917
56: 1960,695,1279,808,1405,1813,437
57: 414,1784,1948,1165,793,1206
58: 1634,1240,1358,1781,1676,1478,1421,1797
59: 851,992,117,576,510,898,951
60: 630,1765,1852,1454,1605,1029
61: 1756,446,1921,1446,229,895,1370,1148
62: 1880,384,977,1925,1876
63: 1404,370,1651,1491,1556,1956,775,43
64: 716,1609,1790,1261,1309,1253,210
65: 656,1335,532,1828,1873,1391
66: 216,1616,930,427,1038,396,1368
67: 169,238,1774,1862,47,1402,939,995,759
68: 1363,1831,781,1119,1893,200,1192,196,618,981
69: 1105,1711,1645,247,629,1692,148
70: 1066,475,637,1389,1172,201,1189,1853
71: 1644,622,190,1589,1,1629,1518
72: 787,1128,1862,939,1620
73: 1411,1331,1252,1288,910,165,1907,1009
74: 805,739,691,1985,1380,1038
75: 1457,424,1857,1282,1339,245,1587,1048
76: 546,429,1165,721,1973,1206,1590
77: 1216,183,1210,963
78: 1638,877,1161,1319,1229,1541
79: 542,786,1012,378,1093,1788,867,259
80: 1087,969,1427,827,1792,574,534
81: 139,1523,1768,881,96,728
82: 1203,540,1794,2006,159,127,12
83: 1332,606,1593,1349,1772,1392,1687,472,558
84: 1439,1217,1535,1343,121,923,1675
85: 1919,1147,404,810,626,1468
86: 1361,842,372,1452,1027,107,1202
87: 714,1365,837,1870,1540,1315,1937,1650,791
88: 1073,786,2016,1694,1128,1237,1278
89: 291,450,1630,45,115,316,1684
90: 1966,396,1244,1368,198,1493,869,736,677,357,1525
91: 740,1296,711,1247,1292,832,1989,1037
92: 1059,1572,686,1811,884,1902,1044,1144
93: 1717,470,1652,551,921,1154
94: 1832,324,312,30,1793,1329
95: 2001,314,1180,1669,1732,1283,485
96: 126,907,1464,458,310,1523,81,881
97: 35,1034,723,1030,1553,1764
98: 250,1360,1502,1666,853,528,1682,1411,1252
99: 366,1113,552,1164,323,595,297,331,1829,1355,299
100: 1682,1731,1324,694,825,1666,1877,208,1548
101: 1954,733,768,1008,621,1298,272,2017,389
102: 1891,1858,1406,343,847,1222,1499
103: 1827,1191,857,880,1227,243,1744,122
104: 1895,106,286,896,835,1387,1749,1046,2021,779,1680
105: 1533,1004,440,1259
106: 1895,104,274,286,970,1387,1982,1680,1006
107: 727,1027,935,455,1452,842,86
108: 2017,1195,119,389,709,1656,1764,1374
109: 1972,1397,705,316,1470,583,1520,291,836,941
110: 547,770,1875,952,497,1121,543,464
111: 212,564,817,1878,843,1410,1232
112: 309,351,931,873,948,593,385
113: 1268,1606,669,393,55,481,1917
114: 2018,1192,149,1741,246,1545,645,1469
115: 1884,316,306,1630,45,291,89
116: 1610,1926,397,1048,1602,517,424,1339,720,1856
117: 59,992,576,1410,1782,1232
118: 1662,1287,218,1056,349,1070
119: 108,2017,389,709,1656,253,1888,1416,1374
120: 903,789,499,1901,1377,1489
121: 923,1675,1535,84,717,975,1887
122: 196,149,1883,243,103,857,1369
123: 1361,372,1320,54,1763,1508,176
124: 1804,1785,849,462,1671
125: 772,411,254,295,1882,270,1571,230,1979
126: 1728,1464,96,458,14,494,748,1509
127: 1996,159,972,2006,136,82
128: 303,1828,231,548,826,1211,1116
129: 1758,1176,1564,1934,541,997
130: 826,1575,1615,44,1567,1116
131: 846,1592,1660,380,1340,780,1129,1472
132: 1067,164,1826,975,1389,1077
133: 1906,623,951,1782,576,425,699
134: 1470,1520,1981,1946,1585,341,1725,941
135: 350,1318,1025,361,403,342,1909,456
136: 1422,2006,783,1817,972,127
137: 1888,1150,1416,853,694,528,1682,1731
138: 582,1872,1737,763,707,325
139: 1523,81,1768,870,262,1326,388,508
140: 1171,602,746,170,1713,1557,1824,1833
141: 562,955,1636,876,1271,1820,719,371,1033,195,1701
142: 595,1383,588,297,331,441,1890,1932,501,1649
143: 960,718,1600,39,1644,529,1170
144: 1730,1902,1144,1994,1463,1289,392
145: 1288,809,910,1382,1157,1985,1380,1017,729,1907,1750
146: 1115,1909,1177,942,350,1486
147: 696,26,806,1134,1449,649,2000,302
148: 1269,1692,1645,1623,557,69,1105,1163
149: 2018,196,122,114,1369,1741,1545
150: 690,194,223,840,318,823,1648
151: 723,1141,1767,1030,225,1297,1435,50
152: 802,175,1359,192,1104,985,994,693
153: 524,289,1242,1496,998,769,1679,482,946
154: 1238,957,415,1975,742,347,766,1486,1180
1991: 937,938,502,878,1039,764
156: 1815,1111,169,515,512,468,1168,1100
157: 49,703,961,1427,414,1539
158: 883,1483,1100,1011,1209,1864,568,1385
159: 926,1996,127,82,540,1287
160: 1799,1646,1346,28,220,1401,1686
161: 1103,638,1769,1667,1390,1376,1156
162: 697,405,339,1403,1186,206
163: 1080,1905,509,1670,1429,333
164: 132,454,444,1826,975
165: 1021,46,1331,73,1293,1260,1009
166: 773,731,1321,241,660,934,530,269,700
167: 797,1008,621,236,912,460,866
168: 12,38,533,688,1580,1856,903
169: 1815,67,1111,238,1774,156,319,759
170: 754,1722,796,1341,1557,1218,1824,140
171: 1653,1763,839,257,1143,421
172: 577,967,1691,1690,940,722
2005: 301,443,906,1830,417,782,1719
174: 1215,680,305,1208,550,726,288,1197,2012
175: 802,1359,152,192,332,994,693
176: 1942,1230,1508,428,123,54,1653,1763,839
2009: 589,264,875,1426,737,48,790
178: 249,1510,1624,1796,1081,1330,180,368
179: 225,1297,2003,1987,368,398,252,1081,180,1139
180: 1479,1574,178,1796,1081,179,368,398
181: 1740,1329,1343,1481,1675
182: 1494,226,262,889,639,811,1013
183: 1216,77,1210,1234,624,376
184: 1777,763,1624,1796,1872,650,1084
185: 1964,994,399,549,1753,769,1679
186: 1032,719,1047,1256,1118,1930
187: 490,1526,1614,1601,195,506,501,999
188: 1848,338,2,774,1089,1547,987,1597,413
189: 516,362,925,973,1908,1425
190: 1644,1712,71,431,2014,1518,1060,1170,1179
191: 1114,2008,1498,334,1606,393,55,1917
192: 1886,175,1359,152,242,1371,52,1104,985
193: 1736,1766,694,1650,1424,466,1678,356,1345
194: 1779,1357,690,223,150,823,1648,249,1746,1129,1755,1330
195: 1431,1033,2019,141,562,876,1271,187,1526,506,501
196: 200,2018,1192,149,618,122,857,68
197: 1188,1148,573,1207,1801,1370
198: 1966,1368,90,1493,1380,1017,1038
199: 447,1204,777,1152,886,1277
200: 2018,1192,196,618,857,1363,1831,68
201: 70,475,1389,1077,1053,1805,1189
202: 1553,1656,1764,409,479,604,1374,1500,1818
203: 1549,435,1414,1290,412,1840
204: 1626,1635,1290,919,382,346,1549
205: 300,1706,978,776
206: 1186,1961,900,405,162,905
207: 948,617,755,869,1193,1922,949
208: 1877,1548,1682,100,1666,1411,46,1260
209: 1082,1273,417
210: 863,592,493,1309,1790,1261,64,1913
2017: 272,108,1195,119,389,871,1298,101,733
212: 111,564,1440,439,1348,977,843
213: 1693,1879,1892,30,812,1485,324,1092
214: 1999,841,336,1522,1847,1791,1698
215: 1446,229,1631,1231,357,948,351
216: 1050,66,1616,930,805,1038,1368
217: 668,1775,1467,761,840,1233,451
218: 1662,118,1031,1056,1153,713,1227
219: 1533,1806,467
220: 905,28,1537,1401,668,488,160,1346
221: 234,1443,290,1645,1623,593,247,1270,1860,309
222: 1112,1874,1802,1904,715,1152,1277
223: 1779,690,194,150,451,1467,840,488,318,1346
224: 1619,993,1674,1544,1835,1138,1362,1979
225: 1297,179,1987,1435,1139,1767,151
226: 1494,870,182,262,908,1102,566,1394,326,639
227: 1825,1484,672,1567,1803,248,1715,678,232
228: 756,1688,1071,1718,599,947,1720
229: 1446,895,1631,215,1921,677,1231,357,701,61,351
230: 1107,1571,685,1979,1619,1516,125
231: 128,303,1516,548,826,1211,1107
232: 1803,248,678,672,227,1664,988,1702
233: 1640,1333,603,943,1285,1184,1097,692,1562
234: 221,1443,290,1645,593,247,1270,1860,2013,309,1708
235: 1543,791,1697,1944,1365,1338,1266
236: 738,325,1566,912,460,866,797,167
237: 461,1927,658,563,251,1955
238: 67,169,1774,1992,319,478,47
239: 1262,590,901,1834,1471,859
240: 1565,433,904,874,996,1587,505,245
241: 166,1321,1916,978,660,934,1019,1375
242: 276,1371,280,1396,192,553,1104,1010,655
243: 273,1352,1883,1744,103,880,1369,1733,122
244: 1310,981,1897,712,1475,1488,1482,615
245: 75,1857,1282,240,1565,996,1587
246: 1054,799,666,1545,114,645,1469
247: 221,234,1443,290,1645,1270,671,629,1708,69
248: 914,1803,678,232,227,988,1702
249: 178,1510,823,1648,194,1330
250: 98,1360,1502,1666,479,853,765,528
251: 563,1241,1927,237
252: 179,2003,1987,368,1388,1755,1081,1139
253: 1424,625,1954,733,119,389,709,1150,1416
254: 1185,772,411,125,295,1669,1732,864
255: 1446,1631,873,1188,1148,573,1924
256: 1507,1528,902,753,792,1385
257: 171,839,1591,1159,1704,1214
258: 53,601,1505,602,565
259: 1938,1894,867,542,795,1012,79
260: 499,790,1901,747,1339,264,1926,397,533
261: 1983,1924,1344,1024,555,1821
262: 1494,226,870,182,1326,388,639,139,1843,1632,811,1013,508
263: 1302,1953,1941,772,1211,1571,685,864
264: 589,2009,1282,1339,48,260,790
265: 1618,833,620,968,1255,1190,1974,1264
266: 1578,1465,591,321,1786,684
267: 1577,386,1430,675,269,745,522,492
268: 1936,976,1205,1319,1419,1229,496
269: 1550,700,745,773,731,166,636,386,267
270: 1809,1882,1362,1238,957,415,1096,314,411,125,295
271: 486,10,1036,1925,384,1939
272: 2017,389,101
273: 1070,1352,1883,243,1744,1056,349,452,813
274: 1895,106,286,970,1420,1982
275: 1399,1200,1425,473,1243,855,2004
276: 242,1371,280,52,294,1396,1559,553
277: 916,878,927,598,831,938
278: 343,1366,782,815,1830,1990,1798
279: 1911,815,1078,525,1963,545,1366
280: 242,276,1371,52,294,1789,1962,1559,1886
281: 1098,708,1558,1236,751,1542
282: 19,449,946,619,1248,433,904,364
283: 344,560,1530,1000,1029,1980,1852
284: 1724,947,816,1668,932,1584,1688
285: 1054,1974,1545,1655,1741,991,968
286: 1895,106,104,274,1881,1588,1420,896,1387
287: 307,549,1582,1753,1919,1147,1512
288: 406,1197,954,2012,174,550,726,1187,958
289: 407,524,369,1242,153,1496,1201,399,1495
290: 221,234,1645,247
291: 89,450,741,1250,836,115,316,1684,109,705
292: 17,1521,673,915,860,1183,1455,1085,1831,1119
293: 1931,29,1181,495,1101,442,894
294: 1887,1064,1789,1962,1041,1559,276,280
295: 411,254,125,1809,1882,270,1979
296: 1229,496,1898,1419,436,1734,1913,1109
297: 595,142,331,1932,418,1829,366,552,99
298: 554,861,891,1184,1333,950
299: 830,427,1581,1113,552,99,323,930
300: 205,978,400,1375
301: 1198,443,2005,1830,1447,1837,1418
302: 1478,1156,1421,1781,696,26,147,1667
303: 128,532,1828,231,1211,829,1005
304: 2020,431,2014,1060,1527,1536,1213,1179
305: 174,1215,680,1641,1208,1182,726,2012
306: 1055,1884,665,115,316,1800,1175,583,1946,836
307: 607,549,287,1773,897,693,1155,1582,1512
308: 416,1219,852,1721,674,737,1504
309: 112,351,931,948,1860,221,234,1443,593
310: 1782,966,1509,96,458,881,1611,425,728
311: 1687,891,1689,1246,1265,861,1407
312: 1132,30,1793,94
2020: 304,1633,431,2014,1095,600,1328,1536,1903
314: 95,1180,1669,1238,415,270,411
315: 1490,777,715,1262,590,704,1912,1838
316: 1884,115,306,583,291,89,836,109
317: 774,1089,1417,11,379,527,1897
318: 476,760,1965,451,840,223,150
319: 478,1079,1308,987,1992,169,238,1774
320: 561,750,41,578,1863,1196,1151
321: 266,591,684,1477,1267,1923,785
322: 1967,1015,679,1099,484,1642,470,1738
323: 1113,552,99,1710,1726,1829,1616,930,299
324: 1485,94,1832,30,812,213,1892
325: 738,707,236,1566,912,917,582,138
326: 1347,1900,639,908,566,1394,1494,226
327: 1951,856,492,1977,522,544,996
328: 1302,535,1941,1082,1198,608,1998,1447,616
329: 965,1222,1990,1891
330: 1704,850,418,1649,1214,584,1355
331: 595,297,142,418,99,1164,1355
332: 1408,834,1773,802,175,693
333: 1075,1258,1429,1554,758,1670,163
334: 401,1606,349,191,2008
335: 605,531,982,1131,447,944,627
336: 1849,1263,1522,862,1851,1791,214,1999,480
337: 42,1896,1770,1409,762,1286,819,594
338: 1848,2,188,712,1089
339: 697,405,162,890,1984,1537,1709
340: 465,963,587,483,735,1230,1594
341: 1689,1585,1725,889,134,1013,1407
342: 1723,1473,989,403,1531,135,1025
343: 278,545,847,1222,1366,815,1990,1798,102
344: 353,1785,559,560,1530,1000,283,462
345: 645,1469,1475,1488,2018,1192,1363,1310,981
346: 382,1899,654,1626,204,1635
347: 742,766,154,415,1384,485,1180
348: 727,455,878,927,1378,831,784,938
349: 2008,452,334,118,273,1070
350: 135,1318,146,1909,942,456,1061
351: 112,309,873,948,229,1631,215
352: 1797,504,1950,754,1341,1445,1127
353: 559,344,1530,979,1274,471,824,1042,1671
354: 1720,1603,1071,1718,1240,1358,504,1950
355: 1018,1846,1235,1995,1088,866
356: 1678,1345,1540,1650,1424,466,193,1736,1766
357: 677,1231,1525,1244,90,1922,948,617,229,215
358: 1579,879,1586,1062,402,888,1215,680,1871
359: 732,1295,546,1316,511
360: 653,1145,1935,1193,1350,949,1945
361: 21,403,1801,1978,135,1115,1909
362: 516,189,1125,1401,1686,1200,1425
363: 505,1759,416,469,875,737
364: 505,1759,282,619,1248,904
365: 928,1381,1939,10,1314,1480,503
366: 552,99,297,1829
367: 1864,1445,1127,1218,1503,1336,1305
368: 1297,179,1987,398,252,178,1388,1081,180
369: 524,289,1242,1075,1258,1199,487,419,482
370: 1404,63,1866,1651,1556,775
371: 703,961,827,1820,1032,141,1636,1735,611
372: 1361,842,86,123,1202,1320,54,1508
373: 1651,1594,1491,1556,1608,483,1303,1404
374: 1519,1750,1921,736,729,701,1659,1756,895
375: 36,919,382
376: 1361,842,1607,1027,183,1210,1234
377: 1026,687,1703,592,1790,436,1734,1913
378: 1869,1342,1093,1482,867,79
379: 11,1524,1822,1065,724,1417,317,816
380: 131,846,780,434,1256,990,1472
381: 1620,521,1438,664
382: 1899,346,375,919,204
383: 1855,1578,631,659
384: 62,486,271,1925
385: 557,1983,1924,112,931,873
386: 1842,1577,1430,267,636,269,745,1783
387: 13,925,689,1908,1295
388: 1494,262,1326,139,1632,811,1349,508
389: 272,108,2017,119,709,101,733,253,1416
390: 1969,515,1597,512,413,599,1168
391: 1617,1850,409,1141,1030,1553
392: 517,1289,1552,144,1994,1422
393: 1268,1606,669,113,55,1453,1221,191,1917
394: 653,1145,1091,1935,1952,586,1436,1698
395: 1673,1309,1513,1313,1823,640,863
396: 1966,1244,1368,90,66,427,1814,755,869
397: 1610,1926,116,260,1901,533,1856,903
398: 1297,179,1987,368,1574,180
399: 1201,655,1495,185,1964,985,289,1496,1679
400: 997,1375,300,1916,541
401: 1960,695,1453,1221,334,1606
402: 1062,888,643,1120,358,1579,1215,1871
403: 361,21,1531,989,342,135,1025
404: 1753,998,769,85,1147,810,626
405: 162,339,206,905,1537
406: 288,1197,954,1584,726,932,756,1688,1696
407: 289,1242,758,1201,655,612,1495,1258
408: 9,1073,1894,2016,795
409: 391,1850,1030,1553,202,1500,1506,1818
410: 1315,1650,1846,1870,1954,1424,466,625
411: 254,125,295,270,314,1669,1732
412: 1840,744,203,1290,1728,907
413: 390,987,1969,1597,1724,947,1547,599,188
414: 57,1784,1167,1539,793,49,157
415: 1238,154,957,347,270,314,1180
416: 308,469,1219,363,674,737
417: 1082,209,1273,767,1771,443,2005,906
418: 330,1704,850,1649,1214,537,595,1383,297,331,1355
419: 19,449,482,524,369,487
2006: 783,136,972,1602,127,1203,82
421: 1849,1143,1263,1653,171,584,1851
422: 911,463,1276,1300,440,1259,1845
423: 1023,1726,1601,1228,1220,1050
424: 75,1457,1857,1282,1339,517,720,1926,116,1048
425: 1611,804,699,310,1782,133
426: 1014,648,1292,1989,580,16
427: 1398,299,830,66,930,396,1368,1814,869
428: 735,1942,1230,176,1763,567,667
429: 546,1316,76,526,1973,1590
430: 1952,854,1546,1398,830,1581,1091
431: 2020,304,1633,2014,1518,1095,190,1179
2013: 1868,1795,1254,1270,1350,1945,234,1708
433: 240,904,996,449,282,1977
434: 1301,1047,1256,990,1472,473,380,1167
435: 1549,203,1855,1456,659,1414,1840
436: 1734,1913,1419,496,296,1898,377,1051,1109
437: 596,571,808,56,695,1453
438: 1681,1028,1844,1436,1698,841
439: 1348,757,959,654,1635,212,1440
440: 1004,25,1058,105,422,463,1259
441: 1735,1890,1792,611,827,534,491,537,1383,588,142,1649,1214
442: 293,1101,894,1706,1019,20
443: 301,1198,2005,906,1082,417,1719
444: 1481,923,454,164,717,975
445: 1938,867,1573,892,1342,1807
446: 61,1756,1867,1659,1370,1978
447: 199,1204,944,777,335,531,982
448: 509,1137,1853,1554,1049,1670
449: 19,282,419,544,487,1977,433,996
450: 291,89,741,1684,1962,1886
451: 1233,1965,1775,1467,217,840,318,223
452: 349,1114,2008,273,1070,1352,1883,813
453: 896,835,1387,1474,1134,821,1749,2000
454: 1481,444,164
455: 727,107,348,927,1378,937,938,1452
456: 1434,1061,1982,970,350,135,1318,942
457: 520,1612,1188,1344,573,1207,1177,555
458: 126,1464,96,748,310,966,1509,881
459: 489,983,627,1613,605,1131,1727,2002
460: 1088,1063,866,1593,738,236,1566,1008,167
461: 658,237,563,591,1267,1955
462: 1839,849,945,1852,1785,344,560,124
463: 422,911,1300,25,440,1058,1126
464: 1638,877,543,887,110,497,1586
465: 963,587,340,483,1303,1705,1594,1556
466: 1424,625,1315,1650,410,356,193
467: 1806,43,1538,477,219,1533
468: 1168,1603,512,156,883,1100,1011
469: 416,1219,1248,1306,1747,1759,363
470: 93,1717,1738,322,652,1099,921,1154
471: 1106,551,824,1154,979,353,1042
472: 1687,891,83,606,603,950,1928,1889
473: 275,1399,1200,1243,434,990,1472,1167
2012: 288,1197,1182,174,305,726
475: 70,1066,637,1389,1172,201,1077,1067,1189,1853
476: 318,823,760,1386,1648,749,1906
477: 577,1538,1691,467,1004,536,1533
478: 319,1694,1079,238,1278,47
479: 604,1374,853,765,1500,202,1888,250
480: 628,956,336,1522,862,1251,1999,1918
481: 980,1917,1268,113,55
482: 19,419,524,369,153,946
483: 465,340,1303,1705,1651,1594,373,1556,1404
484: 1492,1299,1642,322,1015,679,1738
485: 1384,1353,347,95,1180,1283
486: 10,1036,271,384
487: 1441,1199,544,1075,369,449,419
488: 668,1467,840,220,1779,690,223,1346
489: 983,459,1140,1615,2002,1825,1484,44
490: 187,1526,1614,50,1617,1850,1003
491: 574,986,534,537,1159,441,1792,1214
492: 1356,1951,327,675,522,1577,1430,267
493: 210,863,592,1419,1936,496,1913
494: 564,1440,748,817,1626,1635,14,126,1509
495: 293,29,1181,1101,1400,1137
496: 1229,296,1319,268,1936,493,1419,436
497: 770,110,1875,543,1638,464,879,1586
498: 608,858,1998,1447,1108,1418
499: 260,790,1901,747,1377,1016,903,120,1489
500: 1760,1881,1988,1588,647,687,1745
501: 506,1932,999,195,562,955,1890,187,588,142
502: 937,1991,764,1087,683,1239
503: 1480,1961,10,1314,513,1381,365
504: 352,1950,1603,354,1011,1209,1445
505: 1759,363,364,240,904,1587,875
506: 501,999,195,562,1271,187,1526
507: 1285,1437,897,607,1097,1155,1582
508: 1677,1349,1392,262,1326,388,139,1768,1632
509: 1400,1137,448,1670,1080,1714,163
510: 1885,1965,898,851,59,992,760,1386
511: 546,721,13,359,1295,820
512: 390,1969,1992,515,468,1168,1815,156
513: 1743,1314,1186,1961,503
514: 1949,1487,594,762,1286
515: 390,987,1969,1992,512,1815,1774,156
516: 362,1709,189,1125,1984,1908
517: 1289,392,1552,1457,424,1857,1422,783,720,116,1048
518: 1762,1057,1163,1269,1692,663,1105,1555,1450
519: 35,1034,1976,650,1479,1574,871,1307
520: 457,1612,1752,555,957,1096,1975
521: 1438,995,1507,902,381,664
522: 1441,544,675,1430,267,1951,327,492
523: 1076,1460,1153,713,38,1580,1257,1739
524: 289,369,1242,153,1496,419,482,946
525: 1536,1078,1213,1911,1903,279
526: 632,1973,732,429,1316
527: 1310,1897,920,781,1893,11,1089,1417,317
528: 1682,1731,1888,137,853,250,98,1666
529: 1281,1748,1060,1170,1712,960,143
530: 1080,1714,1905,660,166,1550,700,1628
531: 335,982,1912,1052,777,447
532: 303,1828,65,661,1005,1873
533: 12,38,688,1580,168,1856,1610,1926,397,1602,260,1901,903
534: 574,491,1427,827,80,1087,441,1792
535: 829,328,1302,1953,1160,581,616
536: 1004,25,1542,577,477,1690,1098
537: 491,441,1792,1383,588,850,418,1649,1214
538: 979,565,1274,1967,652,824,1154
539: 1600,39,1322,779,1074,585,622
540: 82,1569,1794,159,1662,1287,1031
541: 129,1934,400,997,731,1916,579
542: 786,1012,79,1093,1788,259,1707
543: 1323,1121,887,877,464,110,952,497
544: 1441,1199,522,487,449,327,1977
545: 343,847,1366,279,815,1765,1963,1406
546: 429,1316,76,511,1165,721,359
547: 770,110,1875,952,682,1121,575,1854,1761,1461
548: 826,1575,1166,1674,1516,1107,128,231
549: 307,287,185,994,693,1753,769,1147
550: 1534,1871,174,1215,288,958
551: 1106,1652,471,921,824,1154,979,93
552: 366,1113,99,1164,323,297,1710,1726,1829,299
553: 845,1396,1001,242,276,1010,612
554: 298,1841,861,2007,1437,1184,1333
555: 1024,1752,1344,573,261,520,457,1612
556: 1647,1737,1772,646,1332,738,707
557: 385,1983,931,1623,1269,148
558: 1687,891,1843,1265,1349,1772,1392,83,606
559: 353,1785,344,1530,1042,1671
560: 1785,344,283,1852,462,945
561: 614,750,1226,320,1196,1279,1169,1151
562: 141,955,1636,876,1271,1033,195,1890,506,501
563: 251,1465,591,461,237
564: 111,212,494,1440,748,817
565: 538,1274,1505,258,1967
566: 1102,744,1394,778,908,1347,326,639,1494,226
567: 667,51,1251,1942,428,1337,862
568: 1209,1864,158,1528,1385,1305,1770
569: 980,1729,620,1373
570: 671,629,1432,1868,1471,859,1933
571: 437,1453,1268,669
2000: 649,1749,1046,1134,835,1387,453,696,147
573: 1188,1148,1344,197,1207,255,1924,457,1612,555
574: 986,534,491,80,1087,1792,1239
575: 953,1325,1854,1761,1461,547,952
576: 851,59,992,117,951,133
577: 1538,477,1691,172,1690,536
578: 41,1863,1968,686,1902,750,320
579: 1783,803,731,636,1934,541
580: 1035,1016,16,426,648,1354,1812,1323
581: 1160,1123,829,1302,535,616,1971
582: 917,1872,1976,138,650,325,1084,1413
583: 1470,1520,1946,316,306,836,109
584: 1355,1958,1851,330,1164,421,1263
585: 1074,638,1390,1046,2021,1322,779,539,1600
586: 1814,755,1193,1398,1145,1091,394
587: 465,963,340,1607,1210,735,1230
588: 595,1383,142,441,1890,611,537,501,1649
589: 264,2009,875,1587,1282,1339
590: 1262,901,239,1126,1300,704,315
591: 1465,266,321,563,461,1267
592: 210,493,1419,1790,1261,1734,1913,1026,377
593: 221,234,1443,1645,1623,112,309,931
594: 1949,514,597,865,337,1409,1492,1642,1286
595: 1383,588,297,142,331,850,418,1649,99,1355
596: 437,613,6,808
597: 1949,1487,594,1642,1717,1738
598: 277,916,878,1039,1973,1224,1590
599: 228,1688,947,390,413,1720,1168
600: 1771,1328,1312,2020,1095,1536,1903
601: 53,258,1713,641,1090,602,746
602: 1658,1171,1505,140,746,1713,53,258,601
603: 1640,1333,233,943,950,472,606,1928,1063,1889,1562
604: 479,1374,1500,1656,202
605: 32,335,982,1131,1412,40,1613,459
606: 83,1593,1687,472,558,603,1063,1889
607: 307,1408,1773,897,507,1155,1582
608: 858,1998,1447,498,616,328,1971
609: 1426,674,832,1989,1504,1035,16
610: 1693,1879,1110,1423,698,1175
611: 1735,441,1890,1792,371,955,1636,588
612: 1201,1010,655,1001,553,845,758,407
613: 1136,6,743,798,808,596
614: 561,750,1226,657,1968,1334,1433
615: 1093,1788,1482,244,712
616: 608,1998,328,1302,535,581,1971
617: 207,948,1244,755,1922,357,1525,949
618: 200,196,1191,857,17,673,1831,68,1119
619: 946,706,1248,19,282,364
620: 1618,833,265,968,1373,1729,569
621: 797,1008,167,1298,1413,101,768
622: 1644,71,1322,1589,539,39
623: 1906,951,133,699,749,1777,752,1780
624: 27,1216,183,1234
625: 1424,466,253,1846,1954,733,709,410
626: 1747,818,1468,404,85,810,1306
627: 983,459,1140,335,1131,944,1787
628: 956,751,722,480,1522,51,1251,940
629: 671,1432,570,1708,1645,247,69,1105,1711
630: 1765,1852,60,1406,1839,1499,945
631: 684,1910,659,383,1578
632: 526,1973,916
633: 1338,33,1266,818,1517,1697,852,848,1178
634: 1803,1715,678,37,1742
635: 742,7,766,1434,1061,1947,1384,1142
636: 773,731,269,745,1783,579,386
637: 70,475,1172,1778,29,1137,1853
638: 1074,1103,1769,161,585,1390
639: 1347,1900,326,889,566,1494,226,182,262
640: 1936,976,1861,1823,395,863
641: 960,718,1090,53,601,838
642: 1327,1837,1990,1798,1194,965
643: 1062,402,888,1120,1541,1898,1579,1751,1109,1871
1982: 1434,456,970,106,274,1006
645: 1469,345,2018,1192,114,246,981
646: 1677,1349,1772,1647,556,1332
647: 1760,1881,500,1988,1588,687,1703,34,1051
648: 1014,426,580,16,822,1323,887
649: 1749,1390,1046,2000,835,696,147,1667
650: 917,582,1872,1976,184,1479,1574,1084,1307,519
651: 1758,1564,1532,1563
652: 1967,679,1099,538,470,921,824,1154
653: 1145,360,394,1935,1681,1436,1698,1795
654: 439,959,1899,346,1635,1440
655: 1201,1104,1010,399,612,1495,242,1964,985,407
656: 1335,1664,65,1116,1828
657: 1059,1819,1968,1291,730,1433,614
658: 461,1423,1970,1927,237,1955
659: 631,1910,1414,383,1855,435
660: 934,1019,20,1080,1714,530,773,166,1321,241,700
661: 1160,1123,1005,532,1873,1865
662: 1187,1449,1781,958,1676,26,1634
663: 1105,1412,1692,518,1163,1555,1727,1450
664: 521,1507,381
665: 1055,1884,306,1693,1110,1800,1175,1981,1946
666: 1054,799,246,1469,1637,1245,1622
667: 567,51,735,428,1594,1608
668: 1467,217,761,488,905,220,1346
669: 1268,113,393,571,1453,1221
2018: 200,1192,196,149,114,1363,645,345
671: 629,1432,570,1708,1868,1471,247
672: 1825,1567,227,678,232,1664,1116,1702
673: 17,292,1521,915,1191,857,618,1831,1119
674: 609,1426,737,308,416,1721,1504
675: 1550,745,1628,1441,522,267,492
676: 1716,1223,1877,1548,1513,1313,1272
677: 1231,357,1525,701,1493,1244,90,1519,1921,736,229
678: 914,1803,248,1715,634,232,1484,672,227,1702
679: 322,1967,1015,652,1099,1658,1505,484,1738
680: 174,1215,305,1875,358,879,1208
681: 1067,1604,1683,1066
682: 547,770,1875,952,1761,1654,1641,1208
683: 924,1202,1239,937,502,1452
684: 631,1910,1578,266,321,1477,785
685: 1211,1107,1571,230,772,263,1953
686: 1059,1968,1811,92,1902,750,41,578
687: 1703,377,1734,1051,18,500,1988,647
688: 12,38,533,1580,168,1856,1569,1794,1031,713
689: 387,925,1908
690: 1779,1357,194,223,150,488,1648,1746
691: 74,739,1700,1915,1157,1985
692: 837,1068,828,1562,1640,233,943,1097,1393
693: 994,175,152,332,1773,307,549
694: 193,1324,1736,1766,825,1424,1150,137,1731,100
695: 1960,56,1453,1221,401,808,437
696: 26,147,1667,649,2000,302
697: 162,339,1403
698: 788,1175,807,1754,610,1110
699: 804,425,623,133,1083,1780
700: 1550,269,745,660,530,773,166,1321
701: 677,1231,1519,374,1921,736,1756,229,895
702: 1506,1818,765,1500,1003,1174,1757,1700
703: 157,961,371,1047,1539,1820,1032
704: 911,1300,1262,590,1126,1490,715,315
705: 109,1972,291,741,1250,836,834
706: 946,619,1248,810,1306,998
707: 738,325,1737,556,138
708: 281,1558,1236,1028,1844
709: 108,119,389,733,253,625,1416
710: 1328,1312,964,2001,1669,1732,1185,767
711: 1721,848,1699,1247,832,91
712: 1310,244,1897,1089,1482,615,338
713: 1153,523,1569,38,688,1662,218,1031
714: 1944,1072,1365,87,837,1068,1514,1540,1937
715: 1490,1904,1152,315,911,1276,704,1802,222
716: 1609,1790,1261,64,1212,1561,1810,1026
717: 1041,1826,975,121,923,444,1887
718: 960,641,1090,143,1600,39,984,1364
719: 1820,186,1032,1118,1930,1701,141,876,1271
720: 1422,783,517,1457,424,1610,116,1048,1602
721: 546,76,511,1165,1948,820
722: 628,956,751,940,967,172,1690,1098
723: 1141,151,1030,1297,35,97
724: 1524,379,1822,1065,1959,801,1668,885
725: 1439,1217,1630,1485,1832,1892,1092
726: 1668,885,932,801,1182,174,305,406,288,1197,2012,1584
727: 1027,107,935,455,348,1378,784
728: 1621,1611,804,310,81,1768,881
729: 929,1907,1382,145,1750,374,1659
730: 1291,909,1532,657,1458,1433
731: 773,166,1321,1916,636,269,541,579
732: 359,1316,526
733: 101,1954,768,2017,389,709,253,625
734: 826,1575,1166,1135,1117,1555,936,1627,1615,993
735: 1230,428,587,340,667,1594
736: 1519,1750,374,1921,1493,90,677,1231,701
737: 1426,674,48,363,308,416,2009,875
738: 707,325,236,1566,912,556,1332,1593,460
739: 805,74,691,1228,1174,1700,1050
740: 91,1296,1247,1861,1929,974
741: 291,450,1250,705,802,1886,1359
742: 347,7,766,1486,635,942,1061,154,1384
743: 613,1136,868,1334,1226,1169,798
744: 1102,412,1840,566,1394,907,870
745: 1550,675,269,700,1628,636,386,267
746: 602,140,1713,1557,601
747: 260,499,790,48,1377,1035,1016
748: 494,564,1440,817,126,458,966,1509
749: 476,823,1386,1906,623,951,1777,752,1596
750: 614,561,1226,320,1968,686,578
751: 628,956,722,1918,1690,1098,281,1558
752: 1777,1780,1906,623,749,1596
753: 256,1507,1528,1896,1770,819
754: 170,796,1341,352,1127,1218,1824
755: 1814,586,869,1193,1922,396,1244,1525,207,617,949
756: 228,1688,1071,406,954,1584,1240,1696
757: 439,1348,959,1643,1665,1880
758: 845,1554,1201,612,1258,333,407,1242
759: 1402,995,67,1111,169,902,792
760: 318,476,1386,851,510,1965
761: 668,1775,1467,217,900,905
762: 1286,819,337,514
763: 1777,1780,184,1737,1624,1872,138
764: 1087,969,1462,1039,1991,502
765: 479,853,1500,702,250,1502,1757
766: 742,347,7,635,154,1384,1142
767: 1273,417,1185,710,1771,1312,906
768: 101,1954,733,1008,621,1846,1995
769: 1753,998,1679,404,185,1964,549,153,1496,1147,946,810
770: 547,110,1875,952,497,682
771: 1205,1319,1037,974,822,1296,1014,887,877,1161
772: 1185,254,125,1571,685,1979,864,263
773: 731,166,1321,1916,636,660,269,700
774: 1089,1417,317,816,1547,188
775: 1806,43,370,63
776: 894,205,1706
777: 1490,1904,1152,315,1912,531,199,447
778: 922,1859,908,1102,1840,566,1394
779: 1322,1680,104,1046,2021,585,539
780: 1340,1646,1399,131,380,1472
781: 920,1363,1831,68,1119,1893,527
782: 1911,1719,815,2005,906,1830,278,1798
783: 1422,2006,136,720,517,1602,1203
784: 1442,1378,727,935,348
785: 922,1859,321,684,1910,1477
786: 542,2016,1012,79,1694,1707,88
787: 72,1128,1237,1428
788: 698,807,1754,1477,1923,1367
789: 903,120,1146,1489,1257,1639,1739
790: 260,499,747,1339,264,2009,48
791: 1543,235,1697,1365,87,1540,1685,1678,1022
792: 256,902,1385,1111,1483,995,759
793: 1224,1206,1462,57,414,49
794: 1132,1241,30,812,1970,1927
795: 2016,1012,1894,259,408
796: 170,754,1722,1341,1920,1797
797: 1008,167,621,236,912,917,1298,1413
798: 1279,1169,808,1405,1226,613,1136,743
799: 1054,1190,1974,246,666,1637,1245
800: 1021,1293,1609,1561,1476,1810
801: 1641,1182,1043,1959,1654,1822,724,726,885
802: 1886,175,1359,152,741,1250,332,834
803: 1551,1783,884,579,1934,1819,1572,1811
804: 1621,1611,425,728,699,1083
805: 74,739,1050,216,1616,1380,1038
806: 1474,1134,1534,1672,1449,147
807: 698,788,1175,1568,1754,1110,1981
808: 798,1405,613,596,437,56,695
809: 1288,910,1382,145,1157,1985
810: 946,706,1306,998,769,404,85,626
811: 1843,1632,1246,1013,182,262,388
812: 794,30,1970,1927,324,1879,213
813: 1560,1114,452,273,1352,1883,991,1733
814: 1108,1194,1327
815: 1911,782,279,1719,278,545,343,1366
816: 284,1724,1547,379,1065,1668,774,1417
817: 111,494,564,748,1410,1232,966,1509
818: 626,1747,1517,1468,1515,1338,33,633,1219
819: 762,753,337,1896
820: 1948,855,2004,13,511,721
821: 1474,1134,18,1415,1745,1881,1988,896,835,453
822: 771,1037,1014,648,887,877,1161
823: 476,1386,1648,749,194,150,249,1510,1596,1330
824: 1106,1652,551,471,921,1154,652,979,538,353
825: 1324,1736,1766,694,100,1448,1716,1223,1548
826: 130,734,548,1575,1166,128,1828,231,1116
827: 961,371,1427,80,1735,441,1792,534
828: 837,692,1068,1562,1640,1018,1235
829: 1302,535,1953,1211,303,1160,1005,581
830: 1398,299,427,1581,1113,430,1814
831: 1442,1378,277,927,348
832: 1292,1989,1504,1721,848,711,609,91
833: 1618,620,265,968,1255,1373,1655,1190,1974
834: 1595,1408,332,1773,1250,1972,705,802
835: 896,1387,453,1134,821,104,649,1749,2000
836: 291,316,306,583,1520,109,705
837: 692,1068,828,1235,714,87,1937
838: 53,960,641,1281,1020
839: 54,1653,171,1763,1591,257,1942,176
840: 1467,217,488,1233,1965,451,318,223,150
841: 214,1999,1918,1028,438,1698
842: 1361,1607,86,372,376,1027,107,1234
843: 1878,1410,1876,977,111,212
2023: 0
845: 553,1554,1049,758,1001,1201,1010,612
846: 131,1592,1660,380,1256,1317,1930
847: 545,343,1222,1366,1406,1499,1891,102
848: 852,1721,1178,711,633,1699,832
849: 1839,462,945,1858,124
850: 330,1704,418,1649,1214,537,595,1383,1355
851: 59,576,510,1906,951,760,1386
852: 1721,848,1517,633,308,1219
853: 479,1374,765,1888,137,528,250,98
854: 1952,430,1847,1791,1546,1581
855: 1948,2004,820,13,275,1200,1425
856: 1356,1124,1951,327,1977,1565,996,1289,1857
857: 1191,103,17,673,200,196,618,122,1831
858: 608,498,1971,1108
859: 1933,1838,1834,1471,1262,239,570
860: 1257,1183,1460,1191,1002,292,1521,915
861: 298,1841,554,2007,1407,311,891
862: 1849,1143,1337,336,1522,567,51,1251,480
863: 210,493,1823,395,1309,1936,640
864: 1273,1185,772,254,1571,263,1941
865: 1949,594,1642
866: 1088,460,1063,236,1008,167,355,1995
867: 1938,1894,445,259,378,1342,1093,1012,79
868: 1458,1334,1226,1136,743
869: 1814,755,1922,427,1966,396,1244,1368,90,1525,207
870: 1494,226,262,1326,744,1394,139,1523
871: 1307,1298,1413,1976,1034,519,2017,1195
2007: 1841,554,861,1397,1595,1437,1184
873: 112,351,931,1446,1631,255,1188,385,1924
874: 240,1565,996
875: 589,2009,1587,505,363,737
876: 141,562,1271,1118,1940,1820,719,1033,195,1701
877: 1638,464,78,1161,771,1319,822,543,887,1541
878: 277,927,598,1039,1991,938,348
879: 358,1579,1586,1875,497,1208,1215,680
880: 1827,103,1056,1076,1227,243,1744
881: 1523,81,96,458,310,1611,728
2008: 349,1114,191,452,334,1606
883: 1483,158,1100,1011,468,1209,1385
884: 1783,803,1842,1463,1572,1811,92,1044
885: 726,1668,932,801,1182,1065,724
886: 1045,1277,1874,199,1204
887: 1323,543,1014,648,771,822,877,464,1161
888: 1062,402,643,1120,1541,1898,358,1579
889: 1900,639,182,1585,341,1013
890: 339
891: 1687,311,472,558,1265,298,861,950
892: 1573,1007,1342,2015,1807,445
893: 1570,1867,1576,1808,21,1531,1978
894: 776,293,1931,442,1706
895: 1446,229,1519,374,1921,1231,701,61,1756
896: 835,1387,453,1881,1588,1420,821,1895,104,286,1749
897: 1595,1408,1773,1285,1437,507,607,307,1155
898: 510,1885,24,1249,59,992
1976: 917,582,1872,650,871,1307,1413,519
900: 1480,1961,206,1775,761,905
901: 590,239,1126,1236,1058,1834
902: 256,1507,792,521,1438,995,759
903: 789,120,397,499,1901,533,1580,168,1739
904: 240,433,996,1587,282,505,364
905: 28,220,1537,900,206,405,668,761
906: 443,2005,1771,1312,767,417,782,1903,1719
907: 1728,1464,96,412,744,1523
908: 922,1859,778,1367,1102,566,1347,326,226
909: 1532,730,1458
910: 1288,809,1382,145,1157,1997,1331,1252,73,1907,1009
911: 422,463,1276,1300,704,715
912: 738,325,236,917,797,167,1413
913: 1948,2004,1784
914: 1803,248,678,988
915: 17,292,1521,673,860,1183,1191,1002
916: 277,598,632,1973,1590
917: 582,1976,650,325,912,797,1307,1413
918: 988,1702,1335,1391
919: 36,375,1456,382,1549,204
920: 781,1119,1893,11,1524,1822,527
921: 1652,551,824,1154,652,1099,93,1717,470
922: 1859,778,785,908,1367,1477,1347
923: 1481,121,1675,444,84,717,975
924: 683,1202,1320,1239,986,1159,1591
925: 13,387,973,689,1908,189,1425
926: 1040,1996,159,1813,1960
927: 277,878,1378,831,938,455,348
928: 1381,365,1249,1133,1939,1583
929: 729,1907,1009,1021,1476,1570,1659
930: 66,216,1616,1726,323,299,427
931: 112,309,873,1623,593,385,557
932: 726,1668,885,406,1197,1584,284,1688
933: 989,1808,1212,1284,1026,34,1531,1473
934: 660,1019,20,978,1375,166,1321,241
935: 727,1027,107,784,27
936: 1555,1627,1450,1615,1762,1117,993,734,1575,1166,1135
937: 1991,938,502,1452,455,683
938: 937,1991,1452,277,878,927,455,348
939: 1402,1438,995,67,72,1128,1862,47,1620
940: 51,1251,1608,628,722,967,172
941: 1841,1407,1470,1520,134,1725,109,1397
942: 146,1909,1177,350,456,1061,742,7,1486
943: 1640,1333,603,233,950,1285,1928,692,1562,1018
944: 447,1204,335,1131,627,1787,1351
945: 1839,849,1499,462,630,1852,560
946: 706,619,1248,810,524,153,998,769,19,282,482
947: 284,1724,1584,228,1688,599,413
948: 207,617,357,949,215,112,309,351
949: 1350,1860,755,1193,1145,360,207,948,617
950: 1333,603,943,298,472,891,1184
951: 1906,623,133,851,59,576,1386,749
952: 547,770,110,682,1121,543,575,1854,1461
953: 1325,575,1761,1183,1639,1455
954: 406,288,1197,1187,756,1696
955: 141,562,1636,1890,611,501
956: 628,751,722,480,1251,1999,1918,1558
957: 1238,154,415,1096,1975,520,1486,270
958: 1187,1449,662,1534,550,288
959: 439,1348,757,654,1643,1899,1665
960: 641,718,143,1281,529,1170,838
961: 703,157,371,1427,827,1735
1996: 1040,926,159,127,1863,1196,972,1151,1813
963: 465,587,340,77,1210,1705
964: 710,1328,1312,2001
965: 329,1222,1327,642,1990
966: 310,1782,1232,1509,748,817,458
967: 1956,1691,172,940,1491,1608,722
968: 833,620,265,1255,1373,1655,1054,1190,1974,285
969: 764,80,1087,1462,49,1427
970: 1723,1420,1318,1025,106,274,456,1982
1993: 1663,1304,1716,1861,1929,1823,1673
972: 1817,1863,1196,2006,136,1996,127
973: 925,189,1425
974: 1205,771,1037,740,1296,1861,976
975: 717,1041,1826,121,923,444,132,164
976: 268,1936,640,1861,1205,1319,974
977: 1880,62,1348,212,843,1876
978: 205,300,1706,934,1019,1375,241
979: 538,1274,353,1530,551,471,824,1154
980: 481,1917,1173,1729,569
981: 1310,244,1192,1363,68,1893,645,1469,345,1488
982: 32,605,335,531,1131,1052,40,447
983: 489,459,627,1140,1131,2002,1787,1484
984: 1600,1074,1103,1364,718,1090
985: 1964,994,152,192,1104,655,399
986: 574,491,1159,924,1239,1214
987: 1969,1992,515,1597,413,1308,2,188,319,1774
988: 918,1702,914,248,232
989: 933,1808,1284,34,403,1531,1723,342,1473
990: 1301,434,1047,1472,1399,473,1243,380,1167
991: 1369,1741,1733,1352,1655,813,1545,285
992: 59,117,576,1878,1410,24,1232,510,898
993: 1619,224,1674,1117,1835,936,734,1166,1135
994: 185,1964,985,693,175,152,549,1679
995: 521,1402,939,1438,759,67,902,792
996: 240,1565,433,904,874,449,1124,1951,327,856,1977,245
997: 400,1916,1176,129,541
998: 769,1679,404,153,1496,946,706,810
999: 506,1932,501,187,1601,1023,1829
1000: 344,1530,283,1980,1274
1001: 1053,1396,1189,553,845,1049,612
1002: 1827,1191,1076,1460,860,1257,17,1521,915
1003: 1228,1220,1174,1850,490,1614,1601,702,1506
1004: 25,536,440,477,1533,105
1005: 661,1160,1211,532,303,829
1006: 1322,1680,106,1434,1982,1589,1947
1007: 1573,1637,892,1245,2015
1008: 797,167,621,460,866,1298,1995,101,768
1009: 929,1907,1331,73,910,1382,165,1021
1010: 1201,1104,655,612,242,1371,553,845
1011: 883,158,1100,468,1603,504,1209
1012: 542,786,2016,795,79,867,259
1013: 1246,811,889,182,262,1689,341
1014: 426,648,1292,1989,1296,771,1037,822,887
1015: 322,679,1658,1171,484,1299
1016: 1377,580,1035,16,48,499,747,1354,1489
1017: 1985,1493,1380,145,198,1750
1018: 355,1235,1640,943,1928,1088,1063,828,1562
1019: 660,934,20,1101,442,1706,978,241
1020: 1459,1029,1980,1281,53,838
1021: 165,800,1293,929,1907,1009,1561,1476
1022: 1699,1304,1543,791,1697,1685,1178
1023: 1710,423,1726,1829,1601,999,1220
1024: 1752,555,1821,1544,1983,261,1057
1025: 135,1318,403,1723,970,342,1473
1026: 1703,34,377,592,716,1790,1261,1212,933
1027: 727,107,935,27,842,86,376,1234
1028: 438,1844,841,1918,708,1558
1029: 1605,1459,1980,1020,1852,60,283
1030: 723,1141,151,97,1553,1764,391,1617,409
1031: 1662,218,540,1569,688,1153,713
1032: 1820,186,719,1047,1539,703,371
1033: 1431,195,2019,1701,1118,1940,141,562,876,1271,1526
1034: 35,519,97,871,1307,1195,1764
1035: 580,1016,16,609,1426,48,747
1036: 486,10,271,1743,1314
1037: 1205,771,974,822,1292,91,1296,1014,1161
1038: 1985,1493,1380,805,74,66,216,1368,198
1039: 878,598,1224,1462,764,1991
1040: 926,1996,1196,1279,1151,1813
1041: 717,1826,975,1887,294,1805,1559
1042: 1671,353,559,1106,471
1043: 1455,1085,1959,1654,1761,801
1044: 1902,1144,884,1842,1577,1463,1572,1811,92
1045: 886,1204,1351
1046: 649,1749,1390,2000,2021,104,779,585
1047: 1301,434,1256,990,1167,1539,186,1032,703
1048: 116,1602,517,75,1457,424,720
1049: 845,1554,1670,1001,1189,448,1853
1050: 216,1616,1228,423,1726,805,739
1051: 18,1415,1745,1109,436,1734,687,1988,647
1052: 1912,1933,1838,1432,32,531,982
1053: 1396,1805,1001,1559,1189,201,1077
1054: 1190,1974,799,246,666,1545,285,968
1055: 1884,665,306,1800
1056: 118,218,1153,1227,273,1070,1744,880
1057: 1762,518,1835,1163,1269,1024,1821,1544
1058: 25,440,1542,1236,901,1126,463,1300
1059: 657,1819,1968,1572,686,1811,92
1060: 529,1748,1170,1712,190,304,2014,1527,1213,1179,1605
1061: 1434,456,350,942,742,7,635
1062: 402,888,643,1120,358,1751,1534,1871,1672,1474
1063: 1928,1088,460,866,1889,606,1593,1640,603,1018
1064: 1887,1684,294,1789,1962,1535,45
1065: 379,1822,724,1668,885,1417,816
1066: 70,475,1389,1172,681,1067,1683,1778
1067: 132,681,1066,475,1389,1077
1068: 837,692,828,1393,1514,1072,714
1069: 1393,1155,1582,1512,1294,1514
1070: 273,1883,1744,118,1056,349,452
1071: 228,756,1688,1718,1634,1240,1696,1358,1720,354
1072: 1944,714,1393,1068,15,1514
1073: 9,1428,408,88,2016,1237
1074: 1103,638,585,1390,539,1600,984
1075: 1258,1429,333,369,1242,1199,487
1076: 1460,1153,1227,523,1827,1002,880
1077: 475,1389,201,1067,132,1826,1053,1805
1078: 1527,1213,525,279,1765,1963,1454
1079: 319,478,1694,1707,1308,1848
1080: 1714,530,1905,163,1400,509,1670,660,1429
1081: 1388,1755,1330,178,180,179,368,252
1082: 209,1273,417,328,1302,1941,1198,443
1083: 1647,1737,1621,804,699,1780
1084: 1479,184,1624,1796,582,1872,650
1085: 1043,1455,1959,292,1119,1524,1822
2004: 1948,855,820,913,275,1243,1784,1167
1087: 764,80,969,502,574,534,1239
1088: 1928,460,1063,866,1640,355,1018,1995
1089: 774,317,527,1897,712,338,188
1090: 641,718,984,1364,1713,601
1091: 1145,394,1398,1952,430,586,1698
1092: 1884,1485,1693,213,1892,1800,725,1630
1093: 1788,1482,615,378,867,542,79
1998: 608,1447,498,616,328,1198
1095: 2020,1633,431,1353,2001,1283,600,1328,1312
1096: 1238,957,1975,520,1752,1809,270,1362
1097: 1393,1155,1285,507,233,692
1098: 281,1558,751,722,1690,536,1542
1099: 322,1967,652,679,1717,470,1738,921,1154
1100: 883,1483,158,1011,468,1815,1111,156
1101: 293,495,442,1400,1019,20,1714
1102: 1840,744,566,1394,1859,778,908,226
1103: 1074,638,1769,161,1376,984,1444,1364,1225
1104: 1010,655,242,1371,152,192,985
1105: 69,663,1711,1412,629,1692,148,518
1106: 1652,551,471,824,1042
1107: 1211,1571,230,685,1516,548,231
1108: 814,1418,1194,858,498
1109: 1751,1051,18,296,1898,436,1734,643,1120
1110: 1693,610,1879,1892,1800,698,1175,807,665
1111: 1815,169,156,1483,1100,759,792
1112: 1874,1802,222,1986
1113: 552,99,1164,323,1546,299,830,1581
1114: 191,2008,1498,452,1352,1560,813
1115: 146,1909,1177,361,1801,1207
1116: 656,1664,130,826,672,1567,128,1828
1117: 1762,1835,1555,936,1627,993,734,1135
1118: 1317,1930,1940,1139,186,719,1033,2019,1701,876,1271
1119: 920,1831,781,68,292,673,1085,618,1524
1120: 1062,402,888,643,1898,1751,18,1415,1109,1672
1121: 1323,543,1812,1461,547,110,952
1979: 1571,230,1138,1882,1619,224,1516,772,125,295
1123: 661,1160,581,1865,1971
1124: 1356,1951,856,1565,996,1289,1552,1857
1125: 516,362,1709,28,1537,1401,1686
1126: 590,901,1236,25,1058,463,1300,704
1127: 1864,1445,367,352,754,1341,1218,1824,1503
1128: 787,72,1237,1862,1278,47,88,939
1129: 1746,1388,1755,1357,194,1340,131,1592,1660
1988: 1760,1881,500,1588,647,687,1051,18,1415,1745,821
1131: 605,335,982,1613,944,983,459,627
1132: 1241,794,312,30
1133: 928,1249,1939,1925,1878,1876,24
1134: 1474,806,821,835,453,1449,147,2000
1135: 734,1575,1166,1117,1835,1555,936,1627,993,1674
1136: 613,6,743,868,798
1137: 1400,509,448,1853,637,29,495
1138: 1882,1362,1619,224,1979
1139: 1317,1118,1940,1435,1592,225,1297,179,2003,1987,252,1767
1140: 489,983,627,1787,1742,1484,1715
1141: 723,1767,151,1030,50,391,1617
1142: 1384,1353,1629,766,635,1,1947
1143: 1849,421,1263,1337,862,1653,171
1144: 144,1730,1902,1044,1994,1463,92
1145: 653,1091,360,394,1935,586,1193,949
1146: 1812,1489,789,1639,1325,1461
1147: 85,1919,1512,549,287,1753,769,404
1148: 1188,573,197,61,1446,255,1801,1370
1985: 1380,1017,1038,1915,74,691,1288,809,145,1157
1150: 1888,1416,137,1424,253,694,1731
1151: 1279,1169,561,1226,320,1196,1040,1996
1152: 1490,777,1904,715,1874,1802,222,199,1277
1153: 1076,713,1227,523,218,1031,1056
1154: 1652,551,471,921,824,1967,652,1099,979,538,93,470
1155: 1097,1393,1069,1582,897,1285,507,607,307,1512,1514
1156: 1376,1478,302,1421,1667,1769,161
1157: 1288,809,910,145,1915,1997,691,1985
2003: 179,1987,252,1388,1592,1660,1317,1139
1159: 986,491,924,1704,1214,1591,257
1160: 661,1123,1005,581,829,535
1161: 1638,877,78,1205,771,1319,1037,822,887
1987: 225,1297,179,2003,368,398,252,1388,1435,1139
1163: 1762,1057,518,1983,1269,1692,148,663,1821,1555
1164: 1113,552,99,331,584,1355,1958,1546,1581
1165: 546,76,721,1948,57,1784,1206
1166: 734,548,826,1575,1135,936,993,1674,1516
1167: 414,1784,1539,473,1243,2004,1301,434,1047,990
1168: 1720,468,1603,599,390,512,156
1169: 1279,798,1405,1151,561,1226,743
1170: 529,1060,1644,1712,190,960,143
1171: 1658,602,140,1824,1833,1299,1015
1172: 70,1066,475,637,1389,1683,1778,29,1853
1173: 1560,1729,1311,1498,980,1917
1174: 1228,1003,1220,702,1506,1700,739
1175: 698,1568,807,610,1110,665,306,1981,1946
1176: 1758,1564,129,997
1177: 146,1115,942,1207,457,1612,1486,1975
1178: 848,633,1266,1697,1699,1022
1179: 1527,1213,1712,190,304,431,2014,1060
1180: 314,95,1669,1283,347,154,415,1384,485
1181: 293,1931,29,495,1598,1778
1182: 1641,801,1208,305,726,885,2012
1183: 860,1257,1639,953,292,1521,915,1455
1184: 1285,1437,298,554,2007,1333,233,950
1185: 772,254,1732,710,1273,767,864
1186: 1961,206,513,1403,162
1187: 662,958,1676,288,954,1634,1696
1188: 1148,1344,573,197,1446,255,873,1924,457
1189: 1053,1001,70,475,201,1853,1049
1190: 1054,1974,799,833,265,968,1255,1264,1245
1191: 1827,103,1002,857,860,17,673,915,618
1192: 200,2018,196,114,1363,68,1893,645,1469,345,1488,981
1193: 1814,755,586,1145,360,207,949
1194: 814,1108,1418,1327,1837,642
1195: 108,2017,871,1034,1656,1764
1196: 1863,972,561,320,1151,1040,1996
1197: 406,288,954,2012,1584,174,726,932
1198: 301,443,1082,328,1998,1447
1199: 1441,544,487,1075,1429,369,1628
1200: 275,1399,1686,1425,473,362,855
1201: 1010,655,399,612,1495,845,758,407,289,1242
1202: 683,924,1320,1452,86,372
1203: 82,1794,2006,783,1602,12,1856
1204: 199,447,944,1045,886,1351
1205: 771,1319,1037,974,1296,268,976,1161
1206: 793,1224,1590,76,1165,57
1207: 573,197,1801,1115,1177,457,1612
1208: 1641,1182,1875,682,879,174,1215,680,305
1209: 1864,568,1445,504,883,158,1011
1210: 77,183,1607,376,963,587
1211: 1107,685,128,303,231,829,263,1953,1005
1212: 716,1609,1790,1561,1284,1810,1026,933
1213: 1527,1536,1078,1179,525,304,1060
1214: 330,1704,850,418,1649,441,986,491,537,1159,1383,257
1215: 174,680,305,358,879,402,1208,1871,550
1216: 77,183,624
1217: 1439,725,84,1343,1485,1832,1675
1218: 1824,1503,1833,170,754,367,1127
1219: 308,416,469,1747,818,1517,852
1220: 1228,1003,1174,1614,1601,1023,423
1221: 695,1453,401,1606,669,393,55
1222: 343,847,1366,1990,1891,102,965,329
1223: 1716,676,825,1448,1548,1673,1513
1224: 793,1206,1590,1462,598,1039
1225: 1444,1376,1103,1769,1722,1920
1226: 614,561,750,868,1334,743,1169,798,1151
1227: 1076,1153,218,1056,1744,1827,103,880
1228: 1003,1220,1174,423,1700,739,1050
1229: 496,296,1541,1898,1319,268,78
1230: 735,1508,428,176,1607,587,340
1231: 677,357,1525,701,1519,1921,736,229,895,215
1232: 1782,966,1509,111,817,1410,992,117
1233: 1885,1965,451,1583,1775,217,840
1234: 183,1027,624,27,842,376
1235: 355,1018,1846,1870,837,828,1937
1236: 708,281,1058,1542,901,1126
1237: 787,1128,1278,1428,1073,88
1238: 154,957,415,1096,1809,270,314
1239: 683,924,1087,502,574,986
1240: 1634,58,1696,1358,756,1071,1718,354
1241: 1132,794,251,1927
1242: 407,524,289,369,153,758,1201,1495,1075,1258
1243: 275,473,2004,1301,990,1784,1167
1244: 1966,396,1368,90,1814,755,869,1922,677,357,1525,617
1245: 1007,1637,1190,799,666,1264
1246: 1843,811,1013,1265,1689,1407,311
1247: 1699,1304,711,91,740,1929
1248: 946,706,619,1306,282,1759,364,469
1249: 928,1133,1583,1878,24,1885,898
1250: 291,741,1972,705,802,1359,834
1251: 567,51,940,1849,1522,862,628,956,480
1252: 1411,1331,73,98,1360,1502,1666,1997,1288,910
1253: 1272,1293,1260,1309,1313,1609,64
1254: 1868,1795,1834,2013,1471,1599,1935,1681,1945
1255: 833,265,968,1190,1974
1256: 1301,434,1047,846,380,1930,186
1257: 860,1183,1639,1739,789,1460,523,1002,1521
1258: 1075,333,1554,758,407,369,1242
1259: 1845,440,105,422
1260: 1272,1253,1293,1877,208,46,165
1261: 716,1609,1790,64,1309,210,592,1026
1262: 590,239,704,859,1838,315
1263: 1849,1143,421,336,584,1851,1791
1264: 265,1190,1245
1265: 1843,1246,1392,1687,311,891,558
1266: 1338,33,633,1944,1543,235,1697,1178
1267: 1477,1955,1923,591,321,461
1268: 669,113,393,571,481
1269: 1692,148,1623,557,1983,1821,1057,518,1163
1270: 1350,1860,1945,2013,221,234,1443,247,1708
1271: 141,562,876,1118,719,1431,1033,195,2019,1701,1526,506
1272: 1253,1293,1260,676,1877,1513,1313
1273: 1082,209,767,864,417,1185,1941
1274: 979,565,538,353,1530,1000
2016: 786,795,1012,1694,1073,408,88
1276: 422,911,1845,1986,715,1802
1277: 886,1904,1152,1874,222,199
1278: 1128,1237,1862,47,478,1694,88
1279: 1169,798,1405,1151,1813,561,1040,56
1978: 1801,1370,893,1867,446,361,21
1281: 529,1748,960,838,1459,1020
1282: 75,424,1339,245,1587,589,264
1283: 2001,95,1180,485,1353,1633,1095,1328
1284: 1576,1561,1476,1810,1212,933,989,1808
1285: 1437,507,1184,897,1333,233,943,1097,1155
1286: 762,42,337,1409,1492,1949,514,594
1287: 1662,118,159,540
1288: 809,910,1382,145,1157,1360,1502,1915,1997,1252,73,1985
1289: 517,392,1552,1430,1356,1124,856,144,1730,1994,1857
1290: 1626,204,14,1549,203,412,1728
1291: 1532,730,1563,1551,657,1819,1433
1292: 832,1989,91,1296,1014,426,1037
1293: 1272,1253,1260,165,1021,800,1609
1294: 15,1514,1515,1393,1069,1582,1919,1512
1295: 359,13,387,511
1296: 91,740,1292,1014,1205,771,1037,974
1297: 225,179,1987,368,398,1574,1435,1139,723,1767,151
1298: 871,1307,1413,797,1008,621,101,2017
1299: 484,1372,1492,1503,1833,1171,1015
1300: 422,911,463,704,1058,590,1126
1301: 434,1047,1256,990,1243,1167,1539
1302: 829,263,328,535,1953,1941,1082,581,616
1303: 1705,465,483,373,1556,1404,1866
1304: 1699,1022,1247,1685,1663,1993,1929
1305: 42,1896,1336,1770,1864,568,367,1528,1372
1306: 706,1248,810,626,1747,1759,469
1307: 871,1298,1413,917,1976,650,1034,519
1308: 1848,2,987,1992,319,1079,1774
1309: 395,1313,1253,210,863,1261,64
1310: 527,244,981,1897,712,1363,1893,345,1488
1311: 1560,1173,1729,1655,1498,1373
1312: 710,1771,600,1328,964,2001,1095,767,1903,906
1313: 395,1673,1309,1513,676,1272,1253
1314: 1743,513,10,1036,365,503
1315: 1540,1937,1650,410,1846,1870,87,466
1316: 546,429,732,359,526
1317: 1118,1930,1940,1139,846,1592,2003
1318: 350,135,1025,970,456
1319: 1205,771,268,976,877,78,1161,1229,496
1320: 924,1202,372,123,54,1591
1321: 773,731,166,1916,241,660,934,1375,700
1322: 779,1680,1006,1589,585,539,622
1323: 1121,543,887,580,648,1354,1812,1461
1324: 1736,1766,694,825,1682,1731,100,1548
1325: 953,575,1761,1461,1146,1639
1326: 1494,870,262,388,139,1523,508
1327: 642,814,1194,965
1328: 710,600,1312,964,2001,1283,2020,1095
1329: 1793,1740,1343,181,94,1832
1330: 1746,1755,1081,823,1648,194,249,178
1331: 1411,46,1252,73,910,165,1009
1332: 83,1593,1772,646,556,738,1566
1333: 603,233,943,950,298,554,1285,1437,1184
1334: 1458,868,1433,614,1226,743
1335: 656,1664,65,918,1702,1391
1336: 42,1305,1770,1864,367,1503,1409,1372
1337: 1849,1143,862,1653,1763,1942,567
1338: 33,633,1266,15,1515,1944,818,235
1339: 75,424,1282,589,264,1926,116,260,790
1340: 1799,780,1646,1779,1357,1746,1129,131,1660
1341: 170,754,796,1797,352,1950,1127
1342: 1869,378,2015,892,1938,445,867
1343: 1329,181,1832,1675,1217,84
1344: 1188,573,1983,1924,261,457,555
1345: 1685,1678,356,1650,193,1736,1766,1448
1346: 1799,160,668,488,220,1779,223
1347: 1900,326,639,922,908,1367,566,1754
1348: 439,757,959,1880,977,212,1440
1349: 1677,1772,646,1392,508,388,1843,1632,558,83
1350: 1270,1860,949,1945,360,1935,2013
1351: 37,1787,1204,944,1045
1352: 273,1883,243,1744,1114,452,813,1369,991,1733
1353: 1384,485,1142,1629,1283,1633,1095
1354: 1812,1489,1377,580,1016,16,1323
1355: 584,1958,595,331,330,850,418,99,1164
1356: 1124,1951,856,492,1430,1730,1289
1357: 1779,690,194,1799,1340,1746,1129,1755
1358: 1634,58,1240,1071,1718,354,1797,1950
1359: 802,1886,175,152,192,741,1250,1371,52
1360: 250,98,1502,1666,1915,1997,1411,1252,1288
1361: 842,1607,86,372,376,123,1508
1362: 1809,1138,1882,270,1752,1544,1096,224
1363: 781,68,1893,200,2018,1192,345,1310,981
1364: 1444,1713,1557,1103,984,718,1090
1365: 1944,714,87,1540,1543,235,791
1366: 278,545,343,847,1222,279,815,1963,1406,1990,1798
1367: 922,908,1477,1923,788,1754,1347
1368: 1966,396,1244,90,198,66,216,427,1380,1038,869
1369: 1741,991,1733,1352,1883,243,149,122
1370: 1801,1978,61,446,1446,1148,197
1371: 242,276,280,52,1359,192,1104,1010
1372: 1409,1492,1299,1503,42,1336,1305
1373: 833,620,968,1729,1655,1311,569
1374: 479,604,853,108,119,1656,202,1888,1416
1375: 400,300,978,934,1321,1916,241
1376: 1478,1156,1667,1103,1769,161,1920,1225
1377: 1016,499,747,120,1354,1489
1378: 1442,831,784,927,727,455,348
1980: 1459,1029,1020,1000,283
1380: 1985,1493,1017,1038,805,74,145,1368,198
1381: 928,365,1583,1480,1961,503,1775
1382: 1288,809,910,145,729,1907,1009
1383: 595,588,142,441,1890,537,850,418,1649,1214
1384: 485,1142,1353,742,347,766,635,1180
1385: 256,1528,792,883,1483,158,568,1770
1386: 476,823,760,749,851,510,1906,951
1387: 896,835,453,1895,106,104,286,1749,2000,2021,1680
1388: 1746,1129,1755,1081,1592,1660,2003,1987,368,252
1389: 70,1066,475,1172,201,1077,1067,132
1390: 649,1749,1046,2021,1667,1074,638,161,585
1391: 1873,1335,65,918
1392: 1349,1772,508,1843,1632,1265,558,83
1393: 1097,1155,1069,1582,692,1068,1294,1514,1072
1394: 1102,744,566,778,326,1494,226,870
1986: 1845,1276,1112,1802
1396: 1053,1001,1559,242,276,553
1397: 109,1972,1520,1841,2007,941,1595
1398: 830,427,1952,430,1814,586,1091
1399: 275,1686,1200,473,780,1646,990,1472
1400: 509,1137,495,1101,20,1080,1714
1401: 28,220,362,1125,1646,160,1686
1402: 939,1438,995,759,67,1862,47
1403: 1186,697,162
1404: 370,63,1866,483,1303,1651,373,1491,1556,1956
1405: 1279,1169,798,808,1813,56
1406: 630,1765,1963,545,847,1366,1499,102
1407: 1841,861,941,1689,341,1725,1246,311
1408: 1595,332,834,1773,897,1437,607
1409: 1372,1492,42,337,1896,1336,1286,594
1410: 1878,843,24,111,817,1232,992,117
1411: 46,1331,1252,73,98,1360,1666,208
1412: 663,1105,1711,40,1613,605,1727,1450
1413: 871,1307,1298,912,917,582,1976,797,621
1414: 1910,659,435,203,1859,1840
1415: 1751,1051,18,1745,1120,1881,1988,1474,821
1416: 1888,1150,137,119,389,709,253,1374
1417: 774,317,11,379,1065,527,816,1547
1418: 1108,1194,301,1447,498,1837
1419: 592,493,268,1936,496,296,436,1734,1913
1420: 1723,970,1760,1588,896,1895,274,286
1421: 1478,1156,302,1781,1676,1634,58
1422: 783,136,720,1994,517,392,1817
1423: 1970,658,1955,1693,610,1879
1424: 466,253,625,410,1150,356,193,1766,694
1425: 275,1200,362,189,925,973,855
1426: 609,674,737,48,2009,1035
1427: 49,157,961,827,80,969,534
1428: 9,1073,787,1237
1429: 1075,333,1080,1905,163,1628,1199
1430: 1842,1577,386,1463,267,522,1356,1951,492,1730,1289
1431: 1033,195,50,2019,1701,1767,1271,1617,1526
1432: 671,629,570,1933,1052,1711,40,32
1433: 1458,1334,1291,730,657,1968,614
1434: 456,1061,1982,635,1006,1947
1435: 1940,1139,225,1297,1987,1767,151,2019
1436: 1681,438,1844,1698,653,394,1935
1437: 1285,507,1184,554,2007,1595,1408,897,1333
1438: 521,1402,939,995,902,381,1620
1439: 1217,1535,725,84,1630,45
1440: 212,494,564,748,439,1348,654,1635
1441: 1199,522,544,487,1550,675,1628
1442: 1378,831,784
1443: 221,234,1645,1623,593,247,1270,1860,309
1444: 1364,1713,1557,1225,1103,1769,1722
1445: 1209,1864,367,1127,352,504,1950
1446: 229,895,1631,215,255,61,873,1370,1188,1148
1447: 608,1998,498,328,301,1198,1418
1448: 1663,1345,1736,1766,825,1716,1223
1449: 662,958,1534,806,1134,26,147
1450: 1555,1727,936,1627,663,1412,1762,518
1984: 339,516,1709
1452: 937,938,107,455,683,1202,86
1453: 695,1221,401,571,437,669,393
1454: 1765,1963,60,1527,1078,1605
1455: 1043,1085,1183,953,1761,292,1521
1456: 36,919,1855,1549,435
1457: 75,424,1857,517,1552,720,1048
1458: 868,1334,1433,909,730
1459: 1605,1029,1980,1020,1281,1748
1460: 1076,523,860,1257,1739,1827,1002
1461: 1325,575,1854,1146,1812,1323,1121,547,952
1462: 793,1224,1039,49,764,969
1463: 1842,1577,1430,884,144,1730,1044,1144
1464: 126,1728,907,96,458,14,1523
1465: 266,591,1786,563
2021: 1749,1390,1046,1387,104,779,1680,585
1467: 668,1775,217,761,840,488,451,223
1468: 626,1747,818,85,1919,1515,33
1469: 645,345,1475,1488,1192,114,246,666,981,1869,1622
1470: 583,1520,1981,1946,134,109,941
1471: 1868,1834,1254,239,671,570,859
1472: 434,990,780,1399,473,131,380
1473: 1723,342,34,933,989,1760,1025
1474: 806,1134,821,1062,1751,18,1415,1672,453
1475: 1469,345,1488,244,1869,1622,1482
1476: 1576,1561,1284,1021,800,929,1570
1477: 1267,1923,321,684,922,785,1367,788
1478: 1376,1156,302,1421,58,1797,1920
1479: 1574,180,1084,1624,1796,650,519
1480: 1961,900,503,1381,365,1583,1775
1481: 923,1675,444,181,454
1482: 1093,615,1475,1488,244,712,1869,378
1483: 883,158,1100,1111,792,1385
1484: 1825,227,489,983,1140,1742,1715,678
1485: 1832,324,213,1892,1217,725,1092
1486: 742,146,1177,942,1612,154,957,1975
1487: 1949,514,597,1717
1488: 1469,345,1475,1192,1310,244,981,1482
1489: 1354,1146,1812,499,1377,1016,789,120
1490: 777,1904,715,1152,315,704,1912
1491: 1651,373,1556,1608,1404,63,967,1956,1691
1492: 484,1409,1372,1299,1642,1286,594
1493: 1380,1017,1038,90,198,1519,1750,736,677
1494: 226,870,182,262,1326,388,566,1394,326,639
1495: 1201,655,399,407,289,1242,1496,1679
1496: 524,289,153,399,1495,1964,998,769,1679
2024: 4
1498: 1114,191,55,1917,1560,1173,1311
1499: 1839,945,630,1765,1406,847,1858,102
1500: 479,604,765,202,409,702,1506,1818
1999: 214,841,1918,336,1522,956,480
1502: 250,98,1360,765,1757,1915,1997,1252,1288
1503: 1218,1833,367,1127,1336,1372,1299
1504: 832,1989,308,1721,609,674
1505: 1658,602,258,1967,679,565
1506: 702,1818,1850,409,1500,1003,1174
1507: 256,902,753,521,664
1508: 1230,176,1361,1607,372,123
1509: 310,1232,966,494,748,817,126,458
1510: 249,178,1624,1796,1596,823,1777
2002: 1727,1627,1615,1613,489,983,459
1512: 1919,1147,307,287,1155,1069,1582,1294,1514,1515
1513: 395,1673,1313,1716,1223,676,1272
1514: 15,1294,1393,1155,1069,1068,1512,1944,1072,714
1515: 15,1294,1919,1512,818,1468,1338,33
1516: 1619,1674,548,1166,1107,230,1979,231
1517: 1747,818,633,1219,852
1518: 1633,431,2014,1,1629,190,71
1519: 1750,374,1921,736,1493,677,1231,701,1756,895
1520: 1470,583,1946,134,836,109,1397,941
1521: 292,673,915,860,1257,1183,1002,1455
1522: 1849,336,862,1251,214,1999,628,480
1523: 139,81,881,907,1464,96,870,1326
1524: 11,379,1822,724,1085,1959,920,1119
1525: 677,1231,357,1966,1244,90,755,869,1922,617
1526: 490,187,1614,1431,1033,195,50,2019,1271,1617,506
1527: 1078,1213,1179,304,1748,1060,1605,1454
1528: 256,753,1385,568,1896,1305,1770
1977: 327,856,544,449,433,996
1530: 353,559,344,1000,283,979,1274
1531: 21,403,893,933,989,1808,342
1532: 1291,909,730,1563,651
1533: 219,105,477,467,1004
1534: 1871,1672,550,1062,806,1449,958
1535: 1439,84,45,121,1887,1064
1536: 1213,525,2020,304,600,1903
1537: 905,28,220,405,339,1709,1125
1538: 577,1956,477,1691,43,467
1539: 414,1167,1301,1047,1032,703,157
1540: 1315,1937,1650,714,1365,87,791,1678,356
1541: 1229,1898,1638,877,78,1579,1586,888,643
1542: 25,536,1058,1690,1098,281,1236
1543: 235,791,1697,1365,1266,1685,1022
1544: 1024,1752,1057,1835,1362,224
1545: 1054,1974,246,285,1741,991,149,114
1546: 1958,1851,1113,1164,1581,854,430,1791
1547: 1724,816,774,1417,188,1597,413
1548: 1877,208,1324,825,100,1223,676
1549: 435,203,919,1456,1626,204,1290
1550: 675,269,700,745,1628,530,1905,1441
1551: 803,1564,1934,1291,1563,1819,1572
1552: 517,1289,392,1124,1457,1857
1553: 1656,1764,202,97,1030,391,409
1554: 845,1049,758,1670,448,1258,333
1555: 1727,936,1627,1450,663,1762,518,1117,1163,734,1135
1556: 1651,1594,373,1491,465,483,1303,1404,370,63,1866
1557: 1444,1364,1713,170,1722,140,746
1558: 1098,708,281,1918,956,751,1028,1844
1559: 1053,1396,1805,1041,294,276,280
1560: 1173,1655,1311,813,1114,1498
1561: 1576,1476,1284,1810,1021,800,716,1609,1212
1562: 692,828,1640,603,233,943,1928,1018
1563: 1291,1532,1564,651,1934,1551,1819
1564: 1758,1176,129,651,1934,1551,1563
1565: 240,874,996,1124,856,1857,245
1566: 738,325,236,1332,1593,460
1567: 1825,44,672,227,130,1664,1116
1568: 1175,807,1754,1900,1981,1585
1569: 540,1794,12,38,688,1662,1031,713
1570: 893,1867,1659,929,1576,1476
1571: 1107,230,685,1979,772,125,864,263
1572: 1059,1819,1811,92,1551,884,803,1044
1573: 1007,892,1807,445
1574: 1479,180,650,1297,398,35,519
1575: 130,734,548,826,1166,1135,936,1615,44
1576: 1561,1476,1284,893,1570,1808
1577: 1842,386,1430,1463,267,492,1730,1044
1578: 266,1786,383,684,631
1579: 358,879,1586,1638,1541,402,888,643
1580: 38,533,688,168,903,523,1739
1581: 299,830,1113,1164,1546,854,430
1582: 1393,1155,1069,507,607,307,287,1512,1294
1583: 928,1381,1249,1480,1885,1233,1775
1584: 406,1197,726,1668,932,284,947,756,1688
1585: 341,1725,1568,1900,889,1981,134
1586: 358,1579,879,1638,464,1541,497
1587: 240,904,505,75,1282,245,589,875
1588: 1760,1881,500,1988,647,1723,1420,896,1895,286
1589: 1,1947,1322,1006,622,71
1590: 1224,1206,429,76,1973,916,598
1591: 54,1763,839,257,1159,924,1320
1592: 131,846,1660,1388,1129,2003,1317,1930,1139
1593: 1332,83,606,738,1566,460,1063,1889
1594: 373,1556,1608,735,465,340,483,667
1595: 1408,834,897,1972,1397,2007,1437
1596: 1510,1624,1906,823,749,1777,752
1597: 390,987,1969,413,1547,2,188
1598: 1604,1683,1778,1181
1599: 1795,1834,1254,1935,1681,1844
1600: 539,39,984,1074,585,718,143
1601: 187,1614,999,1003,1220,1023,423
1602: 1610,116,1048,2006,783,720,1203,12,533,1856
1603: 1720,468,1168,354,1718,504,1950,1011
1604: 1598,1683,681
1605: 1459,1029,1748,1060,1527,1454,60
1606: 113,393,55,1221,401,334,191,2008
1607: 1361,842,376,1210,1230,1508,587
1608: 1594,373,1491,667,51,940,967
1609: 716,1261,64,1212,1253,1293,800,1561,1810
1610: 1926,397,116,1602,720,12,533,1856
1611: 804,425,728,310,1782,881
1612: 520,457,573,1207,1177,555,1486,1975
1613: 1412,40,605,1131,1727,2002,459
1614: 490,187,1526,1601,1850,1003,1220
1615: 936,1627,2002,489,130,734,1575,44
1616: 1050,66,216,930,1726,323,805
1617: 391,1850,1141,1767,1030,1431,50,490,1526
1618: 833,620,265
1619: 993,224,1674,1516,1138,230,1979
1620: 381,72,939,1438
1621: 804,728,1768,1677,1083,1647
1622: 1869,2015,666,1469,1475,1637
1623: 221,1443,1645,593,931,557,1269,148
1624: 178,1510,1796,1596,1777,763,184,1872,1479,1084
2015: 1869,1342,1622,1007,1637,892
1626: 204,1635,14,1290,346,1549,494,1728
1627: 1555,1727,936,1450,1615,2002,1117,734,1135
1628: 1550,675,745,530,1905,1429,1441,1199
1629: 1142,1353,1,71,1633,1518
1630: 1439,725,45,1884,115,1092,89
1631: 1446,229,215,255,351,873
1632: 1843,811,262,388,1349,1392,508
1633: 2020,431,2014,1518,1095,1353,1629,1283
1634: 58,1240,1696,1358,1187,1781,662,1676,1071,1421
1635: 1626,204,14,346,439,654,494,1440
1636: 141,562,955,1820,371,1735,1890,611
1637: 1007,1245,799,666,2015,1622
1638: 877,464,78,1161,1541,497,1579,1586
1639: 1257,1183,789,1146,953,1325
1640: 603,233,943,1928,1088,1063,692,828,1562,1018
1641: 801,1208,1182,1875,682,1654,305
1642: 484,1492,322,1949,597,865,594,1717,1738
1643: 1665,757,959
1644: 1712,622,190,71,39,143,1170
1645: 221,234,1443,290,1623,593,247,629,148,69
1646: 1799,1340,780,160,1401,1399,1686
1647: 1083,1737,556,1621,1677,646
1648: 476,823,690,194,150,249,1330
1649: 330,1704,850,418,1214,441,537,595,1383,588,142
1650: 1540,1315,1937,410,87,466,1678,356,1345,193
1651: 373,1491,1556,483,1404,370,63,1866,1956
1652: 1106,551,921,824,1154,93
1653: 171,1763,839,1942,176,1849,1143,421,1337
1654: 1043,1959,1761,682,1641,801
1655: 1560,1311,991,833,968,1373,1974,285
1656: 1553,1764,202,108,1195,119,604,1374
2001: 95,1669,1732,1283,1095,710,1328,1312,964
1658: 1171,1505,602,1967,1015,679
1659: 1570,1867,729,929,374,1921,1756,446
1660: 131,846,1592,1340,1388,1129,2003
1992: 987,1969,515,512,1308,319,1815,238,1774
1662: 118,1287,218,1031,540,1569,1794,713
1663: 1448,1993,1304,1716
1664: 656,1335,1116,672,1567,232,1702
1665: 1899,1643,757,959
1666: 250,98,1360,528,1682,100,208,1411,46,1252
1667: 696,649,1390,1376,1156,302,1769,161
1668: 726,885,932,1065,724,1584,284,1724,816
1669: 2001,314,95,1180,1732,411,254,710
1670: 1554,1049,509,448,1080,163,333
1671: 1042,353,1785,559,1804,124
1672: 1534,1871,1062,1120,1751,1474,806
1673: 395,1513,1313,1993,1716,1223,1823
1674: 1619,993,224,1516,548,1166,1135
1675: 1481,121,923,1343,181,1217,84
1676: 1187,1781,662,26,1634,58,1696,1421
1677: 1349,1772,646,508,1768,1621,1647
1678: 1685,356,1345,1540,1650,791,193,1736
1679: 1753,998,769,399,1495,185,1964,994,153,1496
1680: 1322,779,1006,1387,1895,106,104,2021
1681: 438,1844,1436,1698,653,1935,1945,1795,1254,1599
1682: 528,1731,100,137,1324,98,1666,208
1683: 1604,1598,1778,681,1066,1172
1684: 1064,1789,1962,45,291,89,450
1685: 1678,1345,1543,791,1697,1304,1022
1686: 1399,1200,1401,362,1125,1646,160
1687: 311,472,891,558,1265,83,606
1688: 228,756,1071,599,932,406,1584,284,1724,947
1689: 341,1725,1246,1013,1407,311
1690: 577,172,751,722,1098,536,1542
1691: 577,967,1538,1956,477,172,1491
1692: 1269,148,69,663,1105,518,1163
1693: 610,1879,213,1110,1892,1800,1423,665,1092
1694: 478,1707,1079,786,2016,88,1278
2022: 8
1696: 1634,1240,406,954,1187,1676,756,1071
1697: 1543,235,791,633,1266,1685,1178,1699,1022
1698: 1681,438,1436,1952,1847,214,841,653,1091,394
1699: 1304,1022,1247,1697,848,1178,711
1700: 1757,1915,702,1228,1174,739,691
1701: 1431,1033,2019,1118,1940,719,141,876,1271
1702: 988,918,672,248,678,232,1335,1664
1703: 1026,687,34,377,1790,647
1704: 330,850,418,1649,1214,1159,257
1705: 1303,465,963,483,1866
1706: 205,978,776,894,442,1019
1707: 1694,1079,1788,1848,542,786
1708: 671,629,1270,1868,2013,234,247
1709: 516,1125,339,1984,28,1537
1710: 1023,1726,1829,552,323
1711: 69,1105,1412,40,629,1432,32
1712: 1644,190,2014,529,1060,1170,1179
1713: 1444,1364,1557,1090,602,140,746,601
1714: 1080,530,1101,1400,509,660,20
1715: 1803,678,634,1140,1742,1484,227
1716: 1223,676,825,1448,1663,1993,1673,1513
1717: 93,470,1738,1642,1099,1487,597,921
1718: 228,1071,1240,1358,1720,1603,354
1719: 1911,782,1903,815,1771,443,2005,906
1720: 1168,1603,354,228,1071,1718,599
1721: 852,848,711,308,674,832,1989,1504
1722: 170,796,1920,1444,1557,1225
1723: 970,1420,342,1473,34,989,1760,1588,1025
1724: 284,947,816,1547,1668,1688,413
1725: 1689,1585,341,134,1841,941,1407
1726: 1710,1023,423,552,323,1050,1616,930
1727: 1555,1627,1450,2002,663,1412,1613,459
1728: 126,907,1464,1626,14,1290,412
1729: 1173,1311,980,569,620,1373
1730: 144,1144,1577,1430,1463,1356,1289
1731: 528,1682,100,1150,137,1324,694
1732: 2001,95,1669,1185,411,254,710
1733: 1369,1741,991,1352,1883,243,813
1734: 436,1913,592,1419,296,687,377,1051,18,1109
1735: 441,1792,611,961,371,827,1636
1736: 193,1324,1766,694,825,1678,356,1345,1448
1737: 1083,1647,556,763,1780,707,138
1738: 1717,470,484,1642,322,679,1099,597
1739: 1257,38,1580,903,789,1460,523
1740: 1793,1329,181
1741: 1369,991,1733,149,114,1545,285
1742: 37,1787,1140,1484,1715,634
1743: 1314,513,10,1036
1744: 273,1070,1352,1883,243,1056,1227,103,880
1745: 1051,18,1415,1881,500,1988,821
1746: 1388,1129,1755,1330,1779,1357,690,194,1340
1747: 626,818,1517,1468,1306,469,1219
1748: 1281,529,1060,1527,1605,1459
1749: 649,1390,1046,2000,2021,896,835,1387,453,1895,104
1750: 1519,374,1921,736,145,1493,1017,729
1751: 18,1415,1109,1062,643,1120,1672,1474
1752: 1024,555,1544,520,1096,1809,1362
1753: 769,1679,404,185,549,287,1147
1754: 698,788,1568,807,1367,1347,1900
1755: 1746,1388,1129,1081,1330,1357,194,252
1756: 61,446,1519,374,1921,701,1867,1659,895
1757: 1700,1915,1997,765,702,1502
1758: 1176,1564,129,651
1759: 505,363,364,1248,1306,469
1760: 1881,500,1988,1588,647,34,1723,1420,1473
1761: 953,1325,575,547,682,1043,1455,1654
1762: 1057,518,1117,1835,1163,1555,936,1450
1763: 54,1653,171,839,1591,123,1942,428,176,1337
1764: 1553,1656,202,1034,97,1030,108,1195
1765: 630,1963,1852,1454,60,1406,1078,545,1499
1766: 193,1324,1736,694,825,1424,356,1345,1448
1767: 1141,151,225,1297,1940,1435,1139,1431,50,2019,1617
1768: 139,81,1621,728,1677,508
1769: 1103,638,161,1667,1376,1156,1444,1225
1770: 42,337,1896,1336,1305,568,1528,753,1385
1771: 600,1312,767,417,1911,1903,1719,906
1772: 1677,1349,646,1392,556,558,1332,83
1773: 1408,332,834,897,693,607,307
1774: 1815,67,169,238,1308,987,1992,515,319
1775: 1467,217,761,1381,1583,1480,900,1233,451
2014: 2020,304,1633,431,1518,1712,190,1060,1179
1777: 752,763,1780,184,623,749,1510,1624,1596,1872
1778: 1598,1683,1066,637,1172,29,1181
1779: 1357,690,194,223,488,1799,1340,1346,1746
1780: 1777,752,763,699,623,1083,1737
1781: 662,1676,26,1634,58,302,1421
1782: 310,1232,966,117,1611,425,133
1783: 884,579,803,636,1842,386
1784: 57,414,1167,1243,1948,2004,913,1165
1785: 559,344,560,462,1671,1804,124
1786: 1578,1465,266
1787: 37,1742,1351,944,983,627,1140
1788: 1093,615,1848,542,79,1707
1789: 1887,1684,294,1064,1962,280
1790: 716,1261,64,1212,210,592,1913,1026,1703,377
1791: 854,1847,1958,1851,1546,1263,336,214
1792: 1735,441,611,827,80,574,534,491,537
1793: 1740,1329,312,94
1794: 1203,82,540,1569,12,688,1662
1795: 1834,2013,1254,1599,653,1935,1681,1844,1945
1796: 178,1510,1624,184,1479,180,1084
1797: 352,1950,58,1358,1478,796,1341,1920
1798: 1837,642,1990,782,1830,278,343,1366
1799: 1340,1646,160,1346,1779,1357
1800: 1693,1110,1892,1055,1884,665,306,1092
1801: 1370,1978,361,1148,197,1207,1115
1802: 1112,1874,222,1276,1986,1904,715,1152
1803: 914,248,1715,678,634,232,227
1804: 124,1785,1671
1805: 1053,1559,1041,1826,201,1077
1806: 775,43,467,219
1807: 1573,892,445
1808: 933,989,1576,1284,893,1531
1809: 1882,270,1362,1752,1238,1096,295
1810: 1561,1284,800,716,1609,1212
1811: 1059,1819,1572,686,92,884,803,1044
1812: 1354,1146,1489,580,1323,1121,1461
1813: 1279,1405,1040,926,1996,1960,56
1814: 755,586,869,1193,1398,830,427,396,1244
1815: 1111,169,1774,156,1992,515,512,1100
1990: 642,1798,278,343,1222,1366,965,329
1817: 41,1863,972,1994,1422,136
1818: 702,1506,202,1850,409,1500
1819: 657,1059,1572,1811,1551,803,1291,1563
1820: 1032,719,703,371,141,1636,876
1821: 1024,1983,261,1269,1057,1163
1822: 11,1524,379,1065,724,1085,1959,801,920
1823: 1861,1929,1993,395,1673,640,863
1824: 1218,1833,170,754,1127,1171,140
1825: 1484,44,672,1567,227,489
1826: 717,1041,975,132,164,1077,1805
1827: 1191,103,1002,880,1076,1460,1227
1828: 128,532,303,826,656,65,1116
1829: 1710,1023,1932,999,297,366,552,99,323
1830: 301,2005,782,278,1837,1798
1831: 781,68,1119,857,17,292,673,200,618
1832: 1485,94,324,1329,1343,1217,725
1833: 1218,1824,1503,1171,140,1299
1834: 1868,1795,1471,1254,1599,1844,901,239,859
1835: 1762,1057,1117,1544,993,224,1135
1983: 385,557,1924,261,1344,1269,1024,1821,1163
1837: 642,1798,301,1830,1418,1194
1838: 859,1912,1933,1052,1262,315
1839: 849,1499,462,945,630,1858
1840: 1102,412,744,1910,1414,435,203,1859,778
1841: 554,861,2007,941,1407,1725,1397
1842: 1577,386,1430,1463,1783,884,1044
1843: 1632,1246,811,1265,262,1349,1392,558
1844: 1681,1028,438,1436,708,1558,1795,1834,1599
1845: 1259,1986,422,1276
1846: 355,1235,1995,1870,1954,768,1315,1937,410,625
1847: 1952,854,1791,214,1698
1848: 1308,338,2,188,1788,1707,1079
1849: 1143,421,1263,1337,336,1522,862,1653,1251
1850: 391,1617,409,490,1614,1506,1818,1003
1851: 584,1958,1546,421,1263,336,1791
1852: 630,1765,60,1029,560,283,462,945
1853: 1137,448,70,475,637,1172,1189,1049
1854: 575,1461,547,952
1855: 36,1456,383,659,435
1856: 12,533,688,168,1610,397,116,1602,1203
1857: 75,1457,424,245,1124,856,1565,517,1289,1552
1858: 1891,102,1839,849,1499
1859: 922,778,785,908,1910,1414,1102,1840
1860: 1270,1350,949,309,221,234,1443
1861: 1929,1823,1993,740,974,976,640
1862: 72,1128,1278,47,67,1402,939
1863: 1817,41,578,1196,972,320,1996
1864: 1209,568,1445,367,1127,158,1336,1305
1865: 1873,661,1123
1866: 1404,370,1303,1705,1651,1556
1867: 893,1570,1659,1756,446,1978
1868: 1834,2013,1471,1254,671,570,1708
1869: 378,1342,2015,1622,1469,1475,1482
1870: 1846,1235,87,1315,1937,410
1871: 1534,1672,550,358,1062,402,643,1215
1872: 582,1976,138,650,1777,763,184,1624,1084
1873: 1391,1865,532,65,661
1874: 1112,1802,222,1152,886,1277
1875: 547,770,110,497,682,879,1641,1208,680
1876: 1878,843,62,977,1925,1133
1877: 208,1548,100,676,46,1272,1260
1878: 843,1410,1876,24,111,1249,1133,992
1879: 1693,610,213,1110,1892,812,1423,1970
1880: 62,977,1348,757
1881: 1760,500,1988,1588,647,1415,1745,821,896,286
1882: 1809,1138,270,1362,125,295,1979
1883: 273,1070,1352,243,1744,452,813,1369,1733,122
1884: 1055,665,115,316,306,1092,1892,1800,1630
1885: 510,1233,1965,898,24,1249,1583
1886: 802,1359,192,1962,450,741,280,52
1887: 294,1064,1789,121,1535,717,1041
1888: 1150,1416,137,119,479,1374,853,528
1889: 1928,1063,472,606,1593,603
1890: 441,611,562,955,1636,1932,501,1383,588,142
1891: 1858,102,847,1222,329
1892: 1693,1879,213,1110,1800,1485,324,725,1884,1092
1893: 920,1363,781,68,1192,527,1310,981,1897
1894: 1938,867,259,795,408
1895: 106,104,274,286,1588,1420,896,1387,1749,1680
1896: 42,337,1305,1770,1528,753,1409,819
1897: 527,1310,244,712,1893,1089,317
1898: 1229,296,1541,436,888,643,1120,1109
1899: 382,1665,346,959,654
1900: 1347,326,889,639,1568,1754,1585
1901: 260,499,397,533,903,120
1902: 144,1044,1144,1994,686,92,41,578
1903: 1911,1719,2020,1771,600,1312,1536,525,906
1904: 1490,777,715,1152,1802,222,1277
1905: 1080,530,163,1429,1550,1628
1906: 623,951,133,851,476,1386,749,752,1596
1907: 729,929,1009,73,910,1382,145,1021
1908: 387,925,689,516,189
1909: 146,1115,942,361,350,135
1910: 684,631,659,1414,1859,785,1840
1911: 782,1903,279,1719,815,1771,525
1912: 1933,1052,1838,1490,777,315,531
1913: 436,1734,210,592,493,1419,1790,296,377
2019: 1431,1033,195,50,1701,1118,1940,1435,1767,1271,1526
1915: 1757,1700,1997,1360,1502,691,1288,1157,1985
1916: 773,731,1321,241,400,997,1375,541
1917: 980,481,113,393,55,191,1498,1173
1918: 1999,841,956,751,480,1028,1558
1919: 85,1147,1512,287,15,1294,1515,1468
1920: 1722,796,1376,1478,1797,1225
1921: 1519,1750,374,736,677,1231,701,1659,61,1756,229,895
1922: 755,869,1244,357,1525,207,617
1923: 1477,1267,1955,321,1367,788
1924: 385,1983,261,255,873,1188,1344,573
1925: 271,62,384,1876,1133,1939
1926: 1610,397,116,424,1339,260,533
1927: 1970,658,237,251,1241,794,812
1928: 1088,1063,1889,472,1640,603,943,1562,1018
1929: 1861,1823,1304,1247,1993,740
1930: 1317,1118,846,1592,1256,186,719
1931: 293,1181,894
1932: 501,999,1890,297,142,1829
1933: 859,1912,1052,1838,1432,570,32
1934: 1564,129,541,1551,579,803,1563
1935: 653,1145,360,394,1681,1436,1350,1945,1795,1254,1599
1936: 268,976,640,863,493,1419,496
1937: 1540,1315,1650,837,1846,1235,1870,714,87
1938: 1894,445,867,259,1342
1939: 928,365,1133,10,271,1925
1940: 1317,1118,1435,1139,1767,1033,2019,1701,876
1941: 263,328,1302,1953,1082,1273,864
1942: 428,176,1653,1763,839,1337,567
1981: 1470,1946,134,1175,1568,807,665,1585
1944: 1072,714,1365,15,1514,1338,1266,235
1945: 1270,1350,360,1935,1681,1795,2013,1254
1946: 1470,583,1520,1981,134,1175,665,306
1947: 1589,1,1434,635,1006,1142
1948: 855,2004,820,913,1165,721,57,1784
1949: 514,1487,597,865,594,1642,1286
1950: 1797,352,504,1358,1603,354,1341,1445
1951: 1356,1124,327,856,492,522,1430,996
1952: 854,430,1847,1398,1091,394,1698
1953: 829,263,1302,535,1941,1211,685
1954: 101,733,768,1846,1995,410,253,625
1955: 1267,1923,461,1423,658,237
1956: 967,1538,1691,1651,1491,1404,63,43
1995: 355,1846,1088,866,1008,1954,768
1958: 584,1355,1851,1546,1164,1791
1959: 1043,1085,1654,801,1524,1822,724
1960: 56,695,401,1813,926
1961: 1186,1480,900,503,206,513,1381
1962: 1684,294,1064,1789,450,280,52,1886
1963: 1765,1454,1406,1078,279,545,1366
1964: 185,985,994,655,399,1496,769,1679
1965: 510,1885,1233,451,840,318,760
1966: 396,1244,1368,90,198,869,1525
1967: 322,652,679,1099,1658,1505,565,538,1154
1968: 657,1059,686,1433,614,750,578
1969: 390,987,1992,515,1597,512,413
1970: 1423,1927,658,794,812,1879
1971: 1123,581,608,858,616
1972: 109,1397,705,1250,1595,834
1973: 632,526,429,76,1590,916,598
1974: 1054,1190,799,1545,285,1655,833,265,968,1255
1975: 154,957,1096,1177,520,1612,1486