0: 
1: 71,1518,1589,1142,1947,1629
2: 1848,1308,338,188,1597,987
3: 
4: 
5: 
6: 596,613
7: 766,742,350,1486,942,635,1061
8: 2022
9: 1428,1073,408
10: 365,1939,486,1036,271,1743,1314,503
11: 527,1822,1657,379,1065,774,317,1417
12: 38,1794,688,1569,168,1856,1203,1610,1602,82,533
13: 387,925,1295,511,820,973
14: 1728,1464,1626,1290,1635,494,126
15: 1294,1515,1514,1072,1338,1944
16: 426,580,609,1989,1016,1035
17: 292,1521,618,915,673,860,1002,857,1827,1191,1831
18: 1751,1120,1415,1745,821,1051,1109,687,1988
19: 282,619,946,364,482,449,419
20: 1714,660,1400,572,934,1019,442,1101
21: 361,403,1531,1978,893,135
22: 1676,662,1696,26,1781,302,58,1634,1421
23: 1118,1940,195,1271,2019,1033,1701,719,876,141
24: 992,898,1410,843,1878,1133,1885,1249
25: 536,440,1004,1542,1058,463
26: 696,1781,302,147,1449,22,662
27: 727,1027,935,784,624,1234
28: 1537,1125,905,160,1346,1401,220
29: 495,1137,637,1778,1172,1181
30: 94,312,324,1132,794,812,213,1511
31: 582,138,1872,707,912,917,1976,1413
32: 605,982,1432,531,1052,1933,40,1711
33: 1338,818,1468,633,1515,1266,1517
34: 1703,647,1026,933,1473,989,1760
35: 519,1574,1034,723,1297,97
36: 375,1456,1855,919
37: 1787,1742,1351,634
38: 12,688,1569,168,1739,1580,713,1031,523
39: 143,1600,718,539,622,1644
40: 1613,1711,1412,1432,605,982,32,1727
41: 578,1863,686,1902,1144,1994,1817
42: 337,1896,1409,1770,1305,1336,1372,1286
43: 1806,775,467,370,63,1538,1956
44: 130,1575,1615,489,1825,1567
45: 89,1684,1439,1630,115,1535,1064
46: 1666,1331,1411,208,1260,1877
47: 67,238,478,1278,1128,1862,939,1402
48: 1426,2009,737,264,609,790,747,1016,1035
49: 157,1427,961,414,793,1462,969
50: 1940,2019,1431,1767,151,1617,1141,490,1526
51: 567,667,1608,1251,628,940
52: 192,1962,1886,1359,1789,276,280,1371
53: 258,601,1020,641,838
54: 123,176,1763,839,1591,1320,372
55: 1917,191,1498,1606,1221,481,113,393
56: 695,808,1405,1813,1279,401,1960
57: 2004,1784,913,1165,414,793,1206
58: 1358,1634,1797,22,1478,1421
59: 992,898,117,576,951,851,510
60: 1029,1852,1605,1454,630,1765
61: 895,446,1756,229,1446,1370,1148
62: 977,1876,1880,384,1925
63: 1404,370,1651,1491,1556,1538,1956,775,43
64: 1253,1609,1309,1313,210,716,1790,1261
65: 1335,1391,656,532,1828,1873,1451
66: 930,216,1616,427,1038,396,1368
67: 47,759,169,238,1774,1862,939,995,1402
68: 1363,200,781,1831,857,618,673,1119,196,1192
69: 474,1692,148,247,290,1645,629,1711,1105
70: 1066,1389,1172,475,201,1137,637,1189,1853
71: 1,1518,1589,622,1629,1644,190,2014
72: 787,1128,1862,1620,939
73: 1252,1331,1411,1288,910,1382,165,1009,1907
74: 805,739,691,1157,1985,1038,1380
75: 1457,1857,245,424,1565,1282,1587,1339,1048
76: 429,546,1973,1165,1206,1590
77: 1216,183,1210,963
78: 1638,877,1161,1319,1229,1541
79: 1788,542,1093,378,867,259,786,1012
80: 969,1087,1427,961,1792,827,574,534
81: 139,1523,96,1611,728,881,1768,508,1621
82: 159,540,127,2006,12,1794,1569,1203
83: 1332,1772,606,1392,1349,1687,558
84: 1439,1217,1343,923,1675,1535,121
85: 1753,404,1147,1919,626,810,1468
86: 1361,842,1452,1280,107,1202,372
87: 1315,1937,837,714,1365,1540
88: 1694,1278,786,2016,1073,1128,1237
89: 45,450,1684,291,316,1630,115,836
90: 1966,396,1368,869,1244,198,736,1493,677,1922,1231,1525
91: 1296,740,1292,1247,711,832,1989
92: 686,1902,1044,1144,1811,1463,884,1059,1572,578
93: 1717,921,470,1154,1652,551
94: 1329,312,30,324,1832,1793
95: 2001,1732,964,1669,314,415,1180,1283,485
96: 1523,81,907,1464,126,458,310,881
97: 1195,1553,1764,35,1034,723,1030
98: 250,1502,853,528,1682,208,1666,1252,1411,1360,1997
99: 297,331,1355,1164,1113,552,366,1710,323
100: 208,1548,1877,1324,1731,1682
101: 1008,1995,768,1776,1954,621,272,1298,2017,389,733
102: 343,1222,1366,847,1406,1499,1858,1891,329
103: 880,243,122,857,1827,1191,1227,1744
104: 1387,896,1749,835,2021,286,274,106,1680,1895,1046,779
105: 440,1004,1533,422,1259
106: 1006,1680,1982,1895,286,274,970,1420,104,1387,2021
107: 1027,935,1280,455,842,376,86,1234
108: 272,2017,389,1656,1195,119,709,1374
109: 836,1520,1972,705,1470,583,291,941,1397
110: 1121,543,464,547,770,1875,952,1854,497
111: 843,977,1878,212,1440,564,748,817,1232,1410
112: 309,931,593,948,873,351
113: 1268,481,669,393,55,1917,1606
114: 2018,1741,149,1192,1545,1469,246,645,345
115: 1055,1884,1630,45,89,291,316
116: 1610,1602,720,1048,517,424,1926,397,1856
117: 1232,992,1410,59,966,1782,576,133
118: 1662,1287,349,1056,218,1031,1070
119: 1888,1416,709,108,2017,1656,253,1374
120: 1146,1489,1901,499,1377,903,789
121: 1887,1535,923,1675,84,717,975
122: 243,103,857,1191,1883,1369,196,149
123: 54,176,1763,1320,372,1361,1230,1508
124: 1839,849,462,1671,1785,1804
125: 772,254,1571,270,411,1882,1979,295
126: 748,458,1509,494,14,1728,1464,96
127: 159,82,972,136,2006,1996
128: 532,303,1828,548,1116,826,1107,231
129: 1758,1176,1564,997,541,1934
130: 1116,44,826,1575,1615,1567
131: 780,1340,1660,380,846,1129,1472
132: 164,975,1826,1067,1389,1077,1805
133: 1906,420,576,951,117,1782,425,804,623,699
134: 1585,341,1725,1568,1470,1981,1946,1520
135: 350,1318,456,1909,342,361,21,403,1025
136: 1422,1817,972,2006,783,127
137: 528,1731,1150,1682,1888,1416,853
138: 31,1872,1737,1780,763,707,556
139: 1523,81,1326,870,388,1768,508
140: 746,1713,1557,170,1824,1833,1171,602
141: 876,1820,955,1636,562,719,195,1271,23,1033,371
142: 595,588,1383,1890,441,1932,501,297
143: 39,718,1644,1170,960,644,529
144: 1289,392,1730,1994,1144,1463
145: 729,1907,809,910,1382,1017,1750
146: 1486,942,1177,361,1115,1207,350,1909
147: 696,26,302,1449,1134,806,2000
148: 1269,474,69,1163,1692,221,1645,1623,1105
149: 114,2018,1741,196,122,991,1369
150: 840,223,690,318,1149,1648,194
151: 723,225,1767,1297,1435,50,1030,1141
152: 1104,994,985,192,1359,175,802,693
153: 998,1679,1496,769,1242,1495,289,524,946,482
154: 347,766,742,1486,1975,957,415,1238,1180
155: 328,1302,1082,1941,1198,1998,616,1447
156: 468,512,515,1815,169,1483,1111,1100
157: 49,703,1427,961,414,1539,1816
158: 1864,568,1209,1385,1483,883,1100
159: 82,540,127,926,1996,1287
160: 1799,1346,1646,1401,220,28,1686
161: 1103,638,1769,1667,1390,1074,1376,1156
162: 697,1403,339,206,1186,405
163: 1905,1429,333,1670,1554,509,1080,1075
164: 444,975,132,1826,454,1067
165: 1021,800,1009,1260,73,1331,1293
166: 773,269,700,934,660,572,241,731,1916,1321
167: 797,236,866,621,912,460,1008
168: 12,38,688,1856,397,903,533,1580
169: 67,759,238,1774,1992,1815,156,1111
170: 754,1127,1824,796,1722,140,1557
171: 1763,839,257,1704,421,1143,1653
172: 1690,722,940,577,967,1691
173: 1977,996,433,449,282
174: 2012,680,305,1208,1215,1094,550,1197,288
175: 192,1359,802,332,152,994,693
176: 54,123,1763,839,1942,1230,1508,428,1653
177: 1547,413,1597,188
178: 249,1510,1330,1081,1796,1624,180,368
179: 2003,252,368,1987,1388,1139,398,1081,180,225,1297
180: 1796,1479,178,179,368,398,1574,1297
181: 1481,1675,1740,1329,1343
182: 226,639,326,1494,1326,889,262,811,1013
183: 1216,77,1210,1027,624,376,1234
184: 582,1872,1777,763,1510,1084,1796,1624
185: 1679,769,994,1964,549,1753,1147
186: 1816,1032,1047,719,1256,1930,1820
187: 490,1526,1614,506,501,999,1601
188: 774,338,1547,177,413,1597,2,987
189: 516,1908,362,925,1425,973
190: 1644,1712,1170,2014,622,71,1518,431,1179
191: 55,1917,2008,1498,1606,1114,334,393
192: 52,1886,1359,175,1371,242,1104,152,985
193: 1736,1766,1424,694,1345,1650,410,466,1678,356
194: 1746,1129,1755,1357,1330,1081,1149,1779,223,690,150,249,1648,823
195: 1118,1271,2019,23,1033,1431,876,141,562,1526
196: 2018,149,1192,122,857,618,200,68
197: 1801,1207,1370,1188,573,1148
198: 1985,1038,1017,1380,1966,90,1368,1493
199: 886,1204,1904,1152,777,1277,447
200: 1893,1363,781,68,1831,857,618,2018,196,1192,645,345
201: 1053,1077,1805,1389,475,70,1189,1853
202: 479,604,1374,1500,1656,1553,1764,409,1506,1818
203: 435,1549,1414,1290,412,1840
204: 1626,919,346,1290,382,1549,1635
205: 776,978,1706,300
206: 162,1186,1961,900,405,1537,905
207: 949,617,948,869,755,1193,1922,1661
208: 100,1260,1548,1877,528,1682,98,1666,46,1411
209: 1082,1273,417,767,1198,443
210: 1913,493,592,863,1309,64,716,1790,1261
2017: 272,108,389,101,733,253,119,1416,709
212: 1348,439,1440,564,843,977,111
213: 1693,812,1879,1511,1892,30,324,1485,1092
214: 854,1791,1847,1952,1999,336,1698
215: 229,351,1631,1446,1231,357,948
216: 930,1616,66,805,1050,1038,1368
217: 668,1775,761,1233,451,840,1467
218: 1153,713,1227,1031,1662,118,1056,880
219: 1533,1806,467
220: 160,1346,1401,668,28,1537,905,488
221: 234,247,290,1645,1443,1623,309,593,148
222: 1904,1802,1152,715,1277,1112,1874
223: 1779,840,1467,488,690,150,451,318,194
224: 1619,1674,993,1362,1544,1835,1138,1882
225: 1767,1297,151,1435,179,1987,1139,398,1940
226: 1394,870,566,639,326,1494,182,1347,908,262
227: 1825,232,672,1567,1484,1803,248,1715,678
228: 599,1718,1071,1720,947,1688,756
229: 351,1631,215,1446,1519,701,677,1231,357,61,895,1756
230: 1107,685,1979,1619,1516,1571
231: 1211,1107,685,1516,548,826,128,303,1828
232: 227,672,1567,1664,1803,248,678,1702,988
233: 692,1097,1562,1640,1285,1333,943
234: 221,247,290,1645,1708,1443,1270,2013,1860,309
235: 1543,1365,1266,1944,1697,1338,791
236: 797,866,621,912,167,1566,325,738,460
237: 251,1970,1927,658,563,461
238: 47,67,169,1774,319,1992,478
239: 1262,590,901,1943,1158,1834,1471,859
240: 505,904,1565,996,874,433,245,1587
241: 1375,1916,1321,978,934,1019,660,166,773
242: 553,1010,845,655,276,1396,1371,872,192,1104,985
243: 880,103,122,273,1352,1883,1744,1369
244: 1488,1310,712,1475,615,1093,1482
245: 1857,75,1565,856,996,874,240,1282,1587
246: 666,1469,1622,645,1545,114,1054,799,1637
247: 221,234,290,1645,1708,671,629,69
248: 914,1803,678,232,227,1702,988
249: 178,1510,1648,823,1596,194,1330,1081
250: 765,1502,98,853,479,528,1666,1360
251: 237,1927,563,1241
252: 2003,179,368,1987,1388,1139,398,1755,1081
253: 733,410,625,466,1954,2017,389,119,1416,709,1424,1150
254: 1185,772,125,411,295,1732,1669
255: 873,1631,1446,1188,1924,573,1148
256: 1507,1528,753,902,1385,792
257: 1704,1159,1214,850,839,1591,171
258: 565,53,601,1505,602
259: 795,1012,867,79,1938,1894
260: 1926,397,1901,790,499,424,264,1339,747
261: 1983,385,1188,1924,1344,555,1024
262: 1632,811,1013,226,870,639,1494,182,1326,889,388,508
263: 1211,685,772,864,1571,1941,1302,1953
264: 589,1282,1339,48,2009,260,790,747
265: 1618,833,620,1264,1190,1974,1255,968
266: 1786,1465,1578,631,684,591
267: 636,386,269,745,1550,675,1430,844,899
268: 496,976,1936,1319,974,1205,1419,1229
269: 166,773,700,745,1550,731,636,267
270: 314,957,415,1238,1096,411,1362,1809,1138,1882,295,125
271: 486,384,1036,10,1925,1939
272: 108,1298,2017,389,871,101
273: 813,1352,1883,452,1744,1070,349,1056,243,1733
274: 970,1420,286,104,106,1982,1895
275: 1200,1425,1948,855,473,1243,1167,2004
276: 1559,294,280,1396,1371,872,52,553,242
277: 916,831,927,598,878,938
278: 782,815,1830,2005,545,343,1990,1366,1798
279: 525,1078,815,1911,1963,545
280: 1559,276,294,1371,1789,52,1962,1886
281: 1098,1542,1558,1236,751,708,1028,1943
282: 19,619,364,449,419,1977,173,996,433,904
283: 1029,1980,1852,1000,344,560,1530
284: 1668,816,1065,932,1584,1688,1724,947
285: 1655,991,1545,1741,1054,1974,968
286: 1760,1881,1588,274,1420,104,1387,896,106,1895
287: 1147,307,549,1582,1512,1919
288: 1197,406,954,726,174,2012,550,1187
289: 407,369,1242,1495,524,1201,399,153,1496,482
290: 221,234,247,1645,1708,1443,1623,1270,593,629,69
291: 89,450,1684,316,115,109,836,705,741,1250
292: 17,1521,915,673,1119,860,1183,1455,1085,1831,1524
293: 1931,894,1181,495,442,1101
294: 1559,276,280,1041,1887,1064,1789,1962
295: 1809,1138,1882,1979,270,411,254,125
296: 1229,1898,496,1913,1419,436,1734,1109
297: 331,1355,99,552,366,1932,595,418,588,142,1829
298: 1333,950,1841,861,891,554,1184
299: 830,1581,1113,552,930,323,427
300: 400,205,978,432,1375
301: 1198,1837,1418,1830,2005,443,1447
302: 696,26,1781,147,22,1667,1376,1478,1156,1421
303: 128,532,1828,1211,231,829,1005
304: 2020,1536,431,1179,1633,2014,1213
305: 174,2012,680,1208,1875,1641,1182,726
306: 1470,1175,665,1946,583,1055,316,836
307: 1773,549,693,897,1582,607,1155,287
308: 1721,852,1517,416,1219,737,674,1504
309: 112,931,593,948,1860,351,221,234,1443
310: 1782,1611,425,881,458,966,1509,96
311: 1265,891,1689,1246,1407,1841,861
312: 1329,94,30,1132,1793
2020: 304,1536,431,1095,1633,2014,1328,1903,600
314: 270,415,1238,1180,411,95,1669
315: 1912,1838,1262,590,704,1490,777
316: 89,291,1055,115,306,583,836
317: 774,1089,1417,11,527,1657,1897
318: 760,1965,1149,451,840,223,150
319: 238,1774,1079,1308,987,1992,478
320: 578,1863,1196,561,750,1151
321: 591,1923,1267,684,1477,785
322: 1738,470,679,1099,1967,1015,484,1642
323: 930,1616,1710,1726,99,1113,552,366,299
324: 94,30,1832,812,213,1511,1892,1485
325: 707,556,738,236,912,1566
326: 1394,226,566,639,1494,182,1102,778,1347,1900,908
327: 856,1977,996,522,544,492,1951
328: 581,155,1302,535,1082,608,1998,616,1447,1971
329: 1891,102,1990,1222,965
330: 1704,1214,850,595,418,1649,331,1355,584,421
331: 297,1355,99,1164,366,595,418,330
332: 802,834,1408,175,1773,693
333: 163,1429,1670,1836,1554,758,1258
334: 401,1960,349,191,2008,1606
335: 447,605,1131,982,531,944,627
336: 1999,1522,1263,1851,1849,862,214,1791
337: 42,1896,1409,819,1770,594,762,1286
338: 774,1089,188,712,1848,2
339: 697,162,890,1709,405,1984
340: 465,587,735,971,1230,483,1303,1594
341: 889,1585,134,1689,1725,1013
342: 1473,989,403,1531,1025,1723,135
343: 102,545,1990,1222,1366,847,278,815,1406,1963
344: 1785,559,560,1530,353,283,1000,462
345: 1488,981,114,2018,1192,1893,1363,200,1469,1475,645
346: 1626,204,1899,382,654,1635
347: 1384,766,742,154,415,1180,485
348: 878,455,938,831,927,1378,784,727,935
349: 118,334,2008,273,452,1070
350: 135,1318,456,1909,146,942,1061,7
351: 873,229,1631,215,357,948,112,309
352: 1445,504,1950,754,1127,1341,1209,1379
353: 1671,559,344,1530,979,1274,824,471,1042
354: 1358,1240,1718,1071,1720,1603,504,1950
355: 1018,1846,828,1235,1928,1088,866,1995
356: 791,1678,1540,1315,1650,410,466,193,1736,1766,1345
357: 1922,1231,1525,1244,677,617,948,229,351,215
358: 402,888,643,1062,1215,1579,879,1094,1871
359: 429,1316,546,1295,732,511
360: 1350,1945,1661,1145,653,1935,394,949
361: 21,403,1978,1801,1115,135,1909,146
362: 516,189,1125,1401,1686,1200,1425
363: 416,469,505,1759,875,737
364: 19,282,619,1248,706,433,505,904,1759
365: 10,1381,1939,928,1314,503,1480
366: 297,331,99,1113,552,1932,1710,1829,323
367: 1864,1305,1209,1379,1127,1218,1503,1336
368: 252,179,1987,1388,398,178,1081,1796,180
369: 407,1258,1242,289,524,1836,1199,487,449,419,482
370: 1404,63,1866,1651,1556,775,43
371: 1735,827,611,1032,703,961,1820,1636,141
372: 1202,1320,1361,842,86,54,123,1508
373: 1651,483,1491,1556,1303,1594,1608,1956
374: 1519,1750,701,736,677,729,1659,1921,1756
375: 382,36,919
376: 1361,842,1234,1607,107,183,1210
377: 687,1703,647,1913,592,1026,1790,436,1734,1051
378: 1342,2015,1869,867,79,1093,1482
379: 11,1524,1822,1657,724,816,1065,1417
380: 131,780,1660,846,434,1472,1047,1256
381: 1620,1438,521,664
382: 375,1899,204,919,346
383: 1578,631,659,1855
384: 486,271,62,1925
385: 261,1983,557,873,931,1924,1344
386: 1842,636,1783,267,1577,745,1430,844,899
387: 689,925,1295,13
388: 1349,508,1494,139,1326,1632,262,811
389: 272,108,2017,101,768,1776,1954,733,253,709
390: 1969,515,413,1597,599,1720,1168,512
391: 1617,1030,409,1850,1141,1553,1506
392: 144,1289,1994,1552,517,1422,1817
393: 1268,669,113,1453,1221,401,55,1917,191,1606
394: 653,1122,1091,586,1145,1398,360
395: 1673,1309,1513,1313,640,1823,863
396: 1966,90,1368,869,1244,66,427,1814
397: 260,1926,1901,1610,116,168,1856,903,533
398: 252,179,368,1987,1139,180,1574,225,1297,1435
399: 994,985,1964,1201,655,1495,289,1679,1496
400: 300,997,1375,1916,541
401: 1960,334,695,1453,1221,56,393,1606
402: 358,888,643,1062,1215,1579,1871
403: 361,21,1531,342,989,1025,135,1318
404: 85,1753,1147,998,769,626,810
405: 1709,1537,905,1186,162,339,206
406: 1584,1688,1197,756,954,288,932,1696
407: 758,1258,369,1242,1495,289,524,612,1201,655,1496
408: 9,1073,1894,2016,795
409: 391,1617,1030,1850,1553,1500,202,1506,1818
410: 733,253,625,466,1846,1954,1315,1937,1650,1870,356,193
411: 270,314,295,1732,1669,254,125
412: 1102,1840,744,203,1290,1728,907
413: 1547,177,1597,1724,188,599,947,390,1969
414: 57,1784,1539,793,49,157
415: 270,314,957,1238,1180,347,742,154,485,95
416: 363,469,1219,308,737,674
417: 1771,767,1312,209,1719,906,2005,443
418: 595,1649,1383,1214,850,330,297,331,1355
419: 487,449,369,524,19,282,946,482
420: 133,951,623,699
421: 584,1263,1851,1704,330,171,1849,1143,1653
422: 911,463,1276,1300,105,440,1259,1845
423: 1220,1601,1228,1023,1726,1050
424: 1457,517,1857,75,1282,1339,1610,720,116,1048,260,1926
425: 1782,1611,310,728,804,133,699
426: 16,580,648,1014,609,1989,1292
427: 930,66,830,299,396,1368,869,1814
428: 735,1230,176,1763,1942,1337,567,667
429: 359,1316,526,546,1973,76,1590
430: 1546,830,1581,854,1952,1398,1091
431: 2020,304,1095,1179,1518,1633,190,2014
432: 1375,978,300
433: 1977,173,996,874,449,282,364,505,240,904
434: 1301,473,990,1472,380,846,1047,1256
435: 1456,1855,1549,1414,203,659,1840
436: 1734,1109,496,1913,1419,493,592,296,377
437: 571,695,1453,1501,808,596
438: 1681,1844,1028,1698,1918,841,1436
439: 654,212,1635,1348,1440,757,959
440: 105,25,1004,1058,422,911,463,1259
441: 1735,1792,827,611,491,588,537,1649,1383,142,1890,1214
442: 1019,1706,1101,293,894,776,20
443: 301,1198,2005,417,1082,209,1719,906
444: 717,164,975,454,1481,923
445: 1938,1395,892,1342,1807
446: 61,1921,1756,1867,1659,1978,1370
447: 335,982,531,777,1204,199,944
448: 1189,1853,1049,1137,509,1670
449: 487,544,419,369,19,282,482,1977,173,996,433
450: 89,1684,291,1789,1962,741,1886
451: 1233,1775,217,318,1965,840,1467,223
452: 273,813,1352,1883,1744,1070,349,2008,1114
453: 2000,1387,896,1749,835,821,1881,1474,1134
454: 1481,164,444
455: 348,938,937,1452,927,1378,727,935,1280,107
456: 350,135,1318,970,1025,1982,1434,1061
457: 1612,555,520,1207,1188,1344,573
458: 126,748,966,1509,1464,96,310,881
459: 489,983,627,1613,605,1131,2002,1727
460: 1593,1063,1088,236,866,167,1566
461: 591,1267,1955,563,1465,237,658
462: 1839,849,124,945,1785,344,560
463: 422,911,1300,1058,25,440,1126
464: 1638,877,887,1161,110,543,1586,497
465: 963,1705,340,587,1866,483,1303
466: 410,253,625,1650,356,193,1766,1424
467: 1806,43,1538,477,219,1533
468: 156,1168,512,1011,1603,883,1100
469: 363,416,1219,1248,1306,1747,1759
470: 322,1738,652,1099,1154,93,1717,921
471: 1106,551,979,1154,824,353,1042
472: 603,950,1687,891,606,1928,1889
473: 434,1243,990,1167,1472,275,1399,1200,780
474: 69,1692,148,1105
475: 1066,1389,1172,70,1067,201,1077,637,1189,1853
476: 760,1386,1149,1906,951,749,1648,823,1596
477: 577,1538,1691,467,536,1004,1533
478: 1694,1278,1079,47,238,319
479: 604,1374,1500,202,1888,250,765,853
480: 1918,1999,841,1522,1251,628,956
481: 1268,113,55,1917,980
482: 19,619,946,369,1242,289,524,153,449,419
483: 373,1556,1303,1594,735,465,1705,340,1866
484: 1642,1492,1162,1299,322,1738,679,1015
485: 1283,1353,1384,347,415,1180,2001,95
486: 384,1036,271,10
487: 449,544,419,1836,369,1199,1977
488: 1779,840,1467,223,690,668,1346,220
489: 983,1140,1484,459,2002,44,1825
490: 187,1526,1614,1431,50,1617,1850
491: 574,986,534,441,1792,537,1159,1214
492: 1356,1951,1430,899,1130,522,675,327
493: 210,1913,1419,592,863,1936,436
494: 1635,1440,564,1626,14,126,748,1509,817
495: 29,1137,293,1181,1101,1400
496: 268,976,1936,1319,1913,1419,1229,296,436
497: 879,1586,110,543,1638,464,770,1875,952
498: 608,858,1998,616,1447,1418,1108
499: 260,1901,790,1377,1354,747,903,120,1489
500: 1760,1881,1588,1988,687,647,1745
501: 506,1932,999,955,562,187,588,142,1890
502: 937,1991,1452,764,1087,1239,683
503: 513,1961,1314,1480,10,1381,365
504: 1445,352,1950,354,1011,1603
505: 240,904,1759,364,433,363,875,1587
506: 501,999,955,562,187,1526
507: 1582,607,1155,897,1184,1437,1285,1097
508: 1677,1349,388,1768,139,81,1326,1632,262,1772,1392
509: 1714,1400,1080,1137,448,163,1670
510: 760,1965,1386,898,59,1885,851
511: 721,820,1295,13,359,546
512: 156,468,1168,390,1969,1992,515,1815
513: 1186,1961,1314,503,1743,1403
514: 1949,865,594,762,1286
515: 390,987,1969,1992,1815,156,512,1774
516: 1984,1908,189,362,1709,1125
517: 1552,1457,1857,424,1289,392,1422,783,720,116,1048
518: 1269,1163,1692,663,1105,1762,1555,1117,1450
519: 35,650,1574,1034,582,1479,1307,1976,1413,871
520: 1975,457,1612,555,1752,957,1096
521: 1507,664,902,381,1438,995
522: 1441,675,544,492,1951,1430,899,327
523: 1460,1257,38,1739,1580,1076,1153,713
524: 407,369,1242,289,153,1496,419,946,482
525: 279,1078,1213,1536,1903,1911
526: 429,1316,1973,632
527: 11,1657,920,1893,781,1897,317
528: 137,1731,1682,1888,250,98,853,208,1666
529: 1281,1748,1527,1060,143,1712,1170,960
530: 1714,660,572,1080,1905,700,1550,1628
531: 1912,1052,777,447,335,982,32
532: 128,303,1828,65,656,661,1873,1005
533: 903,1580,1610,397,1901,12,168,1856
534: 574,986,491,1427,80,1792,827
535: 581,328,1302,1953,829,1160,616
536: 25,1004,1690,577,477,1098,1542
537: 588,1649,1383,441,1792,491,1214,850
538: 979,1154,1274,824,565,652,1967
539: 585,779,1322,622,1074,1589,1600,39,1644
540: 159,82,1794,1569,1662,1287,1031
541: 1934,579,997,400,1916,129
542: 79,1788,1093,1707,786,1012,1694
543: 110,1121,1323,648,877,464,887,952,497
544: 487,449,1199,522,1441,327,1977
545: 343,1366,847,279,278,815,1765,1406,1963
546: 359,429,1316,76,721,511,1165
547: 770,682,1875,952,1854,110,1121,575,1761
548: 1516,1674,1166,826,1107,231,128
549: 307,693,994,1964,185,1753,1147,287
550: 1534,1094,958,1871,174,288,1187
551: 1106,1652,471,979,1154,824,93,921
552: 297,99,1164,1113,366,1710,1829,323,299
553: 242,1010,845,612,655,276,1396,1371,872,1001
554: 2007,1184,1437,1841,861,298,1333
555: 457,520,1752,1344,573,261,1983,1024
556: 646,707,325,738,1647,1737,1332,138
557: 1821,1983,385,931,1623,1269
558: 1687,1265,891,1843,1349,1772,606,1392,83
559: 1671,1785,344,560,1530,353,979,1042
560: 1785,559,344,283,1852,630,945,1839,462
561: 614,1226,750,320,1196,1169,1151,1279
562: 876,955,1636,141,195,1271,1033,1431,1526,506,501
563: 1465,237,251,461
564: 212,1635,1440,494,111,748,817
565: 258,1505,1967,538,1274
566: 1394,226,639,326,1494,1102,744,778,1347,908
567: 667,51,1942,428,862,1251,1337
568: 158,1864,1305,1209,1385,1528,1770
569: 1729,980,620
570: 671,882,1432,629,1868,1471,859,1933
571: 437,1453,1268,669
572: 20,1714,660,530,934,166,700,1550
573: 1188,1924,1344,1148,255,1801,1207,197,457,1612,555
574: 986,534,491,1239,1087,80,924
575: 953,1325,1761,1639,1455,1461,547,952,1854
576: 133,951,851,992,117,59,1782,1386
577: 1538,477,1691,1690,172,536
578: 320,41,1863,1968,92,686,1902,750
579: 1551,541,1934,803,731,1916
580: 16,426,648,1014,1354,1016,1035,1323,1812
581: 328,1302,535,829,1123,1160,1998,616,1971
582: 184,31,1872,1084,1479,1307,1976,650,519
583: 1470,1946,306,316,109,836,1520
584: 421,1958,1263,1851,1704,330,1355
585: 539,779,1322,2021,1390,1046,1074,638,1600
586: 1814,1193,1145,1398,830,394
587: 465,963,1705,340,1607,1210,971
588: 595,537,1649,1383,142,1890,441,611,501,297
589: 264,1282,875,1587,1339,2009
590: 1262,901,1126,239,1300,704,315
591: 461,321,1267,1465,266,684
592: 210,1913,1419,493,716,1026,1790,1261,436,1734,377
593: 112,309,931,221,290,1443,1623
594: 1372,1642,1492,337,1409,1286,1949,514,865
595: 418,588,1649,1383,142,330,297,331
596: 6,613,1501,808,437
597: 1949,1487,865,1642,1738,1717
598: 277,916,1224,1590,1039,878
599: 228,1720,947,413,390,1168,1603
600: 1771,1328,1312,1903,2020,1536,1095
601: 258,53,746,1713,641,1090,602
602: 1658,1171,1505,140,746,258,601
603: 1333,950,943,472,1928,1889,1063,1088,1562,1640
604: 479,1374,1500,202,1656,765,853
605: 335,1131,982,32,40,1613,1412,1727,459,627
606: 1332,83,1687,558,472,1593,1889,1063
607: 1582,1155,507,1408,897,1773,307
608: 858,1998,1529,498,616,1447,328,1971
609: 832,1504,1989,48,1426,674,1035,16,426
610: 698,962,807,1110,1693,1879,1423,1175
611: 1735,441,371,955,1636,588,1890
612: 553,1010,845,1201,655,1001,1049,1554,407,758
613: 1136,1501,596,6
614: 1433,1334,1226,561,750,1968
615: 1788,1093,1482,1310,244,712
616: 608,1998,1529,498,581,155,328,535,1971
617: 207,948,1244,755,1922,357,1525
618: 17,915,673,1119,857,1191,196,200,781,68,1831
619: 19,282,1248,946,364,482,706,998
620: 1618,833,265,569,1729,1373,968
621: 797,236,866,167,1413,101,1008,1298
622: 539,1322,71,1589,39,1644,190
623: 749,752,1780,699,1906,420,133,951
624: 1027,27,1234,1216,183
625: 733,410,253,466,1954,1650
626: 1306,810,1747,85,404,818,1468
627: 983,1140,459,605,335,1131,944,1787
628: 751,722,940,956,1251,51,480,1522
629: 671,1432,570,247,290,1645,1708,69,1711,1105
630: 1765,945,1406,1499,60,1852,847,560,1839
631: 1578,383,659,684,1910,266
632: 526,1973,916
633: 1338,818,33,1266,1697,848,852,1517,1178
634: 1803,1715,678,37,1742
635: 1434,1061,1947,1384,7,766,1142
636: 1783,386,267,731,773,269,745
637: 29,1137,1778,1172,475,70,1853
638: 1103,1769,161,984,1390,1074,585,1600
639: 226,566,326,1494,182,1347,1900,889,262
640: 1823,1861,395,976,1936,863
641: 838,1090,644,53,601,1020
642: 1327,965,1194,1798,1837,1830,1990
643: 358,402,888,1062,1541,1898,1109,1579,1751,1120,1871
644: 960,641,838,1090,143,718,1713,1364
645: 1469,246,114,2018,1192,1363,200,1488,981,345
646: 556,738,1647,1737,1332,1772
647: 34,687,1703,377,1051,1760,1881,500,1588,1988
648: 426,580,1014,822,543,1323,887
649: 1667,1390,1046,2000,1749,835,696
650: 519,1574,582,1872,1084,1479,1307,1976,871
651: 1532,1758,1564,1563
652: 1738,470,679,1099,1967,1154,538,824,921
653: 1935,1122,1436,394,1091,1145,1681,360
654: 1635,439,1440,1899,959,346
655: 553,242,1010,612,1201,399,1104,985,407,1495,1496
656: 1335,65,1116,1664,532,1828
657: 1059,1819,1291,1968,730,686,1433
658: 237,1970,1927,461,1267,1955,1423
659: 631,383,1910,435,1855,1414
660: 20,1714,572,530,978,934,1019,1101,241,1321,166,700
661: 1865,1123,1873,1005,1160,532,1451
662: 1187,22,1676,1696,958,1449,26,1781
663: 1711,1412,1105,518,1163,1692,1555,1450,1727
664: 521,1507,381
665: 1175,1981,1946,306,698,1110,1055,1800
666: 1469,1622,246,1054,799,1245,1957,1637
667: 567,51,1608,735,428,1594,940
668: 217,761,905,840,1467,488,1346,220
669: 1268,113,393,571,1453,1221
2018: 114,1741,196,149,1192,1363,200,1469,645,345
671: 1432,570,629,1868,1471,247,1708
672: 1825,232,227,1567,1664,1116,678,1702
673: 17,292,1521,618,915,1119,1191,68,1831
674: 1426,737,416,308,1721,609,1504
675: 522,1628,1441,745,1550,267,492,899
676: 1223,825,1548,1877,1673,1513,1313,1253,1272
677: 1519,1750,374,701,736,1493,90,1231,357,1525,895,229
678: 914,1803,248,1715,634,1484,232,227,672,1702
679: 322,1738,652,1099,1967,1015,1658,1505,484
680: 174,2012,305,1208,1875,1215,879,1094
681: 1066,1683,1067,1604
682: 547,770,1875,952,1761,1641,1654
683: 924,1202,1320,1087,502,937,1452,1239
684: 1578,631,1910,266,321,591,785
685: 1211,1107,263,230,231,1979,864,1571,1953
686: 92,1902,1811,657,1059,1968,750,41,578
687: 1703,647,377,1734,1051,18,500,1988
688: 12,38,1794,1569,168,1856,1203,1580,713,1031
689: 387,925,1908
690: 1779,488,223,150,1648,1746,194,1357
691: 1700,1915,1757,74,739,1157,1985
692: 233,1097,1393,1562,1640,1285,943,828,837,1068
693: 1773,307,549,175,332,152,994
694: 193,1324,1736,1766,1424,1731,1150
695: 437,1453,1221,56,808,401,1960
696: 26,302,147,1134,2000,649,1667,1156
697: 1403,162,339,890
698: 610,962,807,1110,1568,1175,665,1981
699: 623,1780,425,804,420,133,1083
700: 166,773,269,745,1550,660,572,530,1321
701: 1519,374,736,677,1231,895,1756,229
702: 1506,1818,1497,1500,1174,765,1700,1757
703: 157,961,1539,1816,1032,1820,371
704: 911,1300,590,1126,315,1490,715
705: 109,836,1972,291,741,1250
706: 619,1248,946,364,998,1306,810
707: 325,556,738,1737,138,31,912
708: 1844,1028,281,1558,1236,1599,1943
709: 119,1416,108,2017,389,733,253
710: 767,1328,1312,1732,964,1185,1273
711: 91,1247,1721,848,1699,832
712: 1310,244,1897,1089,338,615
713: 1076,218,1153,1031,38,688,1569,523
714: 837,1068,1072,1514,87,1937,1365,1944,1540
715: 1490,222,1904,1802,1152,911,1276,704
716: 1026,1790,1261,1212,64,1609,800,210,592,1561,1810
717: 444,975,1826,1041,923,1887,121
718: 143,1600,39,984,1364,960,644
719: 186,1032,1256,1701,1930,1118,1271,23,1033,876,1820,141
720: 1610,1602,116,1048,517,424,1422,783,1203
721: 1948,511,820,546,913,1165
722: 1690,172,751,628,940,956
723: 1297,151,35,97,1030,1141
724: 1668,816,1065,932,885,1959,801,1822,1657,379
725: 1439,1217,1485,1832,1892,1884,1630,1092
726: 1584,1197,288,1182,2012,305,1668,932,885
727: 27,935,1280,1378,784,348,455
728: 1611,425,881,804,81,1768,1621
729: 929,1907,145,1382,1009,1750,374,1659,1921
730: 909,1532,657,1291,1458,1433
731: 1916,1321,166,773,269,579,636
732: 1295,359,1316
733: 410,253,625,101,768,1776,1954,2017,389,1416,709
734: 826,1575,1555,1117,1615,1627,936,1674,993,1135,1166
735: 971,1230,428,340,667,483,1594
736: 1519,1750,374,701,1493,677,90,1231,1921
737: 48,1426,2009,674,363,416,308,875
738: 646,707,325,556,1332,1593,236,1566
739: 805,74,1050,1174,1228,691,1700
740: 91,1296,1247,1929,1861,974
741: 1962,1886,1359,450,291,705,802,1250
742: 1384,347,7,766,154,1486,942,1975,415
743: 798,1169,868,1334,1226,1136
744: 1102,412,1840,907,1394,870,566
745: 269,700,1550,1628,675,636,386,267,899
746: 140,1713,1557,1090,602,601
747: 1377,1354,1016,1035,264,48,2009,260,790,499
748: 126,458,966,1509,817,1440,564,494,111,1232
749: 752,623,1777,1906,951,476,1386,823,1596
750: 614,1226,561,1968,686,320,578
751: 1690,722,628,956,1918,1098,281,1558
752: 749,623,1780,1777,763,1906,1596
753: 1507,1528,256,1896,819,1770
754: 170,1127,1824,1341,796,1722,352,1218
755: 1814,1193,869,1244,1922,1525,207,949,617
756: 1584,1688,406,954,1696,228,1718,1071,947
757: 1643,1665,959,1880,1348,439
758: 407,1258,1242,1495,1554,612,1201,333
759: 67,169,792,1111,995,1402,902
760: 318,476,510,1965,1386,1149,1906,851
761: 668,1775,900,217,1480,905,1467
762: 1286,337,819,514
763: 752,1780,1777,1737,184,138,1872
764: 1039,1462,969,1087,502,1991
765: 250,1502,853,479,604,1500,702,1818,1757
766: 1384,347,7,742,154,635,1142
767: 417,1771,1312,710,209,1273,906
768: 101,1008,1995,1776,1954,1846,389,733
769: 153,998,185,1679,1496,1964,1753,404,1147,946,810
770: 547,682,1875,952,110,879,497
771: 1161,822,1037,974,1205,1296,1014,1319,877,887
772: 1185,864,254,1571,125,1979,263
773: 166,269,700,241,731,1916,1321,636
774: 1089,338,317,188,1417,11,1547
775: 1806,43,370,63
776: 205,894,1706,442
777: 1490,1904,1152,1277,315,1912,531,447,199
778: 1102,1840,922,1859,908,566,326
779: 585,539,1322,104,1749,2021,1680,1046
780: 131,1340,380,1799,1646,1399,473,1472
781: 1893,1363,200,68,1831,618,1119,527,920
782: 278,815,1719,1911,906,1830,2005,1798
783: 1422,136,2006,517,1602,720,1203
784: 1442,1378,348,727,27,935
785: 922,1859,1477,684,1910,321
786: 2016,795,1012,79,542,1707,88,1694
787: 72,1128,1237,1428
788: 962,807,1923,1477,1367,1754,1568
789: 903,1739,1146,120,1257,1639
790: 260,499,264,1339,48,2009,1377,747
791: 1678,356,1540,1685,1543,235,1365,1697,1022
792: 1385,1483,1111,759,995,902,256
793: 1224,1206,57,414,49,1462
794: 1970,1927,1132,1241,30,812,1511
795: 259,786,2016,1012,1894,1073,408
796: 170,754,1127,1341,1722,1797,1478,1920
797: 236,621,912,167,917,1413,1008,1298
798: 1501,743,808,1405,1169,1136
799: 1054,1190,1974,1255,1245,666,246
800: 165,1021,1293,1609,716,1561,1476,1810
801: 1654,1182,1043,1959,1822,724,885
802: 1250,332,834,741,1359,175,152
803: 1551,579,1783,884,1819,1572,1811
804: 1611,425,728,133,1621,1083,1780,699
805: 74,739,1050,1228,216,1616,1038
806: 1474,1449,1134,1534,1672,147
807: 698,788,610,962,1754,1568,1175,1981
808: 1501,798,1405,596,437,695,56
809: 1288,910,1157,1382,1985,1017,145
810: 626,1306,998,769,85,404,1248,946,706
811: 1843,1632,262,1013,1246,182,889,388
812: 1879,213,1511,1423,1970,1927,794,30,324
813: 273,1352,1883,452,1114,1560,1733
814: 1108,1327,1194
815: 278,782,1911,279,1963,545,343,1366
816: 724,1668,284,1065,379,1417,1547,1724
817: 748,966,1509,564,494,111,1232,1410
818: 1338,1468,33,633,1515,626,1747,1219,1517
819: 337,1896,753,762
820: 1948,721,511,973,855,13,913
821: 1751,18,1415,1745,1881,1988,1474,1134,896,453
822: 1161,771,1037,648,1014,877,887
823: 249,1510,1648,1596,1906,476,1149,749,194,1330
824: 979,1154,538,652,353,921,1106,1652,551,471
825: 1716,1223,676,1324,1736,1766,1345,1448,1548
826: 130,1116,1575,734,548,1166,231,128,1828
827: 1735,441,1792,371,1427,961,80,534
828: 355,1018,1846,1235,692,1562,1640,837,1068
829: 581,535,1953,1211,303,1005,1160
830: 430,1581,299,1113,427,1814,586,1398
831: 277,927,1442,1378,348
832: 609,1504,1989,1721,848,91,1292,711
833: 1618,620,265,1729,1373,1655,1974,1255,968
834: 802,1250,332,1408,1595,1972
835: 2000,104,1387,896,453,1749,1134,649
836: 109,1520,705,306,583,89,291,316
837: 1068,714,1072,692,828,1235,87,1937
838: 960,641,1090,644,1281,53,1020
839: 54,176,1763,1591,171,1942,257,1159,1653
840: 1467,488,223,150,1233,451,668,217,318,1965
841: 1918,1999,480,956,438,1028,1698
842: 1361,376,86,1234,1607,1027,1280,107,372
843: 977,1876,1878,111,212,24,1410
844: 1430,899,386,267
845: 553,242,1010,612,1201,1396,1001,1049,1554
846: 131,1660,380,434,1592,1930,1256
847: 102,545,343,1222,1366,630,1406,1499,1858,1891
848: 1721,852,633,1697,1699,1178,832,711
849: 1839,1858,462,124,1804
850: 257,1704,1214,330,418,537,1649,1383
851: 1906,576,951,59,510,760,1386
852: 308,1721,848,1517,633,1219
853: 250,765,98,1888,479,604,1374,137,528
854: 214,1791,1952,1958,1851,1546,430,1581
855: 1948,820,973,275,1200,1425,2004
856: 327,1565,1977,996,874,1356,1951,1857,245,1124
857: 103,122,1191,17,618,196,200,68
858: 608,1529,498,1108
859: 1838,1933,1471,1262,239,570
860: 1460,1002,1257,1183,17,292,1521,915
861: 1407,1841,311,891,554,298
862: 1849,1143,1251,1337,567,336,1522
863: 210,1419,493,640,1823,395,1309,976,1936
864: 1185,772,1571,263,685,1941,1273
865: 1949,514,1487,597,594,1642,1492,1286
866: 236,621,167,1063,1088,460,355,1008,1995
867: 1342,378,79,1093,1938,259,1012
868: 1458,1334,1226,1136,743
869: 1966,396,90,1368,1244,427,1814,755,1193,1922,1525,207
870: 1394,226,1494,744,907,139,1523,1326,262
871: 1307,1976,1413,650,519,1034,272,1298,1195
872: 276,1371,553,242
873: 351,1631,1446,255,112,931,1188,1924,385
874: 1565,856,996,433,240,245,1587
875: 589,1587,505,363,2009,737
876: 1820,141,562,1701,719,1118,195,1271,23,1033
877: 1638,464,887,78,1161,771,822,1319,543,1586
878: 348,938,937,1991,277,927,598,1039
879: 1215,1579,1586,497,770,1875,358,680,1208
880: 243,103,1827,1056,1076,218,1227,1744
881: 1611,310,728,458,1523,96,81
882: 1432,570,1933
883: 1385,1483,1100,468,1011,1445,158,1209
884: 1842,1783,803,1572,92,1044,1811,1463
885: 724,1668,1065,932,801,1182,726
886: 1045,1204,1351,199,1277,1874
887: 877,464,648,1014,1161,771,822,543,1323
888: 358,402,643,1062,1638,1541,1898,1579
889: 1585,341,1900,639,182,262,811,1013
890: 697,339,1984
891: 1687,311,1265,558,861,298,950,472
892: 1342,2015,1573,1007,1395,1957,1807,1938,445
893: 1570,1867,1576,1808,21,1531,1978
894: 293,1931,776,1706,442
895: 61,1921,1756,1519,701,677,1231,229,1446,1148
896: 104,1387,453,1749,835,821,1881,286,1588,1420,1895
897: 2007,1437,1285,1408,1595,1773,307,607,1155,507
898: 24,992,59,1885,1249,510
899: 492,1430,844,1130,745,522,675,386,267
900: 1775,761,1961,1480,206,905
901: 1262,590,1126,239,1943,1236,1058
902: 521,1507,256,759,792,1438,995
903: 533,1739,1580,789,397,1901,499,168,120
904: 505,240,1759,282,1248,364,433
905: 28,405,1537,206,668,900,761,220
906: 782,1719,1911,417,1771,767,1312,1903,443
907: 1728,1464,412,744,870,1523,96
908: 1347,1367,922,1859,1102,778,226,566,326
909: 1532,730,1458
910: 1288,809,1997,1157,1382,73,1252,1331,1009,1907,145
911: 422,463,1276,1300,704,440,715
912: 797,236,167,707,325,31,917,1413
913: 57,2004,1784,1165,1948,721,820
914: 1803,248,678,988
915: 17,292,1521,618,673,860,1002,1183,1191
916: 277,598,1973,632,1590
917: 1307,1976,1413,31,797,912,1298
918: 1335,1391,1702,988
919: 204,36,375,382,1456,1549
920: 1524,527,1657,1119,1893,781,1831
921: 93,1717,470,652,1099,1154,824,1652,551
922: 1859,1477,785,778,1347,1367,908
923: 1481,1675,84,717,444,975,121
924: 683,1202,1320,574,986,1239,1159,1591
925: 689,387,13,1908,189,973
926: 1813,1040,1996,159
927: 277,831,1378,878,348,455,938
928: 1381,365,1133,1939,1583,1249
929: 729,1907,1021,1009,1576,1476,1570,1659
930: 323,216,1616,66,427,1726,299
931: 112,309,593,873,1623,557,385
932: 724,1668,284,885,1182,1584,1197,406,726
933: 1473,989,1808,1026,1212,1284,34
934: 978,1019,1706,20,660,572,241,1375,1321,166
935: 727,1027,27,1280,107,784,348,455,1234
936: 1615,1627,1450,1762,1555,1117,993,1135,1166,1575,734
937: 878,455,502,938,1991,1452,1280,683
938: 878,348,455,937,1991,1452,277,927
939: 1620,1438,995,1402,47,67,72,1128,1862
940: 172,722,628,667,51,1608,967
941: 1407,1841,1397,1725,109,1520
942: 146,1486,1177,350,1909,1061,7,742
943: 1333,603,950,1285,1928,233,692,1562,1640,1018
944: 1204,1351,447,335,1131,627,1787
945: 630,1499,1852,560,1839,462
946: 19,619,482,706,524,153,998,769,419,810
947: 228,599,284,1584,1688,756,413,1724
948: 207,617,357,351,215,112,309
949: 207,755,1193,1145,360,1661
950: 298,1333,603,943,472,891,1184,1889
951: 1906,420,576,133,851,59,476,1386,749,623
952: 547,770,682,1854,1461,110,1121,543,575,497
953: 1325,575,1761,1639,1455,1257,1183
954: 1197,756,406,288,1187,1676,1696,1071
955: 1636,141,562,611,506,501,1890
956: 751,722,628,1251,1918,841,480,1522,1558
957: 270,415,1238,1096,1486,1975,520,154
958: 1534,550,1449,1187,662
959: 1643,1665,757,1899,654,1348,439
960: 838,644,143,718,1170,1281,529
961: 49,703,157,1427,80,1735,827,371
962: 698,788,610,807,1923,1955,1423
963: 465,1705,587,77,1210
964: 2001,1732,95,1669,1283,1095,1328,1312,710
965: 1327,642,1798,1990,1222,329
966: 748,458,1509,817,1232,117,1782,310
967: 1956,1691,1608,1491,172,940
968: 1974,1255,1373,285,1655,833,620,265
969: 764,1462,1087,80,49,1427
970: 274,1420,1025,1723,1318,456,106,1982
971: 735,1230,1508,1361,1607,1210,340,587
972: 1817,136,2006,1863,1196,1996,127
973: 820,855,189,925,13,1425
974: 771,1037,1205,1296,740,1861,268,976
975: 717,164,444,132,1826,1041,923,121
976: 268,496,1936,1319,640,1823,1861,974,1205,863
977: 62,843,1876,111,1880,212,1348
978: 934,1019,1706,205,660,300,241,432,1375
979: 1154,538,1274,824,559,1530,353,551,471
980: 481,1917,569,1173,1729
981: 1488,1310,345,1897,1192,1893,1363,645
982: 447,605,335,1131,32,531,1052,40
983: 489,1140,1484,459,627,1131,2002,1787
984: 1103,638,1074,1600,718,1364
985: 399,1104,152,994,1964,1371,192,1359,242,655
986: 574,534,491,1239,924,1159,1214
987: 1969,1992,515,188,1597,2,1308,1774,319
988: 232,914,248,918,1702
989: 933,342,1473,1808,1284,34,403,1531,1025,1723
990: 1301,434,473,1243,1167,1472,1047
991: 285,1655,1733,1545,1369,1741,149
992: 24,1232,898,1410,117,59,576
993: 1619,1674,224,1135,1166,1762,1117,1835,936,734
994: 399,152,985,1964,175,549,693,185,1679
995: 939,1438,1402,67,759,792,521,902
996: 327,1565,856,1977,173,874,433,449,282,1951,240,245
997: 400,1176,129,541
998: 153,1679,769,1753,404,619,946,706,810
999: 506,1932,501,187,1601,1023,1829
1000: 283,1980,1274,344,1530
1001: 1189,1049,1053,1396,553,845,612
1002: 860,1460,1076,1827,1191,17,1521,915
1003: 1220,1174,1228,1850,1614,1506,1497
1004: 105,25,536,440,477,1533
1005: 661,1873,1160,532,303,829
1006: 106,1680,1982,1434,1947,1322,1589
1007: 1573,1395,1957,1190,1245,1637,892
1008: 101,1995,768,1954,797,866,621,167,1298
1009: 165,1021,73,1331,910,1382,729,929,1907
1010: 553,242,845,612,1201,655,1104
1011: 468,1603,1445,504,883,1100,1209
1012: 259,786,2016,795,867,79,542
1013: 262,811,1246,182,889,341,1689
1014: 426,580,648,1989,1296,1292,771,822,1037,887
1015: 322,679,1299,1658,1171,484,1162
1016: 1377,1354,747,1035,48,16,580
1017: 1985,198,1380,809,145,1750,1493
1018: 355,828,943,1928,1088,1562,1640
1019: 978,934,1706,442,1101,20,660,241
1020: 53,641,838,1281,1459,1029,1980
1021: 165,800,1009,1293,929,1907,1561,1476
1022: 1699,1178,1543,1697,791,1685,1304
1023: 1710,1829,1726,999,423,1220,1601
1024: 1362,1821,261,1983,555,1752
1025: 970,1420,1723,342,989,403,1531,135,1318,456
1026: 716,1790,1261,1212,592,34,1703,377,933
1027: 27,935,107,624,842,1234,183
1028: 1681,708,438,1844,1918,841,281,1558
1029: 60,283,1980,1852,1459,1605,1020
1030: 391,1617,409,1141,723,151,97,1553,1764
1031: 218,1153,713,540,38,1794,688,1569,1662,118
1032: 1816,186,1047,719,703,1820,371
1033: 1118,1940,195,1271,2019,23,1431,1701,719,876,141,562,1526
1034: 35,519,1307,871,97,1195,1764
1035: 747,1016,48,1426,609,16,580
1036: 486,271,1743,10,1314
1037: 1161,771,822,974,1205,1296,1292,1014
1038: 1985,198,1380,805,74,216,66,1368
1039: 764,1462,1224,598,878,1991
1040: 1813,1151,1279,926,1996,1196
1041: 717,975,1826,1887,1805,1559,294
1042: 1671,559,353,1106,471
1043: 1959,1085,1761,1455,801,1654
1044: 92,1902,1144,1811,1463,1842,884,1577,1572
1045: 886,1204,1351
1046: 649,1390,104,1749,2021,585,779
1047: 1816,186,1032,1256,380,1301,434,990,1167,1539,1930
1048: 1602,720,116,1457,517,75,424
1049: 1001,1189,1853,448,1554,845,612,1670
1050: 805,739,423,1228,1726,216,1616
1051: 1734,1109,687,647,377,1120,18,1415,1745,1988
1052: 1912,531,1838,1933,1432,982,32
1053: 201,1077,1805,1559,1396,1001,1189
1054: 1974,1255,799,1245,285,1545,666,246
1055: 1884,1092,1800,115,1110,665,306,316
1056: 118,218,1153,1227,273,1744,1070,880
1057: 1762,1835,1821,1269,1163,1544
1058: 1542,1236,25,440,901,1126,463,1300
1059: 657,1819,1291,1968,1572,92,686,1811
1060: 1748,1527,529,1712,1170,1179
1061: 1434,635,350,1318,456,942,7
1062: 358,402,888,643,1751,1120,1534,1871,1672
1063: 1928,1593,1889,1088,460,606,603,866
1064: 1887,1535,1789,45,1684,294,1962
1065: 724,1668,284,816,885,11,1822,379,1417
1066: 681,1683,1778,1389,1172,475,70,1067
1067: 164,132,681,1066,1389,475
1068: 837,714,1072,692,1393,828,1514
1069: 1512,1294,1919,1514,1582,1155,1393
1070: 273,1352,452,1744,118,349,1056
1071: 228,1718,1720,1688,756,954,1696,354,1358,1240,1634
1072: 837,1068,714,1393,15,1514,1944
1073: 9,1428,408,2016,795,88,1237
1074: 1390,585,539,1103,638,161,984,1600
1075: 1199,1628,1441,163,1905,1429,1836
1076: 1153,713,1227,1460,1002,523,880,1827,1191
1077: 1053,201,1805,132,1826,1389,475
1078: 279,525,1454,1213,1527,1765,1963
1079: 1848,1707,1308,478,1694,319
1080: 1714,509,530,163,1905,1670
1081: 194,1755,1330,249,178,252,179,368,1388
1082: 209,1941,1273,155,328,1302,1198,443
1083: 1621,1647,1737,804,1780,699
1084: 1796,1624,1479,1777,184,582,1872,1976,650
1085: 1043,1959,1455,292,1119,1524
1086: 2002,1627,1450,1727
1087: 764,969,80,502,1991,574,1239,683
1088: 1928,1889,1063,460,603,866,1640,355,1018,1995
1089: 774,338,317,712,1897
1090: 641,838,644,746,1713,1364,601
1091: 653,1122,394,430,1847,1952,1398
1092: 1055,1884,1630,1800,1693,213,1892,1485,725
1093: 79,1788,542,615,1482,244,378,867
1094: 1534,550,1871,1215,358,174,680
1095: 2020,431,1633,1283,1353,2001,964,1328,1312,600
1096: 270,957,1238,1975,520,1752,1362,1809
1097: 233,692,1393,1562,1285,1155,507
1098: 1542,281,1558,1236,1690,751,536
1099: 322,1738,470,652,679,1967,1154,1717,921
1100: 1483,1111,883,1815,156,468,1011,158
1101: 1019,442,293,495,20,1714,660,1400
1102: 412,1840,744,778,908,1394,566,326
1103: 1225,638,1769,161,984,1074,1376,1364,1444
1104: 152,985,1371,192,242,1010,655
1105: 663,1711,1412,629,474,518,69,1692,148,1450
1106: 1652,551,471,824,1042
1107: 1211,230,231,685,1516,548,1571,128
1108: 814,1418,858,498,1194
1109: 436,1734,1051,1898,296,643,1120,18
1110: 698,610,1693,1879,1055,1800,1175,665
1111: 1483,792,1100,1815,156,759,169
1112: 1874,1986,222,1802
1113: 99,1164,552,366,1958,323,1546,830,1581,299
1114: 191,2008,1498,813,1352,452,1560
1115: 1801,1207,361,1909,146,1177
1116: 130,826,672,1567,1664,128,1828,656
1117: 1762,1555,1835,518,1627,936,993,1135,1166,734
1118: 1940,195,1271,2019,23,1033,1139,1317,1701,1930,719,1767,1435,876
1119: 292,618,673,1085,781,68,1831,1524,1657,920
1120: 1751,18,1415,1898,1051,1109,643,1062,1672
1121: 110,543,1323,1812,1461,547,952,1854
1122: 653,1935,1436,394,1091,1847,1952,1681,1698
1123: 661,1865,1160,581,1971
1124: 1552,1857,1356,1951,1565,856,1289
1125: 1709,28,1537,516,362,1401,1686
1126: 590,901,1236,1058,463,1300,704
1127: 170,754,1824,1341,796,1445,352,367,1379,1218,1833
1128: 787,72,1237,1862,88,1278,47,939
1129: 1746,194,1755,1357,131,1340,1660,1388,1592
1130: 1356,492,1951,1430,899,1577,1289,1730
1131: 605,335,982,1613,944,983,459,627
1132: 1241,794,312,30
1133: 1925,1939,928,1876,1878,24,1249
1134: 1474,1449,806,821,2000,453,835,696,147
1135: 1674,993,1166,1555,1117,1835,1627,936,1575,734
1136: 613,868,1501,743,798
1137: 29,495,637,70,1853,448,509,1400
1138: 1809,1882,1979,295,1362,1544,270,1619,224
1139: 2003,252,179,1987,398,1317,225,1767,1435,1118,1940
1140: 489,983,1484,627,1787,1742,1715
1141: 391,1617,1030,723,1767,151,50
1142: 1,1589,635,1947,1384,766,1629,1353
1143: 1849,862,1337,1653,171,421,1263,1851
1144: 92,1902,1044,1463,144,1730,1994,41
1145: 586,1193,653,1935,394,949,360
1146: 1461,120,1489,789,1812,1325,1639
1147: 85,1753,404,287,549,185,769,1512,1919,1468
1148: 1188,573,61,895,1446,255,1801,1370,197
1149: 318,476,760,1386,150,1648,823,194
1150: 137,1731,253,1888,1416,1324,1766,1424,694
1151: 1813,1279,1040,1996,561,320,1196,1169
1152: 1490,222,1904,1802,715,777,1277,1874,199
1153: 1076,218,713,1227,1031,1056,1460,523,1827
1154: 979,538,824,470,652,1099,1967,93,921,1652,551,471
1155: 1582,607,507,897,1285,307,1097,1393,1512,1069,1514
1156: 1376,1478,1421,696,302,1667,1769,161
1157: 1288,809,910,1997,1502,691,1915,74,1985
1158: 1834,1599,239,1943
1159: 257,1214,986,491,924,839,1591
1160: 661,1123,1005,581,535,829,1971
1161: 771,822,1037,1205,1319,1638,877,464,887,78
1162: 484,1372,1492,1299,1503,1336,1015
1163: 1269,518,1692,148,1821,663,1762,1057,1555
1164: 331,1355,99,1113,552,1958,1546,1581
1165: 57,913,721,546,76,1206
1166: 1516,548,1674,993,1135,1117,936,826,1575,734
1167: 1301,473,1243,990,275,2004,1784,1539,1047
1168: 468,512,1603,599,1720,390,1969
1169: 743,798,1405,1226,561,1151,1279
1170: 1644,1712,190,143,960,529,1060
1171: 1658,602,140,1299,1833,1015
1172: 1066,1683,1778,1389,475,70,29,637
1173: 1729,1311,1560,1917,1498,980
1174: 1003,1220,1228,702,1506,1497,1700,739
1175: 665,1981,1946,306,698,610,807,1110,1568
1176: 1758,1564,129,997
1177: 146,1486,942,1115,1207,1975,1612
1178: 1699,1022,633,1266,1697,848
1179: 304,1536,431,1712,190,2014,1527,1060,1213
1180: 314,415,1238,1384,347,154,1283,485,95,1669
1181: 293,1931,1598,1778,29,495
1182: 1641,801,1654,2012,305,932,885,726
1183: 860,1257,953,1639,1455,292,1521,915
1184: 2007,554,1437,1285,298,1333,950,507
1185: 772,864,254,1732,710,1273
1186: 513,1961,1403,162,206,405
1187: 1676,662,1696,550,958,954,288
1188: 1924,1344,573,1148,873,1446,255,1207,197,261,457
1189: 1001,1853,1049,448,475,70,1053,201
1190: 1974,1255,799,1245,265,1264,1007
1191: 103,122,857,1827,1076,1002,17,618,915,673
1192: 114,2018,196,1363,200,68,1469,645,981,345
1193: 1814,755,586,1145,869,207,949
1194: 1327,642,1837,1418,814,1108
1195: 97,1656,1764,871,1034,108
1196: 320,1863,561,972,1151,1040,1996
1197: 1584,406,954,288,726,174,2012,932
1198: 301,2005,443,1082,209,155,1998,1447
1199: 1075,1628,1441,1429,1836,369,487,544
1200: 275,1399,1686,1425,362,855,473,1243
1201: 1010,845,612,655,399,407,758,1242,1495,289
1202: 683,924,1320,372,1452,86
1203: 12,1794,688,1856,2006,783,1610,1602,720,82
1204: 886,1045,1351,199,944,1277,447
1205: 1161,771,1037,974,1296,1861,268,976,1319
1206: 793,1224,1590,76,57,1165
1207: 1801,1115,197,1188,573,146,1177,457,1612
1208: 174,680,305,1875,1215,879,1641
1209: 158,1864,568,367,1379,1011,1445,352,883
1210: 77,183,376,1607,971,963,587
1211: 1107,263,231,685,303,1953,829
1212: 716,1026,1790,1609,1561,1284,1810,933
1213: 525,1078,304,1536,1179,1527
1214: 257,1704,1159,850,330,441,1792,986,491,418,537,1649,1383
1215: 1579,879,1875,358,402,174,680,1208,1094,1871
1216: 77,183,624
1217: 1439,1343,1485,84,725,1832,1675
1218: 1503,1833,754,1127,1824,367,1379
1219: 416,469,1747,818,308,852,1517
1220: 423,1003,1601,1174,1228,1614,1023
1221: 695,1453,401,669,393,55,1606
1222: 102,343,1990,1366,847,965,1891,329
1223: 1716,825,676,1548,1877,1673,1513,1313
1224: 793,1206,1590,598,1039,1462
1225: 1103,1769,1376,1920,1722,1444
1226: 614,1334,561,750,868,743,1169
1227: 1076,218,1153,1056,1744,880,103,1827
1228: 423,1003,1220,1174,1726,1700,805,739,1050
1229: 1541,1898,296,268,496,1319,1638,78
1230: 735,971,1508,428,123,176,340
1231: 357,1525,90,1519,701,736,677,895,229,215
1232: 992,1410,117,111,748,966,1509,817,1782
1233: 1583,1885,451,1775,217,1965,840
1234: 842,376,1027,27,935,107,624,183
1235: 355,1846,828,837,1937,1870
1236: 1098,1542,281,1058,708,901,1126,1943
1237: 787,1128,2016,88,1278,1428,1073
1238: 270,314,957,415,1180,1096,154,1809
1239: 574,986,1087,502,683,924
1240: 354,1358,1634,1696,1718,1071
1241: 1132,251,1927,794
1242: 407,758,1258,369,1495,289,524,1201,1836,153,482
1243: 1301,473,990,1167,1472,275,1200,1948,2004,1784
1244: 1966,396,90,1368,869,1814,755,1922,357,1525,617
1245: 1054,1190,1255,799,666,1007,1957,1637
1246: 1843,1632,811,1013,1689,1407,311,1265
1247: 91,740,711,1699,1304,1929
1248: 619,364,706,1306,810,904,1759,469
1249: 1583,1885,1878,1133,928,24,898
1250: 802,834,291,1972,705,741,1359
1251: 862,567,51,480,1522,628,956
1252: 1666,73,1331,1411,1360,1502,98,1288,910,1997
1253: 64,1293,1609,1272,676,1260,1309,1313
1254: 1868,1834,1599,1795,1935,1681,2013,1945
1255: 1054,1190,1974,799,1245,968,1618,833,265,1264
1256: 186,1047,719,380,846,434,1930
1257: 860,1460,523,1183,1739,789,953,1639,1521
1258: 407,758,369,1242,1554,1429,333,1836
1259: 1845,105,440,422
1260: 208,1877,46,1331,1253,1293,1272,165
1261: 716,1026,1790,1309,64,1609,210,592
1262: 590,901,239,315,1838,859
1263: 584,421,1851,1849,1143,1791,336
1264: 1618,265,1190,1255
1265: 1687,311,891,558,1843,1246
1266: 1543,235,1944,1697,1338,33,633,1178
1267: 461,321,591,1923,1955,658
1268: 481,669,113,393,571
1269: 518,1163,1692,148,1645,1623,1821,557,1057
1270: 1350,2013,1945,1860,1661,234,290,1708,1443
1271: 1118,195,2019,23,1033,1431,719,876,141,562,1526
1272: 1253,1293,676,1260,1548,1877,1513,1313
1273: 1082,209,1941,1185,864,767,710
1274: 979,538,565,1000,1530,353
2016: 786,795,1012,88,1694,1073,408,1237
1276: 422,911,1845,1986,1802,715
1277: 222,1904,1152,777,1874,886,1204,199
1278: 88,478,1694,47,1128,1237,1862
1279: 1813,1151,1040,561,1405,1169,56
1280: 727,935,107,455,937,1452,842,86
1281: 1459,1748,529,960,838,1020
1282: 589,264,1587,1339,245,75,424
1283: 1633,1353,485,1180,2001,95,964,1095,1328
1284: 1576,1561,1810,1212,933,989,1808
1285: 897,1184,1437,1333,943,1155,507,233,692,1097
1286: 762,42,337,1409,594,514,865
1287: 1662,118,159,540
1288: 809,910,1997,1157,1382,1502,1915,73,1252,1360,1985
1289: 144,392,1730,1994,1356,1130,1552,517,1124
1290: 1626,204,1549,203,412,14,1728
1291: 657,1059,1819,1563,1551,1532,730,1433
1292: 91,1296,832,1989,426,1014,1037
1293: 1253,1609,1272,1260,165,1021,800
1294: 1512,1069,1919,15,1515,1514,1582,1393
1295: 387,13,732,511,359
1296: 91,740,1292,1014,771,1037,974,1205
1297: 723,225,1767,151,1435,180,179,1987,398,35,1574
1298: 272,797,621,917,1307,1413,871,101,1008
1299: 1503,1833,1658,1171,484,1162,1015
1300: 422,911,463,704,1058,590,1126
1301: 434,1243,990,1167,1539,1816,1047
1302: 581,155,328,535,1953,263,1082,1941
1303: 1651,483,373,1556,465,1705,340,1866,1404
1304: 1993,1663,1697,1685,1699,1022,1247,1929
1305: 1864,568,367,1336,1528,42,1896,1770,1372
1306: 626,810,1747,1248,706,1759,469
1307: 917,1976,1413,871,582,650,519,1034,1298
1308: 1079,1848,2,987,1992,1774,319
1309: 395,1513,1313,64,1253,210,863,1261
1310: 1488,244,981,712,1897,1475,615
1311: 1173,1729,1373,1560,1498,1655
1312: 417,1771,767,1328,1903,600,710,2001,1732,964,1095,906
1313: 395,1673,1309,1513,1223,676,64,1253,1272
1314: 513,503,1036,1743,10,365
1315: 87,1937,1650,1870,410,356,1540
1316: 359,429,526,546,732
1317: 1701,1592,1930,2003,1987,1139,1118,1940
1318: 350,135,456,403,970,1025,1061
1319: 268,496,976,1161,771,1205,877,78,1229
1320: 683,924,1202,372,54,123,1591
1321: 241,731,1375,1916,934,660,166,773,700
1322: 585,539,779,622,1006,1680,1589
1323: 1121,543,1812,1354,580,648,1461,887
1324: 1736,1766,694,1731,1150,1682,825,100,1548
1325: 953,575,1639,1461,1146,1854
1326: 139,1523,870,1494,182,262,388,508
1327: 965,642,1194,814
1328: 1771,1312,600,710,1283,2001,964,2020,1095
1329: 94,312,1832,1793,1740,181,1343
1330: 1746,194,1755,1081,249,178,1510,1648,823
1331: 46,73,1252,1411,1260,910,165,1009
1332: 1772,606,83,646,556,738,1593,1566
1333: 298,603,950,943,554,1184,1437,1285,233
1334: 614,1433,1226,1458,868,743
1335: 918,1391,1702,65,656,1664
1336: 1503,1864,1305,367,42,1372,1162
1337: 1849,1143,862,1653,1763,1942,428,567
1338: 818,33,633,15,1515,235,1266,1944
1339: 589,264,1282,75,424,260,1926,790
1340: 131,780,1660,1779,1799,1746,1129,1357
1341: 754,1127,796,1797,352,1950
1342: 892,2015,378,867,1395,1938,445
1343: 1217,84,1329,1832,181,1675
1344: 1188,1924,573,261,385,457,555
1345: 193,1736,1766,1650,1678,356,1685,1448,825
1346: 1799,160,1646,220,668,28,1779,488
1347: 1900,1367,1754,908,922,226,566,639,326
1348: 212,439,1440,757,959,1880,977
1349: 1677,388,508,1843,1632,558,1772,1392,83
1350: 1270,360,2013,1945,1860,1661,1935
1351: 886,1045,1204,944,37,1787
1352: 273,813,1883,452,1744,1070,1114,243,1733,1369
1353: 1633,1629,1283,485,1384,1142,1095
1354: 1377,747,1016,499,580,1461,1489,1323,1812
1355: 297,331,99,1164,418,330,584,1958
1356: 492,1951,1130,856,1289,1730,1552,1124
1357: 1746,194,1129,1755,1779,690,1799,1340
1358: 354,1240,58,1634,1797,1718,1071,1950
1359: 52,192,741,1886,175,1371,802,1250,152,985
1360: 1666,1252,1411,250,1502,98,1288,1997
1361: 842,376,86,1607,372,123,971,1508
1362: 1024,1544,1752,270,1096,1809,1138,224
1363: 1893,200,781,68,2018,1192,645,1488,981,345
1364: 1713,1444,1103,984,718,1090,644
1365: 1543,235,1944,714,87,791,1540
1366: 102,545,343,1990,1222,847,278,815,1798
1367: 1347,1754,908,922,1477,788
1368: 1966,396,90,869,1244,216,66,427,198,1038,1380
1369: 991,1733,1352,1883,243,122,1741,149
1370: 1801,197,61,446,1756,1446,1978,1148
1371: 276,280,872,52,192,1886,1359,553,242,1104,985
1372: 594,1492,1162,1305,1336,42,1409
1373: 1729,1311,1655,833,620,968
1374: 479,604,1500,202,108,1656,1888,119,1416,853
1375: 241,432,1916,1321,978,934,300,400
1376: 1478,1920,1156,302,1225,1103,1769,161
1377: 1354,747,1016,790,499,120,1489
1378: 1442,784,831,927,348,455,727
1379: 1864,367,1209,1445,352,1127,1218
1380: 1985,198,1038,1017,74,1368,1493
1381: 365,928,503,1480,1583,1775
1382: 1288,809,910,73,1009,729,1907,145
1383: 595,418,588,537,1649,142,1890,441,1214,850
1384: 347,766,742,635,1180,1142,1353,485
1385: 1483,792,883,158,568,1528,256,1770
1386: 476,510,760,1149,1906,576,951,851,749
1387: 2000,104,896,453,1749,835,2021,286,106,1895
1388: 2003,252,179,368,1987,1746,1129,1755,1081,1660,1592
1389: 1066,1172,475,70,1067,132,201,1077
1390: 649,1667,1046,1074,1749,585,638,161
1391: 918,1335,65,1451
1392: 1772,83,1843,1632,1349,508,1687,558
1393: 692,1097,1582,1155,1294,1069,1514,1068,1072
1394: 226,870,566,326,1494,1102,744
1395: 1573,1007,1957,892,1342,2015,1807,445
1396: 1559,276,1053,1001,553,242,845
1397: 1841,941,109,1520,1972,1595,2007
1398: 586,430,830,1581,1952,394,1091
1399: 1686,1200,1646,780,473,1472
1400: 20,1714,509,495,1137,1101
1401: 160,1646,220,28,1537,1125,362,1686
1402: 1620,939,1438,995,47,67,759,1862
1403: 697,162,513,1186
1404: 370,63,1866,1651,1556,1303
1405: 798,808,1169,1813,1279,56
1406: 630,1765,1499,1963,102,545,343,847
1407: 1841,941,861,1689,1725,1246,311
1408: 332,834,1595,897,1437,1773,607
1409: 42,337,1896,594,1372,1492,1286
1410: 24,1232,992,117,843,1878,111,817
1411: 1666,46,73,1252,1331,1360,1502,98,208,1997
1412: 40,1613,663,1711,1105,605,1450,1727
1413: 917,1307,1976,871,31,797,621,912,519,1298
1414: 435,203,659,1910,1859,1840
1415: 1751,1120,18,1745,821,1051,1881,1988,1474
1416: 1888,119,709,2017,733,253,1374,137,1150
1417: 774,317,11,379,816,1065,1547
1418: 301,1837,498,1447,1194,1108
1419: 1913,493,592,863,268,496,1936,296,436
1420: 274,970,1025,1723,1473,1760,286,1588,896,106,1895
1421: 1478,1156,22,1781,302,58,1634
1422: 1817,136,783,392,1994,517,720
1423: 812,1879,1970,658,1955,610,962
1424: 193,1736,1766,694,1650,253,466,1150
1425: 275,1686,1200,189,362,973,855
1426: 48,2009,737,674,609,1504,1035
1427: 49,157,961,969,80,827,534
1428: 9,1073,787,1237
1429: 163,1905,333,1670,1836,1258,1075,1199,1628
1430: 492,844,899,1130,522,1842,386,267,1577,1730
1431: 195,1271,2019,1033,50,1767,562,1617,490,1526
1432: 671,882,570,629,1052,1933,40,1711,32
1433: 614,1334,730,657,1291,1968,1458
1434: 635,1061,1947,456,1006,1982
1435: 225,1767,1297,151,1987,1139,398,1118,1940,2019
1436: 653,1935,1122,1681,438,1698,1795
1437: 2007,554,897,1184,1285,1408,1595,1333,507
1438: 381,1620,939,995,1402,521,902
1439: 1217,84,725,1630,1535,45
1440: 654,212,1635,1348,439,564,494,111,748
1441: 1075,1199,522,1628,675,544
1442: 1378,784,831
1443: 221,234,290,1645,1623,1270,1860,309,593
1444: 1713,1557,1364,1225,1103,1722
1445: 352,504,1950,1011,1127,883,1209,1379
1446: 873,229,1631,215,255,61,895,1756,1370,1188,1148
1447: 608,1998,498,155,328,301,1198,1418
1448: 1663,1678,1685,1736,1345,1716,825
1449: 1134,806,1534,958,662,26,1781,147
1450: 1086,1627,936,1727,518,1692,663,1412,1105,1762,1555
1451: 1391,65,661,1865,1873
1452: 455,502,938,937,1280,683,1202,86
1453: 437,571,695,1221,401,669,393
1454: 1078,1605,1527,60,1765,1963
1455: 953,575,1761,1183,292,1521,1043,1085
1456: 435,1855,1549,36,919
1457: 1552,517,1857,75,424,1048
1458: 868,909,730,1433,1334
1459: 1281,1748,1605,1020,1029,1980
1460: 860,1002,1257,523,1076,1153,1827
1461: 1146,1489,1354,1121,1323,1812,1325,575,952,1854
1462: 764,1039,969,793,1224,49
1463: 92,1044,1144,1842,884,1577,144,1730
1464: 14,1728,907,126,458,1523,96
1465: 1786,266,563,461,591
2021: 104,1387,1749,106,1680,1895,1046,585,779
1467: 840,488,223,451,668,217,761
1468: 818,33,85,1147,1919,1515,626,1747
1469: 666,1622,1475,246,645,114,2018,1192,1488,345,1869
1470: 1981,1946,306,583,134,1725,109,1520
1471: 1868,1834,239,671,570,859
1472: 434,473,1243,990,1399,131,780,380
1473: 933,342,989,34,1760,1420,1723
1474: 1134,806,1751,1415,821,1672,453
1475: 1469,1622,1488,1310,244,345,1869,1482
1476: 1576,1561,1021,800,929,1570
1477: 922,785,321,1923,788,1367
1478: 1376,1920,1156,1421,302,58,1797,796
1479: 1084,1796,1624,180,582,1976,650,519,1574
1480: 1961,503,1381,365,1775,900,761
1481: 181,923,1675,454,444
1482: 615,1093,1475,1488,244,378,1869
1483: 1385,792,1111,883,1100,156,158
1484: 489,983,1140,1742,1825,227,1715,678
1485: 1217,725,324,1832,213,1892,1092
1486: 146,942,1177,1975,1612,7,742,154,957
1487: 1949,597,865,1717
1488: 1310,244,981,345,1363,1469,1475,645,1482
1489: 1461,1146,120,499,1377,1354,1812
1490: 1904,1152,715,777,704,315,1912
1491: 1651,373,1556,1594,1608,63,967,1956,1691
1492: 484,594,1372,1642,1162,1409,865
1493: 1519,1750,736,677,198,1017,1380,90
1494: 1394,226,870,566,639,326,182,1326,262,388
1495: 407,758,1242,289,1201,655,399,153,1496
1496: 153,1679,769,655,399,1964,407,1495,289,524
1497: 702,1506,1818,1850,1500,1003,1174,1700
1498: 55,1917,191,1114,1173,1311,1560
1499: 630,1765,945,1406,102,847,1839,1858
1500: 479,604,1374,202,409,702,1506,1818,1497,765
1501: 798,808,613,1136,596,437
1502: 250,765,98,1915,1757,1252,1411,1360,1288,1997,1157
1503: 1218,1299,1833,1336,367,1162
1504: 609,832,1989,308,1721,1426,674
1505: 1658,602,565,258,679,1967
1506: 702,1818,1497,391,409,1850,1500,202,1003,1174
1507: 521,1528,664,753,902,256
1508: 971,1230,372,1361,1607,123,176
1509: 126,748,458,966,817,494,1232,310
1510: 249,178,823,1596,1777,1330,184,1796,1624
1511: 812,213,794,30,324
1512: 1294,1069,1919,1515,1514,1582,1155,1147,287
1513: 395,1673,1309,1313,1716,1223,676,1272
1514: 1512,1294,1069,15,1515,1155,1393,1068,714,1072,1944
1515: 1512,1294,1919,15,1514,1338,818,1468,33
1516: 1619,548,1674,1166,1979,1107,230,231
1517: 308,852,1747,818,33,633,1219
1518: 71,1,1633,1629,190,2014,431
1519: 1750,374,701,736,1493,677,1231,1659,895,1921,1756,229
1520: 109,836,1470,583,134,1725,941,1397
1521: 17,292,915,673,860,1002,1257,1183,1455
1522: 1999,336,480,1849,862,1251,628,956
1523: 139,96,81,1326,907,1464,870,881
1524: 1822,1657,379,920,292,1119,1959,1085
1525: 1922,1231,357,1966,90,869,1244,755,677,617
1526: 490,187,195,1271,2019,1033,1431,50,562,506
1527: 1748,1605,529,1060,1179,1078,1454,1213
1528: 1507,753,256,1385,568,1305,1896,1770
1529: 608,858,1998,616,1971
1530: 559,344,353,283,1000,979,1274
1531: 21,403,893,342,989,1808,1025
1532: 651,909,730,1291,1563
1533: 219,477,467,105,1004
1534: 1094,550,958,1871,1672,1062,1449,806
1535: 1887,121,1064,1439,84,45
1536: 2020,304,1179,1903,600,525,1213
1537: 1709,28,405,1125,905,206,1401,220
1538: 577,1956,477,1691,63,43,467
1539: 1784,414,1301,1167,1816,1047,703,157
1540: 791,1678,356,714,87,1315,1937,1650,1365
1541: 1229,1898,1638,78,1579,888,643
1542: 1098,281,1236,1058,1690,25,536
1543: 235,1365,1266,1697,791,1678,1685,1022
1544: 1362,1057,1835,1138,224
1545: 285,991,114,1741,1054,1974,246
1546: 430,1581,1164,1113,1958,1851,854,1791
1547: 177,413,1597,1724,816,774,188,1417
1548: 100,208,1877,1324,1223,825,676,1272
1549: 1456,435,203,1626,204,919,1290
1550: 269,700,745,572,530,1905,1628,675,267
1551: 1934,579,803,1564,1819,1291,1563,1572
1552: 1457,517,1857,1124,1356,1289,392
1553: 97,1656,1764,391,1030,409,202
1554: 1049,845,612,163,333,1670,758,1258
1555: 1762,1117,518,1163,663,1627,1450,936,1135,734
1556: 1651,483,373,1491,1303,1866,1404,370,63
1557: 140,746,1713,1444,170,1722
1558: 1098,281,1918,751,956,708,1844,1028
1559: 276,294,280,1396,1041,1053,1805
1560: 1173,1311,1498,1114,813,1655
1561: 1576,1476,1284,1810,1609,1021,800,716,1212
1562: 233,692,1097,1640,603,943,1928,1018,828
1563: 1819,1291,1564,1551,1934,651,1532
1564: 1758,1176,129,1551,1934,651,1563
1565: 856,996,874,1951,240,1857,245,75,1124
1566: 236,1332,325,738,1593,460
1567: 1825,232,227,672,1664,130,1116,44
1568: 1900,1754,698,788,807,1175,1981,1585,134
1569: 12,38,1794,688,82,540,1662,713,1031
1570: 893,1867,1659,929,1576,1476
1571: 772,864,125,1979,1107,263,230,685
1572: 1059,1819,1551,803,884,92,1044,1811
1573: 1007,1395,892,1807
1574: 35,650,519,1796,180,1479,398,1297
1575: 130,44,826,734,1615,1627,936,1135,1166
1576: 1561,1476,1284,929,893,1570,1808
1577: 1842,386,1430,1130,1044,1463,1730
1578: 631,383,684,1786,266
1579: 1215,879,1586,1638,1541,358,402,888,643
1580: 903,533,1739,38,688,168,523
1581: 1546,430,830,299,1164,1113,854,1398
1582: 607,1155,507,307,1393,287,1512,1294,1069,1919
1583: 1885,1233,1249,1381,928,1775
1584: 1688,1197,756,406,726,1668,284,932,947
1585: 889,341,134,1900,1568,1981
1586: 1579,879,497,1638,877,464
1587: 589,1282,875,874,505,240,245,75
1588: 1760,1881,500,286,1988,647,1420,896,1895
1589: 71,1,1142,1006,1947,539,1322,622
1590: 1224,1206,429,1973,76,916,598
1591: 54,1763,839,924,1320,257,1159
1592: 1317,1930,1129,1660,846,2003,1388
1593: 1889,1063,460,1332,606,738,1566
1594: 483,373,1491,735,340,667,1608
1595: 834,1408,1972,1397,2007,897,1437
1596: 249,1510,823,1906,476,749,752,1777,1624
1597: 1547,177,413,188,2,390,987,1969
1598: 1604,1683,1778,1181
1599: 1158,1834,1254,1795,1681,708,1844,1943
1600: 39,718,1074,585,539,638,984
1601: 423,1220,187,1614,999,1023,1829
1602: 1610,720,116,1048,2006,783,12,1856,1203
1603: 468,1168,1011,599,1718,1720,354,504,1950
1604: 1598,681,1683
1605: 1459,1748,1527,1454,60,1029
1606: 55,191,2008,1221,401,334,113,393
1607: 1361,842,376,1210,971,1508,587
1608: 667,51,373,1491,1594,940,967
1609: 64,1253,1293,800,716,1790,1261,1212,1561,1810
1610: 1602,720,116,424,1926,397,12,1856,1203,533
1611: 1782,310,425,728,881,804,81
1612: 1975,457,520,1207,573,1486,1177
1613: 40,1412,605,1131,2002,1727,459
1614: 490,187,1850,1003,1220,1601
1615: 2002,1627,936,130,44,1575,734
1616: 930,323,216,66,1726,805,1050
1617: 391,1030,409,1850,1141,1767,1431,50,490
1618: 833,620,265,1264,1255
1619: 1516,1674,993,224,1138,1882,1979,230
1620: 381,939,1438,1402,72
1621: 1647,1083,81,728,804,1677,1768
1622: 666,1469,1475,246,1637,2015,1869
1623: 221,290,1645,1443,931,593,557,1269,148
1624: 1084,1796,1479,1777,178,1510,1596,184
2015: 1637,892,1342,378,1869,1622,1395,1957
1626: 204,346,1290,1549,1635,494,14,1728
1627: 1086,2002,1615,1450,936,1727,1555,1117,1135,1575,734
1628: 1075,1199,1441,675,530,1905,1429,745,1550
1629: 1633,1353,71,1,1518,1142
1630: 1884,1092,115,1439,725,45,89
1631: 873,229,351,215,1446,255
1632: 1843,262,811,1246,1349,388,508,1392
1633: 1629,1283,1353,1518,2014,2020,304,431,1095
1634: 1358,1240,58,1797,22,1676,1696,1781,1071,1421
1635: 654,439,1440,564,494,1626,204,346,14
1636: 1820,955,141,562,1735,611,371,1890
1637: 2015,1869,1245,666,1622,246,1007,1957
1638: 877,464,78,1161,1229,1541,1579,1586,497,888
1639: 953,1325,575,1739,789,1146,1257,1183
1640: 233,692,1562,603,943,1928,1088,1018,828
1641: 1654,1182,682,1875,305,1208
1642: 484,594,1492,322,1738,597,865,1717
1643: 1665,757,959
1644: 1712,1170,190,539,622,71,143,39
1645: 221,234,247,290,1708,1443,1623,629,1269,69,148
1646: 1799,160,1346,1401,1399,1686,780
1647: 1621,1737,1083,1677,1772,646,556
1648: 249,823,476,1149,690,150,194,1330
1649: 595,418,588,537,1383,441,1704,1214,850,330
1650: 1315,1937,1870,410,625,466,1678,356,1540,193,1424,1345
1651: 373,1491,1556,1303,1404,370,63,1956
1652: 1106,551,1154,824,93,921
1653: 1849,1143,1337,176,1763,839,171,1942,421
1654: 1641,801,1182,1761,682,1043
1655: 285,991,1733,1373,1311,1560,833,1974,968
1656: 1195,1553,1764,108,119,604,1374,202
1657: 11,1524,527,1822,379,920,1119,724,317
1658: 1171,1505,602,1299,679,1967,1015
1659: 1570,1867,729,929,1907,1519,374,446,1921,1756
1660: 131,1340,380,846,1129,1388,1592
1661: 1270,1350,360,1860,207,949
1662: 118,1287,540,1569,218,1031
1663: 1304,1993,1448,1685,1716
1664: 232,672,1567,1116,1335,1702,656
1665: 1643,757,959,1899
1666: 46,1252,1411,1360,528,1682,250,98,208
1667: 649,1390,696,302,1156,161
1668: 724,284,816,1065,932,885,1584,726
1669: 2001,1732,95,964,314,1180,411,254
1670: 163,1429,333,1049,448,1554,509,1080
1671: 1785,559,353,124,1804,1042
1672: 1534,1871,1062,1751,1120,1474,806
1673: 395,1513,1313,1993,1716,1223,676,1823
1674: 1619,1516,548,993,224,1135,1166,734
1675: 1481,181,923,1217,1343,84,121
1676: 1187,22,662,1696,954,1781,1634
1677: 1349,1768,508,1621,1647,1772
1678: 791,356,1540,1685,1650,1543,193,1736,1345,1448
1679: 153,998,185,1496,769,399,994,1964,1753
1680: 1006,106,1982,1895,104,1749,2021,779,1322
1681: 438,1844,1028,1698,653,1935,1122,1436,1945,1599,1254,1795
1682: 137,528,1731,1324,98,100,208,1666
1683: 681,1066,1778,1172,1604,1598
1684: 45,89,450,291,1064,1789,1962
1685: 791,1678,1543,1697,1345,1022,1304,1663,1448
1686: 1399,1200,1425,1125,362,160,1646,1401
1687: 1265,891,558,606,1392,83,472
1688: 1584,756,406,284,228,1071,947
1689: 341,1725,1013,1246,1407,311
1690: 172,751,722,577,1098,1542,536
1691: 577,967,1538,1956,477,1491,172
1692: 1269,474,518,69,1163,148,663,1105,1450
1693: 1879,213,1892,610,1110,1092,1800
1694: 88,478,1278,542,1079,1707,786,2016
2022: 8
1696: 1187,22,1676,662,756,406,954,1071,1240,1634
1697: 1543,235,1266,633,791,1685,848,1699,1178,1022,1304
1698: 1681,438,214,1847,1999,841,1122,1436
1699: 1178,1022,1697,848,1304,1247,711
1700: 691,1915,1757,702,1497,1174,1228,739
1701: 1317,1930,719,1118,1940,23,1033,876
1702: 918,1335,232,672,1664,248,678,988
1703: 34,687,647,377,1026,1790,1734
1704: 257,1214,850,330,1649,171,584,421
1705: 465,963,587,1866,483,1303
1706: 978,934,1019,442,894,776,205
1707: 1079,1848,1788,542,786,1694
1708: 234,247,290,1645,1270,2013,1868,671,629
1709: 405,1537,1125,339,516,1984
1710: 1023,1829,1726,99,552,366,323
1711: 40,663,1412,1105,1432,629,69,32
1712: 1644,1170,190,2014,1179,529,1060
1713: 140,746,1557,1364,1444,1090,644,601
1714: 20,509,660,1400,572,1080,530,1101
1715: 1803,678,634,1140,1484,1742,227
1716: 1223,825,1993,1663,1448,1673,1513
1717: 93,921,1642,1738,470,1099,1487,597
1718: 228,1071,1720,756,354,1358,1240,1603
1719: 782,1911,906,417,1830,2005,443
1720: 228,599,1718,1071,354,390,1168,1603
1721: 308,848,852,674,832,1504,1989,711
1722: 170,754,796,1920,1225,1557,1444
1723: 970,1420,1025,342,1473,989,1760
1724: 1547,413,284,816,947
1725: 341,134,1689,1470,1520,1407,1841,941
1726: 1710,1023,423,1228,1050,930,323,1616
1727: 1086,2002,1627,1450,40,1613,663,1412,605,459
1728: 14,907,1464,1626,1290,412,126
1729: 569,1173,1373,1311,980,833,620
1730: 144,1289,1577,1356,1430,1130,1144,1463
1731: 137,528,1150,1682,1324,694,100
1732: 2001,95,964,1669,411,1185,254,1312,710
1733: 1655,991,1369,273,813,1352,1883
1734: 436,1051,1109,1913,592,296,687,1703,377
1735: 441,1792,827,611,371,961,1636
1736: 193,1324,1766,1424,694,1345,1678,356,1448,825
1737: 1647,1083,1780,763,646,707,556,138
1738: 322,470,652,679,1099,484,1642,597,1717
1739: 903,1580,789,38,1257,523,1639
1740: 1793,1329,181
1741: 114,2018,149,285,991,1545,1369
1742: 37,1787,1140,1484,1715,634
1743: 1036,10,513,1314
1744: 273,1352,1883,452,1070,1056,1227,880,243,103
1745: 18,1415,821,1051,1881,500,1988
1746: 194,1129,1755,1357,1330,1779,690,1340,1388
1747: 626,1306,818,1468,469,1219,1517
1748: 1281,1459,1605,1527,529,1060
1749: 2000,104,1387,896,453,835,2021,1680,1895,649,1390,1046,779
1750: 1519,374,736,1493,677,1017,729,145
1751: 1120,18,1415,821,643,1062,1672,1474
1752: 555,520,1024,1362,1096,1809
1753: 85,404,1147,549,998,185,1679,769
1754: 1347,1900,1367,1568,788,807
1755: 1746,194,1129,1357,1330,1081,252,1388
1756: 61,895,446,1921,1519,374,701,1659,229,1446,1370
1757: 691,1700,1915,702,765,1502,1997
1758: 1176,1564,129,651
1759: 505,904,1248,364,1306,363,469
1760: 1881,500,286,1588,1988,34,647,1473,1420,1723
1761: 953,575,1455,547,682,1043,1654
1762: 1057,1555,1117,1835,518,1163,1450,936,993
1763: 54,123,176,839,1591,171,1942,428,1337,1653
1764: 97,1656,1195,1553,1034,1030,202
1765: 630,1406,1499,1963,1078,1454,60,1852,545
1766: 193,1324,1736,1424,694,1345,466,356,1150,825
1767: 225,1297,151,1435,1139,1118,1940,2019,1431,50,1617,1141
1768: 1677,508,139,81,728,1621
1769: 1225,1103,638,161,1376,1920,1156
1770: 42,337,1896,1385,568,1305,1528,753
1771: 417,767,1328,1312,1903,600,906
1772: 1332,1392,83,1677,1349,508,1647,558,646
1773: 307,693,332,1408,897,607
1774: 67,169,238,319,1308,987,1992,515,1815
1775: 900,217,761,1381,1480,1583,1233,451
1776: 101,768,389,733
1777: 749,752,763,1510,1596,184,1872,1084,1624
1778: 1066,1683,1172,1598,1181,29,637
1779: 488,223,690,1799,1346,1746,194,1357,1340
1780: 752,623,699,763,804,1737,1083,138
1781: 26,302,1449,22,1676,662,1634,1421
1782: 1611,310,425,966,1232,117,576,133
1783: 1842,636,884,386,803
1784: 57,2004,913,414,1539,1948,1243,1167
1785: 1671,559,344,560,462,124,1804
1786: 1465,266,1578
1787: 37,1742,1351,944,983,1140,627
1788: 79,542,615,1093,1707
1789: 1887,1064,450,1684,294,280,52,1962
1790: 716,1026,1261,1212,64,1609,210,1913,592,1703,377
1791: 214,854,1847,1952,1958,1263,1851,1546,336
1792: 1735,441,827,80,534,491,537,1214
1793: 1740,1329,94,312
1794: 12,688,1569,1203,2006,82,540,1031
1795: 1834,1599,1254,1935,1436,1681,1844,1945
1796: 1084,1624,180,1479,178,1510,184,368,1574
1797: 1358,58,1634,1478,1950,1341,796
1798: 965,642,278,782,1837,1830,1990,1366
1799: 160,1346,1646,1779,1357,780,1340
1800: 1055,1884,1092,1693,1892,1110,665
1801: 1115,1207,1370,197,361,1978,573,1148
1802: 222,1904,1152,715,1276,1986,1112,1874
1803: 914,248,1715,678,634,232,227
1804: 1671,1785,849,124
1805: 1053,201,1077,132,1826,1041,1559
1806: 775,43,467,219
1807: 1573,1395,892,445
1808: 933,989,1576,1284,893,1531
1809: 1138,1882,295,1752,1362,270,1238,1096
1810: 1561,1284,1609,800,716,1212
1811: 92,686,1902,1044,803,884,1059,1819,1572
1812: 1121,1323,1354,580,1461,1146,1489
1813: 1151,1279,1040,926,1405,56,1960
1814: 755,586,1193,427,830,396,869,1244
1815: 1992,515,156,512,169,1774,1111,1100
1816: 186,1032,1047,1301,1539,703,157
1817: 1422,972,136,392,1994,41,1863
1818: 702,1506,1497,409,1500,202,765
1819: 657,1059,1291,1563,1572,1551,803,1811
1820: 876,1636,141,186,1032,719,703,371
1821: 1983,557,1269,1163,1024,1057
1822: 11,1524,1657,379,1959,801,724,1065
1823: 640,1929,1861,1993,395,1673,976,863
1824: 170,754,1127,140,1218,1833
1825: 227,672,1567,489,1484,44
1826: 717,164,975,132,1041,1077,1805
1827: 880,103,1191,1076,1153,1227,1460,1002,17
1828: 128,532,303,1116,826,231,65,656
1829: 1710,1023,1932,999,1601,297,552,366
1830: 301,1837,2005,278,782,1719,642,1798
1831: 200,781,68,17,292,618,673,1119,920
1832: 1329,94,324,1217,1343,1485,725
1833: 1218,1299,1503,1127,1824,140,1171
1834: 1868,1158,1599,1471,1254,1795,239,1943
1835: 1762,1057,1117,1544,993,224,1135
1836: 1429,333,1258,369,1242,1075,1199,487
1837: 301,1418,1830,2005,642,1194,1798
1838: 315,1912,1052,859,1933,1262
1839: 849,1858,462,124,630,945,1499,560
1840: 1102,412,744,778,435,1414,203,1859
1841: 1407,941,861,1397,1725,311,2007,554,298
1842: 1783,884,386,1577,1430,1044,1463
1843: 1632,811,1246,1349,1265,558,1392
1844: 1681,708,438,1028,1558,1599,1795,1943
1845: 1259,1986,422,1276
1846: 355,828,1235,1995,768,1954,1937,1870,410
1847: 214,1791,1952,1999,1122,1091,1698
1848: 1079,1707,2,1308,338
1849: 1143,862,1337,1653,421,1263,336,1522
1850: 391,1617,409,490,1614,1506,1497,1003
1851: 584,421,1958,1263,1143,1546,854,1791,336
1852: 60,283,1029,630,1765,945,560
1853: 1189,1049,448,475,70,201,1137,637
1854: 547,952,1461,110,1121,1325,575
1855: 1456,435,36,383,659
1856: 12,688,168,1203,1610,1602,116,397,533
1857: 1552,1457,517,245,75,424,1124,1565,856
1858: 1839,849,1499,102,847,1891
1859: 922,785,1910,1414,1840,778,908
1860: 1270,1350,1661,309,234,1443
1861: 640,1929,1823,1993,740,974,1205,976
1862: 72,1128,1278,47,67,939,1402
1863: 320,41,578,1196,1817,972,1996
1864: 158,568,1305,367,1209,1379,1336
1865: 661,1123,1873,1451
1866: 465,1705,483,1556,1303,1404,370
1867: 893,1570,1659,446,1978
1868: 1834,1471,1254,2013,1945,1708,671,570
1869: 1637,2015,378,1469,1622,1475,1482
1870: 1315,1937,1650,1846,1235,1954,410
1871: 1534,1094,550,1672,1215,358,402,643,1062
1872: 184,582,138,31,1777,763,1084,1976,650
1873: 661,1865,1005,532,65,1451
1874: 1112,222,1802,1152,1277,886
1875: 547,770,682,110,1215,879,497,1641,680,305,1208
1876: 62,843,977,1878,1925,1133
1877: 100,208,1260,1548,1223,676,46,1272
1878: 843,1876,111,1133,24,1410,1249
1879: 1693,812,213,1892,1423,1970,610,1110
1880: 757,1348,62,977
1881: 1760,500,286,1588,1988,647,1415,1745,821,896,453
1882: 1809,1138,1979,295,270,1619,224,125
1883: 273,813,1352,452,1744,243,122,1733,1369
1884: 1055,1630,1092,1800,115,1892,725
1885: 1583,1233,1249,24,898,510,1965
1886: 52,192,1962,741,1359,450,280,1371
1887: 1535,121,1064,1789,717,1041,294
1888: 119,1416,479,1374,137,528,1150,853
1889: 1928,1593,1063,1088,606,603,950,472
1890: 588,1383,142,955,1636,441,611,1932,501
1891: 329,102,1222,847,1858
1892: 1693,1879,213,324,1485,725,1884,1092,1800
1893: 1363,200,781,527,920,981,345,1897
1894: 1938,259,795,408
1895: 106,1680,286,1588,274,1420,104,1387,896,1749,2021
1896: 42,337,1409,819,1770,1305,1528,753
1897: 1310,981,712,1893,527,1089,317
1898: 1229,1541,296,1109,888,643,1120
1899: 382,1665,959,346,654
1900: 1347,1754,1568,639,326,889,1585
1901: 260,1926,397,499,903,533,120
1902: 92,686,1044,1144,1811,1994,41,578
1903: 1771,1312,600,2020,1536,525,1911,906
1904: 1490,222,1802,1152,715,777,1277,199
1905: 163,1429,1080,530,1550,1075,1628
1906: 133,951,851,476,760,1386,749,752,623,823,1596
1907: 729,929,145,73,910,1382,1021,1009,1659
1908: 516,1984,189,689,925
1909: 350,135,361,1115,146,942
1910: 631,659,684,1414,1859,785
1911: 782,815,1719,906,1903,279,525
1912: 315,531,1052,1838,1933,1490,777
1913: 210,1419,493,592,496,1790,296,436,1734,377
2019: 1118,1940,195,1271,23,1033,1431,50,1767,1435,1526
1915: 691,1700,1757,1502,1288,1997,1157,1985
1916: 241,731,1375,1321,400,166,773,541,579
1917: 55,191,1498,481,113,393,980,1173
1918: 841,480,751,956,438,1028,1558
1919: 1512,1294,1069,1515,1582,85,1147,287,1468
1920: 1376,1478,1225,1769,796,1722
1921: 895,446,1756,729,1519,374,736,1659
1922: 357,1525,90,869,1244,755,207,617
1923: 321,1267,1955,1477,788,962
1924: 1188,1344,573,873,255,261,1983,385
1925: 1133,1939,384,271,62,1876
1926: 260,397,1901,424,1339,1610,116
1927: 237,251,1970,658,794,1241,812
1928: 1889,1063,1088,603,943,472,1562,1640,355,1018
1929: 1823,1861,1304,1993,740,1247
1930: 1317,1701,1592,846,186,1047,719,1256,1118
1931: 293,894,1181
1932: 501,999,142,1890,1829,297,366
1933: 1912,1052,1838,859,882,1432,570,32
1934: 1551,541,579,1564,129,1563
1935: 653,1122,1436,1145,1681,1350,360,1945,1254,1795
1936: 268,496,976,640,1419,493,863
1937: 87,1315,1650,1870,1846,1235,837,714,410,1540
1938: 1894,445,892,1342,867,259
1939: 10,365,1925,1133,928,271
1940: 1118,2019,23,1033,50,1139,1317,1701,225,1767,1435
1941: 1082,1273,864,263,155,1302,1953
1942: 176,1763,839,428,1337,1653,567
1943: 901,239,708,1844,281,1236,1158,1834,1599
1944: 235,1365,1266,15,1514,714,1072,1338
1945: 1270,1350,360,2013,1935,1681,1868,1254,1795
1946: 1470,1175,665,1981,306,583,134
1947: 1434,635,1006,1,1589,1142
1948: 721,820,855,275,1243,2004,1784,913
1949: 514,1487,597,865,594
1950: 1445,352,504,354,1358,1797,1603,1341
1951: 1356,492,1130,522,327,1565,856,996,1124
1952: 214,854,1791,1847,430,1398,1122,1091
1953: 1302,535,829,1211,263,685,1941
1954: 101,1008,1995,768,1846,389,1870,733,410,253,625
1955: 461,1923,1267,1970,658,1423,962
1956: 967,1538,1691,1651,373,1491,63,43
1957: 1007,1395,1245,666,1637,892,2015
1958: 584,1851,1355,1164,1113,1546,854,1791
1959: 1043,1085,801,1524,1822,724
1960: 401,334,1813,695,56
1961: 513,1186,503,1480,206,900
1962: 52,741,1886,1064,1789,450,1684,294,280
1963: 1765,1406,279,1078,1454,815,545,343
1964: 399,994,985,549,185,1679,1496,769
1965: 318,510,760,1885,1233,451,840
1966: 396,90,1368,869,1244,198,1525
1967: 322,652,679,1099,1658,1505,565,1154,538
1968: 657,1059,686,614,1433,750,578
1969: 390,987,1992,515,413,1597,1168,512
1970: 237,1927,658,794,1955,812,1879,1423
1971: 581,328,1123,1160,608,1529,616
1972: 109,705,1397,1250,834,1595
1973: 429,526,76,632,1590,916
1974: 1054,1190,1255,799,968,285,1655,1545,833,265
1975: 1612,520,1486,1177,742,154,957,1096
1976: 917,1307,1413,871,582,31,1872,1084,1479,650,519
1977: 327,856,173,996,433,487,449,544,282
1978: 361,21,893,1867,446,1801,1370
1979: 1138,1882,295,1619,1516,772,1571,125,230,685
1980: 283,1029,1000,1459,1020
1981: 1470,1175,665,1946,698,807,1568,1585,134
1982: 1006,106,1680,274,970,456,1434
1983: 1821,261,557,385,1924,555,1024
1984: 516,1908,339,890,1709
1985: 198,1038,1017,1380,691,1915,74,1288,809,1157
1986: 1845,1276,1802,1112
1987: 2003,252,179,368,1388,1139,398,1317,225,1297,1435
1988: 1760,1881,500,1588,1051,687,647,18,1415,1745,821
1989: 609,832,1504,1721,91,1292,16,426,1014
1990: 343,1222,1366,278,965,642,1798,329
1991: 878,502,938,937,764,1039,1087
1992: 987,1969,515,1815,1308,512,169,238,1774,319
1993: 1304,1663,1716,1929,1823,1861,1673
1994: 144,1289,392,1902,1144,41,1422,1817
1995: 101,1008,768,1954,1088,866,355,1846
1996: 1151,1040,926,1863,1196,972,159,127
1997: 1288,910,1157,1502,98,1915,1757,1252,1411,1360
1998: 608,1529,498,616,1447,581,155,328,1198
1999: 841,336,480,1522,214,1847,1698
2000: 1387,453,1749,835,1134,696,147,649
2001: 1732,95,964,1669,1283,485,1095,1328,1312
2002: 1086,1615,1627,1727,1613,489,983,459
2003: 252,179,1987,1388,1139,1317,1592
2004: 57,1784,913,275,1948,855,1243,1167
2005: 301,1198,1837,1830,443,417,278,782,1719
2006: 972,136,783,1602,82,127,1794,1203
2007: 554,897,1184,1437,1841,1397,1595
2008: 191,1606,1114,334,349,452
2009: 48,1426,737,589,264,875,790,747
2012: 174,680,305,1182,1197,288,726
2013: 1270,1350,1945,1868,1254,234,1708
2014: 1712,190,71,1518,1633,2020,304,431,1179